CodeElement, SuspiciousScore
org.apache.commons.math.optimization.general.LevenbergMarquardtOptimizer:determineLMParameter:607, 0.35355339059327373
org.apache.commons.math.optimization.general.LevenbergMarquardtOptimizer:determineLMParameter:608, 0.35355339059327373
org.apache.commons.math.optimization.general.LevenbergMarquardtOptimizer:doOptimize:381, 0.35355339059327373
org.apache.commons.math.optimization.general.LevenbergMarquardtOptimizer:determineLMParameter:600, 0.3333333333333333
org.apache.commons.math.optimization.general.LevenbergMarquardtOptimizer:determineLMParameter:599, 0.3333333333333333
org.apache.commons.math.optimization.general.LevenbergMarquardtOptimizer:determineLMParameter:598, 0.3333333333333333
org.apache.commons.math.optimization.general.LevenbergMarquardtOptimizer:determineLMParameter:602, 0.3333333333333333
org.apache.commons.math.optimization.general.LevenbergMarquardtOptimizer:determineLMParameter:605, 0.3333333333333333
org.apache.commons.math.optimization.general.LevenbergMarquardtOptimizer:determineLMParameter:510, 0.3333333333333333
org.apache.commons.math.optimization.general.LevenbergMarquardtOptimizer:determineLMParameter:593, 0.3333333333333333
org.apache.commons.math.optimization.general.LevenbergMarquardtOptimizer:determineLMParameter:594, 0.3333333333333333
org.apache.commons.math.optimization.general.LevenbergMarquardtOptimizer:determineLMParameter:589, 0.3333333333333333
org.apache.commons.math.optimization.general.LevenbergMarquardtOptimizer:determineLMParameter:525, 0.3333333333333333
org.apache.commons.math.optimization.general.LevenbergMarquardtOptimizer:determineLMParameter:597, 0.3333333333333333
org.apache.commons.math.optimization.general.LevenbergMarquardtOptimizer:determineLMParameter:516, 0.3333333333333333
org.apache.commons.math.optimization.general.LevenbergMarquardtOptimizer:determineLMParameter:517, 0.3333333333333333
org.apache.commons.math.optimization.general.LevenbergMarquardtOptimizer:determineLMParameter:518, 0.3333333333333333
org.apache.commons.math.optimization.general.LevenbergMarquardtOptimizer:determineLMParameter:519, 0.3333333333333333
org.apache.commons.math.optimization.general.LevenbergMarquardtOptimizer:determineLMParameter:521, 0.3333333333333333
org.apache.commons.math.optimization.general.LevenbergMarquardtOptimizer:determineLMParameter:522, 0.3333333333333333
org.apache.commons.math.optimization.general.LevenbergMarquardtOptimizer:determineLMParameter:515, 0.3333333333333333
org.apache.commons.math.optimization.general.LevenbergMarquardtOptimizer:determineLMParameter:523, 0.3333333333333333
org.apache.commons.math.optimization.general.LevenbergMarquardtOptimizer:determineLMParameter:592, 0.3333333333333333
org.apache.commons.math.optimization.general.LevenbergMarquardtOptimizer:determineLMParameter:590, 0.3333333333333333
org.apache.commons.math.optimization.general.LevenbergMarquardtOptimizer:determineLMParameter:591, 0.3333333333333333
org.apache.commons.math.optimization.general.LevenbergMarquardtOptimizer:determineLMParameter:612, 0.3333333333333333
org.apache.commons.math.optimization.general.LevenbergMarquardtOptimizer:determineLMParameter:585, 0.3333333333333333
org.apache.commons.math.optimization.general.LevenbergMarquardtOptimizer:determineLMParameter:511, 0.3333333333333333
org.apache.commons.math.optimization.general.LevenbergMarquardtOptimizer:determineLMParameter:512, 0.3333333333333333
org.apache.commons.math.optimization.general.LevenbergMarquardtOptimizer:determineLMParameter:514, 0.3333333333333333
org.apache.commons.math.optimization.general.LevenbergMarquardtOptimizer:determineLMParameter:586, 0.3333333333333333
org.apache.commons.math.optimization.general.LevenbergMarquardtOptimizer:determineLMParameter:587, 0.3333333333333333
org.apache.commons.math.optimization.general.LevenbergMarquardtOptimizer:determineLMParameter:579, 0.31622776601683794
org.apache.commons.math.optimization.general.LevenbergMarquardtOptimizer:determineLMParameter:537, 0.31622776601683794
org.apache.commons.math.optimization.general.LevenbergMarquardtOptimizer:determineLMParameter:536, 0.31622776601683794
org.apache.commons.math.optimization.general.LevenbergMarquardtOptimizer:determineLMParameter:530, 0.31622776601683794
org.apache.commons.math.optimization.general.LevenbergMarquardtOptimizer:determineLMDirection:715, 0.31622776601683794
org.apache.commons.math.optimization.general.LevenbergMarquardtOptimizer:determineLMDirection:714, 0.31622776601683794
org.apache.commons.math.optimization.general.LevenbergMarquardtOptimizer:determineLMDirection:661, 0.31622776601683794
org.apache.commons.math.optimization.general.LevenbergMarquardtOptimizer:determineLMDirection:666, 0.31622776601683794
org.apache.commons.math.optimization.general.LevenbergMarquardtOptimizer:determineLMDirection:667, 0.31622776601683794
org.apache.commons.math.optimization.general.LevenbergMarquardtOptimizer:determineLMDirection:735, 0.31622776601683794
org.apache.commons.math.optimization.general.LevenbergMarquardtOptimizer:determineLMParameter:533, 0.31622776601683794
org.apache.commons.math.optimization.general.LevenbergMarquardtOptimizer:determineLMParameter:534, 0.31622776601683794
org.apache.commons.math.optimization.general.LevenbergMarquardtOptimizer:determineLMDirection:652, 0.31622776601683794
org.apache.commons.math.optimization.general.LevenbergMarquardtOptimizer:determineLMDirection:707, 0.31622776601683794
org.apache.commons.math.optimization.general.LevenbergMarquardtOptimizer:determineLMDirection:708, 0.31622776601683794
org.apache.commons.math.optimization.general.LevenbergMarquardtOptimizer:determineLMDirection:736, 0.31622776601683794
org.apache.commons.math.optimization.general.LevenbergMarquardtOptimizer:determineLMParameter:575, 0.31622776601683794
org.apache.commons.math.optimization.general.LevenbergMarquardtOptimizer:determineLMParameter:574, 0.31622776601683794
org.apache.commons.math.optimization.general.LevenbergMarquardtOptimizer:determineLMParameter:573, 0.31622776601683794
org.apache.commons.math.optimization.general.LevenbergMarquardtOptimizer:determineLMDirection:716, 0.31622776601683794
org.apache.commons.math.optimization.general.LevenbergMarquardtOptimizer:doOptimize:403, 0.31622776601683794
org.apache.commons.math.optimization.general.LevenbergMarquardtOptimizer:determineLMDirection:656, 0.31622776601683794
org.apache.commons.math.optimization.general.LevenbergMarquardtOptimizer:determineLMDirection:657, 0.31622776601683794
org.apache.commons.math.optimization.general.LevenbergMarquardtOptimizer:determineLMDirection:658, 0.31622776601683794
org.apache.commons.math.optimization.general.LevenbergMarquardtOptimizer:determineLMParameter:508, 0.31622776601683794
org.apache.commons.math.optimization.general.LevenbergMarquardtOptimizer:determineLMParameter:509, 0.31622776601683794
org.apache.commons.math.optimization.general.LevenbergMarquardtOptimizer:determineLMDirection:739, 0.31622776601683794
org.apache.commons.math.optimization.general.LevenbergMarquardtOptimizer:doOptimize:404, 0.31622776601683794
org.apache.commons.math.optimization.general.LevenbergMarquardtOptimizer:doOptimize:405, 0.31622776601683794
org.apache.commons.math.optimization.general.LevenbergMarquardtOptimizer:determineLMParameter:541, 0.31622776601683794
org.apache.commons.math.optimization.general.LevenbergMarquardtOptimizer:determineLMParameter:540, 0.31622776601683794
org.apache.commons.math.optimization.general.LevenbergMarquardtOptimizer:determineLMParameter:539, 0.31622776601683794
org.apache.commons.math.optimization.general.LevenbergMarquardtOptimizer:doOptimize:402, 0.31622776601683794
org.apache.commons.math.optimization.general.LevenbergMarquardtOptimizer:determineLMDirection:659, 0.31622776601683794
org.apache.commons.math.optimization.general.LevenbergMarquardtOptimizer:determineLMParameter:529, 0.31622776601683794
org.apache.commons.math.optimization.general.LevenbergMarquardtOptimizer:determineLMParameter:567, 0.31622776601683794
org.apache.commons.math.optimization.general.LevenbergMarquardtOptimizer:determineLMParameter:566, 0.31622776601683794
org.apache.commons.math.optimization.general.LevenbergMarquardtOptimizer:determineLMParameter:564, 0.31622776601683794
org.apache.commons.math.optimization.general.LevenbergMarquardtOptimizer:determineLMParameter:562, 0.31622776601683794
org.apache.commons.math.optimization.general.LevenbergMarquardtOptimizer:determineLMParameter:561, 0.31622776601683794
org.apache.commons.math.optimization.general.LevenbergMarquardtOptimizer:determineLMParameter:560, 0.31622776601683794
org.apache.commons.math.optimization.general.LevenbergMarquardtOptimizer:doOptimize:408, 0.31622776601683794
org.apache.commons.math.optimization.general.LevenbergMarquardtOptimizer:doOptimize:409, 0.31622776601683794
org.apache.commons.math.optimization.general.LevenbergMarquardtOptimizer:doOptimize:407, 0.31622776601683794
org.apache.commons.math.optimization.general.LevenbergMarquardtOptimizer:determineLMDirection:645, 0.31622776601683794
org.apache.commons.math.optimization.general.LevenbergMarquardtOptimizer:determineLMDirection:644, 0.31622776601683794
org.apache.commons.math.optimization.general.LevenbergMarquardtOptimizer:determineLMParameter:532, 0.31622776601683794
org.apache.commons.math.optimization.general.LevenbergMarquardtOptimizer:determineLMParameter:531, 0.31622776601683794
org.apache.commons.math.optimization.general.LevenbergMarquardtOptimizer:determineLMParameter:571, 0.31622776601683794
org.apache.commons.math.optimization.general.LevenbergMarquardtOptimizer:determineLMParameter:570, 0.31622776601683794
org.apache.commons.math.optimization.general.LevenbergMarquardtOptimizer:determineLMParameter:569, 0.31622776601683794
org.apache.commons.math.optimization.general.LevenbergMarquardtOptimizer:determineLMParameter:568, 0.31622776601683794
org.apache.commons.math.optimization.general.LevenbergMarquardtOptimizer:determineLMDirection:719, 0.31622776601683794
org.apache.commons.math.optimization.general.LevenbergMarquardtOptimizer:determineLMDirection:647, 0.31622776601683794
org.apache.commons.math.optimization.general.LevenbergMarquardtOptimizer:determineLMDirection:648, 0.31622776601683794
org.apache.commons.math.optimization.general.LevenbergMarquardtOptimizer:determineLMDirection:642, 0.31622776601683794
org.apache.commons.math.optimization.general.LevenbergMarquardtOptimizer:determineLMDirection:677, 0.31622776601683794
org.apache.commons.math.optimization.general.LevenbergMarquardtOptimizer:determineLMDirection:676, 0.31622776601683794
org.apache.commons.math.optimization.general.LevenbergMarquardtOptimizer:determineLMDirection:643, 0.31622776601683794
org.apache.commons.math.optimization.general.LevenbergMarquardtOptimizer:determineLMDirection:668, 0.31622776601683794
org.apache.commons.math.optimization.general.LevenbergMarquardtOptimizer:determineLMDirection:672, 0.31622776601683794
org.apache.commons.math.optimization.general.LevenbergMarquardtOptimizer:determineLMParameter:556, 0.31622776601683794
org.apache.commons.math.optimization.general.LevenbergMarquardtOptimizer:determineLMDirection:723, 0.31622776601683794
org.apache.commons.math.optimization.general.LevenbergMarquardtOptimizer:determineLMDirection:684, 0.31622776601683794
org.apache.commons.math.optimization.general.LevenbergMarquardtOptimizer:determineLMDirection:683, 0.31622776601683794
org.apache.commons.math.optimization.general.LevenbergMarquardtOptimizer:determineLMDirection:682, 0.31622776601683794
org.apache.commons.math.optimization.general.LevenbergMarquardtOptimizer:determineLMDirection:724, 0.31622776601683794
org.apache.commons.math.optimization.general.LevenbergMarquardtOptimizer:determineLMDirection:725, 0.31622776601683794
org.apache.commons.math.optimization.general.LevenbergMarquardtOptimizer:determineLMDirection:726, 0.31622776601683794
org.apache.commons.math.optimization.general.LevenbergMarquardtOptimizer:determineLMDirection:727, 0.31622776601683794
org.apache.commons.math.optimization.general.LevenbergMarquardtOptimizer:determineLMDirection:679, 0.31622776601683794
org.apache.commons.math.optimization.general.LevenbergMarquardtOptimizer:determineLMDirection:678, 0.31622776601683794
org.apache.commons.math.optimization.general.LevenbergMarquardtOptimizer:determineLMDirection:681, 0.31622776601683794
org.apache.commons.math.optimization.general.LevenbergMarquardtOptimizer:determineLMDirection:680, 0.31622776601683794
org.apache.commons.math.optimization.general.LevenbergMarquardtOptimizer:determineLMParameter:559, 0.31622776601683794
org.apache.commons.math.optimization.general.LevenbergMarquardtOptimizer:determineLMParameter:553, 0.31622776601683794
org.apache.commons.math.optimization.general.LevenbergMarquardtOptimizer:determineLMDirection:695, 0.31622776601683794
org.apache.commons.math.optimization.general.LevenbergMarquardtOptimizer:determineLMDirection:728, 0.31622776601683794
org.apache.commons.math.optimization.general.LevenbergMarquardtOptimizer:determineLMParameter:548, 0.31622776601683794
org.apache.commons.math.optimization.general.LevenbergMarquardtOptimizer:determineLMParameter:549, 0.31622776601683794
org.apache.commons.math.optimization.general.LevenbergMarquardtOptimizer:determineLMDirection:692, 0.31622776601683794
org.apache.commons.math.optimization.general.LevenbergMarquardtOptimizer:determineLMDirection:690, 0.31622776601683794
org.apache.commons.math.optimization.general.LevenbergMarquardtOptimizer:determineLMDirection:691, 0.31622776601683794
org.apache.commons.math.optimization.general.LevenbergMarquardtOptimizer:determineLMDirection:689, 0.31622776601683794
org.apache.commons.math.optimization.general.LevenbergMarquardtOptimizer:determineLMParameter:581, 0.31622776601683794
org.apache.commons.math.optimization.general.LevenbergMarquardtOptimizer:determineLMDirection:730, 0.31622776601683794
org.apache.commons.math.optimization.general.LevenbergMarquardtOptimizer:determineLMDirection:698, 0.31622776601683794
org.apache.commons.math.optimization.general.LevenbergMarquardtOptimizer:determineLMDirection:699, 0.31622776601683794
org.apache.commons.math.optimization.general.LevenbergMarquardtOptimizer:determineLMDirection:696, 0.31622776601683794
org.apache.commons.math.optimization.general.LevenbergMarquardtOptimizer:determineLMDirection:697, 0.31622776601683794
org.apache.commons.math.optimization.general.LevenbergMarquardtOptimizer:doOptimize:378, 0.3086066999241838
org.apache.commons.math.optimization.general.LevenbergMarquardtOptimizer:doOptimize:380, 0.3086066999241838
org.apache.commons.math.optimization.general.LevenbergMarquardtOptimizer:doOptimize:383, 0.3086066999241838
org.apache.commons.math.optimization.general.LevenbergMarquardtOptimizer:doOptimize:384, 0.3086066999241838
org.apache.commons.math.optimization.general.LevenbergMarquardtOptimizer:doOptimize:419, 0.254000254000381
org.apache.commons.math.optimization.VectorialPointValuePair:getPointRef:77, 0.22941573387056174
org.apache.commons.math.optimization.general.LevenbergMarquardtOptimizer:qrDecomposition:832, 0.22941573387056174
org.apache.commons.math.optimization.general.LevenbergMarquardtOptimizer:qrDecomposition:830, 0.22941573387056174
org.apache.commons.math.optimization.general.LevenbergMarquardtOptimizer:determineLMParameter:483, 0.22645540682891913
org.apache.commons.math.optimization.general.LevenbergMarquardtOptimizer:qrDecomposition:820, 0.22086305214969307
org.apache.commons.math.optimization.general.LevenbergMarquardtOptimizer:qrDecomposition:819, 0.22086305214969307
org.apache.commons.math.optimization.general.LevenbergMarquardtOptimizer:determineLMParameter:500, 0.22086305214969307
org.apache.commons.math.optimization.general.LevenbergMarquardtOptimizer:determineLMParameter:501, 0.22086305214969307
org.apache.commons.math.optimization.general.LevenbergMarquardtOptimizer:qrDecomposition:818, 0.22086305214969307
org.apache.commons.math.optimization.general.LevenbergMarquardtOptimizer:qrDecomposition:823, 0.22086305214969307
org.apache.commons.math.optimization.general.LevenbergMarquardtOptimizer:qrDecomposition:822, 0.22086305214969307
org.apache.commons.math.optimization.general.LevenbergMarquardtOptimizer:qrDecomposition:824, 0.22086305214969307
org.apache.commons.math.optimization.general.LevenbergMarquardtOptimizer:doOptimize:399, 0.2182178902359924
org.apache.commons.math.optimization.general.LevenbergMarquardtOptimizer:doOptimize:315, 0.2182178902359924
org.apache.commons.math.optimization.general.LevenbergMarquardtOptimizer:doOptimize:317, 0.2182178902359924
org.apache.commons.math.optimization.general.LevenbergMarquardtOptimizer:doOptimize:316, 0.2182178902359924
org.apache.commons.math.optimization.general.LevenbergMarquardtOptimizer:determineLMParameter:497, 0.2182178902359924
org.apache.commons.math.optimization.general.LevenbergMarquardtOptimizer:determineLMParameter:498, 0.2182178902359924
org.apache.commons.math.optimization.general.LevenbergMarquardtOptimizer:determineLMParameter:499, 0.2182178902359924
org.apache.commons.math.optimization.general.LevenbergMarquardtOptimizer:determineLMParameter:474, 0.2182178902359924
org.apache.commons.math.optimization.general.LevenbergMarquardtOptimizer:determineLMParameter:473, 0.2182178902359924
org.apache.commons.math.optimization.general.LevenbergMarquardtOptimizer:doOptimize:282, 0.2182178902359924
org.apache.commons.math.optimization.general.LevenbergMarquardtOptimizer:doOptimize:364, 0.2182178902359924
org.apache.commons.math.optimization.general.LevenbergMarquardtOptimizer:doOptimize:365, 0.2182178902359924
org.apache.commons.math.optimization.general.LevenbergMarquardtOptimizer:doOptimize:440, 0.2182178902359924
org.apache.commons.math.optimization.general.LevenbergMarquardtOptimizer:doOptimize:395, 0.2182178902359924
org.apache.commons.math.optimization.general.LevenbergMarquardtOptimizer:doOptimize:397, 0.2182178902359924
org.apache.commons.math.optimization.general.LevenbergMarquardtOptimizer:doOptimize:396, 0.2182178902359924
org.apache.commons.math.optimization.general.LevenbergMarquardtOptimizer:doOptimize:442, 0.2182178902359924
org.apache.commons.math.optimization.general.LevenbergMarquardtOptimizer:doOptimize:374, 0.2182178902359924
org.apache.commons.math.optimization.general.LevenbergMarquardtOptimizer:doOptimize:367, 0.2182178902359924
org.apache.commons.math.optimization.general.LevenbergMarquardtOptimizer:doOptimize:369, 0.2182178902359924
org.apache.commons.math.optimization.general.LevenbergMarquardtOptimizer:doOptimize:368, 0.2182178902359924
org.apache.commons.math.optimization.general.LevenbergMarquardtOptimizer:doOptimize:371, 0.2182178902359924
org.apache.commons.math.optimization.general.LevenbergMarquardtOptimizer:doOptimize:370, 0.2182178902359924
org.apache.commons.math.optimization.general.LevenbergMarquardtOptimizer:doOptimize:288, 0.2182178902359924
org.apache.commons.math.optimization.general.LevenbergMarquardtOptimizer:doOptimize:287, 0.2182178902359924
org.apache.commons.math.optimization.general.LevenbergMarquardtOptimizer:qTy:840, 0.2182178902359924
org.apache.commons.math.optimization.general.LevenbergMarquardtOptimizer:doOptimize:377, 0.2182178902359924
org.apache.commons.math.optimization.general.LevenbergMarquardtOptimizer:doOptimize:363, 0.2182178902359924
org.apache.commons.math.optimization.general.LevenbergMarquardtOptimizer:doOptimize:289, 0.2182178902359924
org.apache.commons.math.optimization.general.LevenbergMarquardtOptimizer:doOptimize:434, 0.2182178902359924
org.apache.commons.math.optimization.general.LevenbergMarquardtOptimizer:doOptimize:312, 0.2182178902359924
org.apache.commons.math.optimization.general.LevenbergMarquardtOptimizer:qTy:843, 0.2182178902359924
org.apache.commons.math.optimization.general.LevenbergMarquardtOptimizer:determineLMParameter:485, 0.2182178902359924
org.apache.commons.math.optimization.general.LevenbergMarquardtOptimizer:determineLMParameter:479, 0.2182178902359924
org.apache.commons.math.optimization.general.LevenbergMarquardtOptimizer:doOptimize:415, 0.2182178902359924
org.apache.commons.math.optimization.general.LevenbergMarquardtOptimizer:doOptimize:359, 0.2182178902359924
org.apache.commons.math.optimization.general.LevenbergMarquardtOptimizer:doOptimize:360, 0.2182178902359924
org.apache.commons.math.optimization.general.LevenbergMarquardtOptimizer:doOptimize:275, 0.2182178902359924
org.apache.commons.math.optimization.general.LevenbergMarquardtOptimizer:doOptimize:270, 0.2182178902359924
org.apache.commons.math.optimization.general.LevenbergMarquardtOptimizer:doOptimize:277, 0.2182178902359924
org.apache.commons.math.optimization.general.LevenbergMarquardtOptimizer:doOptimize:276, 0.2182178902359924
org.apache.commons.math.optimization.general.LevenbergMarquardtOptimizer:qTy:842, 0.2182178902359924
org.apache.commons.math.optimization.general.LevenbergMarquardtOptimizer:qTy:841, 0.2182178902359924
org.apache.commons.math.optimization.general.LevenbergMarquardtOptimizer:doOptimize:307, 0.2182178902359924
org.apache.commons.math.optimization.general.LevenbergMarquardtOptimizer:doOptimize:308, 0.2182178902359924
org.apache.commons.math.optimization.general.LevenbergMarquardtOptimizer:determineLMParameter:491, 0.2182178902359924
org.apache.commons.math.optimization.general.LevenbergMarquardtOptimizer:determineLMParameter:490, 0.2182178902359924
org.apache.commons.math.optimization.general.LevenbergMarquardtOptimizer:doOptimize:355, 0.2182178902359924
org.apache.commons.math.optimization.general.LevenbergMarquardtOptimizer:doOptimize:279, 0.2182178902359924
org.apache.commons.math.optimization.general.LevenbergMarquardtOptimizer:qTy:846, 0.2182178902359924
org.apache.commons.math.optimization.general.LevenbergMarquardtOptimizer:qTy:847, 0.2182178902359924
org.apache.commons.math.optimization.general.LevenbergMarquardtOptimizer:doOptimize:356, 0.2182178902359924
org.apache.commons.math.optimization.general.LevenbergMarquardtOptimizer:doOptimize:357, 0.2182178902359924
org.apache.commons.math.optimization.general.LevenbergMarquardtOptimizer:doOptimize:358, 0.2182178902359924
org.apache.commons.math.optimization.general.LevenbergMarquardtOptimizer:qTy:844, 0.2182178902359924
org.apache.commons.math.optimization.general.LevenbergMarquardtOptimizer:determineLMParameter:493, 0.2182178902359924
org.apache.commons.math.optimization.general.LevenbergMarquardtOptimizer:determineLMParameter:492, 0.2182178902359924
org.apache.commons.math.optimization.general.LevenbergMarquardtOptimizer:determineLMParameter:495, 0.2182178902359924
org.apache.commons.math.optimization.general.LevenbergMarquardtOptimizer:determineLMParameter:494, 0.2182178902359924
org.apache.commons.math.optimization.general.LevenbergMarquardtOptimizer:determineLMParameter:482, 0.2182178902359924
org.apache.commons.math.optimization.general.LevenbergMarquardtOptimizer:doOptimize:265, 0.2182178902359924
org.apache.commons.math.optimization.general.LevenbergMarquardtOptimizer:qTy:848, 0.2182178902359924
org.apache.commons.math.optimization.general.LevenbergMarquardtOptimizer:doOptimize:269, 0.2182178902359924
org.apache.commons.math.optimization.general.LevenbergMarquardtOptimizer:doOptimize:385, 0.2182178902359924
org.apache.commons.math.optimization.general.LevenbergMarquardtOptimizer:doOptimize:301, 0.2182178902359924
org.apache.commons.math.optimization.general.LevenbergMarquardtOptimizer:doOptimize:272, 0.2182178902359924
org.apache.commons.math.optimization.general.LevenbergMarquardtOptimizer:doOptimize:271, 0.2182178902359924
org.apache.commons.math.optimization.general.LevenbergMarquardtOptimizer:doOptimize:348, 0.2182178902359924
org.apache.commons.math.optimization.general.LevenbergMarquardtOptimizer:doOptimize:347, 0.2182178902359924
org.apache.commons.math.optimization.general.LevenbergMarquardtOptimizer:doOptimize:344, 0.2182178902359924
org.apache.commons.math.optimization.general.LevenbergMarquardtOptimizer:doOptimize:340, 0.2182178902359924
org.apache.commons.math.optimization.general.LevenbergMarquardtOptimizer:qTy:851, 0.2182178902359924
org.apache.commons.math.optimization.general.LevenbergMarquardtOptimizer:determineLMParameter:481, 0.2182178902359924
org.apache.commons.math.optimization.general.LevenbergMarquardtOptimizer:determineLMParameter:480, 0.2182178902359924
org.apache.commons.math.optimization.general.LevenbergMarquardtOptimizer:doOptimize:297, 0.2182178902359924
org.apache.commons.math.optimization.general.LevenbergMarquardtOptimizer:doOptimize:424, 0.2182178902359924
org.apache.commons.math.optimization.general.LevenbergMarquardtOptimizer:doOptimize:350, 0.2182178902359924
org.apache.commons.math.optimization.general.LevenbergMarquardtOptimizer:doOptimize:349, 0.2182178902359924
org.apache.commons.math.optimization.general.LevenbergMarquardtOptimizer:doOptimize:294, 0.2182178902359924
org.apache.commons.math.optimization.general.LevenbergMarquardtOptimizer:doOptimize:295, 0.2182178902359924
org.apache.commons.math.optimization.general.LevenbergMarquardtOptimizer:doOptimize:387, 0.2182178902359924
org.apache.commons.math.optimization.general.LevenbergMarquardtOptimizer:doOptimize:386, 0.2182178902359924
org.apache.commons.math.optimization.general.LevenbergMarquardtOptimizer:doOptimize:334, 0.2182178902359924
org.apache.commons.math.optimization.general.LevenbergMarquardtOptimizer:doOptimize:332, 0.2182178902359924
org.apache.commons.math.optimization.general.LevenbergMarquardtOptimizer:doOptimize:333, 0.2182178902359924
org.apache.commons.math.optimization.general.LevenbergMarquardtOptimizer:doOptimize:330, 0.2182178902359924
org.apache.commons.math.optimization.general.LevenbergMarquardtOptimizer:doOptimize:331, 0.2182178902359924
org.apache.commons.math.optimization.general.LevenbergMarquardtOptimizer:doOptimize:329, 0.2182178902359924
org.apache.commons.math.optimization.general.LevenbergMarquardtOptimizer:doOptimize:391, 0.2182178902359924
org.apache.commons.math.optimization.general.LevenbergMarquardtOptimizer:doOptimize:339, 0.2182178902359924
org.apache.commons.math.optimization.general.LevenbergMarquardtOptimizer:doOptimize:336, 0.2182178902359924
org.apache.commons.math.optimization.general.LevenbergMarquardtOptimizer:doOptimize:293, 0.2182178902359924
org.apache.commons.math.optimization.general.LevenbergMarquardtOptimizer:determineLMParameter:476, 0.2182178902359924
org.apache.commons.math.optimization.general.LevenbergMarquardtOptimizer:doOptimize:394, 0.2182178902359924
org.apache.commons.math.optimization.general.LevenbergMarquardtOptimizer:doOptimize:393, 0.2182178902359924
org.apache.commons.math.optimization.general.LevenbergMarquardtOptimizer:doOptimize:325, 0.2182178902359924
org.apache.commons.math.optimization.general.LevenbergMarquardtOptimizer:doOptimize:322, 0.2182178902359924
org.apache.commons.math.optimization.general.LevenbergMarquardtOptimizer:doOptimize:320, 0.2182178902359924
org.apache.commons.math.optimization.general.LevenbergMarquardtOptimizer:doOptimize:321, 0.2182178902359924
org.apache.commons.math.optimization.general.LevenbergMarquardtOptimizer:doOptimize:319, 0.2182178902359924
org.apache.commons.math.optimization.general.LevenbergMarquardtOptimizer:doOptimize:328, 0.2182178902359924
org.apache.commons.math.optimization.general.LevenbergMarquardtOptimizer:doOptimize:429, 0.2182178902359924
org.apache.commons.math.optimization.general.LevenbergMarquardtOptimizer:doOptimize:290, 0.2182178902359924
org.apache.commons.math.optimization.general.LevenbergMarquardtOptimizer:doOptimize:291, 0.2182178902359924
org.apache.commons.math.optimization.general.LevenbergMarquardtOptimizer:doOptimize:292, 0.2182178902359924
org.apache.commons.math.optimization.general.LevenbergMarquardtOptimizer:doOptimize:262, 0.2182178902359924
org.apache.commons.math.optimization.general.LevenbergMarquardtOptimizer:doOptimize:261, 0.2182178902359924
org.apache.commons.math.optimization.general.LevenbergMarquardtOptimizer:qrDecomposition:782, 0.21566554640687682
org.apache.commons.math.optimization.general.LevenbergMarquardtOptimizer:<init>:171, 0.21566554640687682
org.apache.commons.math.optimization.general.LevenbergMarquardtOptimizer:<init>:169, 0.21566554640687682
org.apache.commons.math.optimization.general.LevenbergMarquardtOptimizer:<init>:168, 0.21566554640687682
org.apache.commons.math.optimization.general.LevenbergMarquardtOptimizer:<init>:163, 0.21566554640687682
org.apache.commons.math.optimization.general.LevenbergMarquardtOptimizer:<init>:160, 0.21566554640687682
org.apache.commons.math.optimization.general.LevenbergMarquardtOptimizer:<init>:167, 0.21566554640687682
org.apache.commons.math.optimization.general.LevenbergMarquardtOptimizer:<init>:166, 0.21566554640687682
org.apache.commons.math.optimization.general.LevenbergMarquardtOptimizer:qrDecomposition:783, 0.21566554640687682
org.apache.commons.math.optimization.general.LevenbergMarquardtOptimizer:qrDecomposition:784, 0.21566554640687682
org.apache.commons.math.optimization.general.LevenbergMarquardtOptimizer:qrDecomposition:817, 0.21566554640687682
org.apache.commons.math.optimization.general.LevenbergMarquardtOptimizer:setInitialStepBoundFactor:184, 0.21566554640687682
org.apache.commons.math.optimization.general.LevenbergMarquardtOptimizer:setInitialStepBoundFactor:183, 0.21566554640687682
org.apache.commons.math.optimization.general.LevenbergMarquardtOptimizer:qrDecomposition:786, 0.21566554640687682
org.apache.commons.math.optimization.general.LevenbergMarquardtOptimizer:qrDecomposition:785, 0.21566554640687682
org.apache.commons.math.optimization.general.LevenbergMarquardtOptimizer:qrDecomposition:813, 0.21566554640687682
org.apache.commons.math.optimization.general.LevenbergMarquardtOptimizer:qrDecomposition:814, 0.21566554640687682
org.apache.commons.math.optimization.general.LevenbergMarquardtOptimizer:qrDecomposition:808, 0.21566554640687682
org.apache.commons.math.optimization.general.LevenbergMarquardtOptimizer:qrDecomposition:809, 0.21566554640687682
org.apache.commons.math.optimization.general.LevenbergMarquardtOptimizer:qrDecomposition:810, 0.21566554640687682
org.apache.commons.math.optimization.general.LevenbergMarquardtOptimizer:setCostRelativeTolerance:193, 0.21566554640687682
org.apache.commons.math.optimization.general.LevenbergMarquardtOptimizer:setCostRelativeTolerance:194, 0.21566554640687682
org.apache.commons.math.optimization.general.LevenbergMarquardtOptimizer:qrDecomposition:773, 0.21566554640687682
org.apache.commons.math.optimization.general.LevenbergMarquardtOptimizer:qrDecomposition:766, 0.21566554640687682
org.apache.commons.math.optimization.general.LevenbergMarquardtOptimizer:qrDecomposition:777, 0.21566554640687682
org.apache.commons.math.optimization.general.LevenbergMarquardtOptimizer:setOrthoTolerance:215, 0.21566554640687682
org.apache.commons.math.optimization.general.LevenbergMarquardtOptimizer:setOrthoTolerance:216, 0.21566554640687682
org.apache.commons.math.optimization.general.LevenbergMarquardtOptimizer:qrDecomposition:804, 0.21566554640687682
org.apache.commons.math.optimization.general.LevenbergMarquardtOptimizer:qrDecomposition:807, 0.21566554640687682
org.apache.commons.math.optimization.general.LevenbergMarquardtOptimizer:qrDecomposition:802, 0.21566554640687682
org.apache.commons.math.optimization.general.LevenbergMarquardtOptimizer:qrDecomposition:803, 0.21566554640687682
org.apache.commons.math.optimization.general.LevenbergMarquardtOptimizer:qrDecomposition:780, 0.21566554640687682
org.apache.commons.math.optimization.general.LevenbergMarquardtOptimizer:qrDecomposition:781, 0.21566554640687682
org.apache.commons.math.optimization.general.AbstractLeastSquaresOptimizer:getRMS:240, 0.21566554640687682
org.apache.commons.math.optimization.general.LevenbergMarquardtOptimizer:qrDecomposition:767, 0.21566554640687682
org.apache.commons.math.optimization.general.LevenbergMarquardtOptimizer:qrDecomposition:768, 0.21566554640687682
org.apache.commons.math.optimization.general.LevenbergMarquardtOptimizer:qrDecomposition:769, 0.21566554640687682
org.apache.commons.math.optimization.general.LevenbergMarquardtOptimizer:qrDecomposition:798, 0.21566554640687682
org.apache.commons.math.optimization.general.AbstractLeastSquaresOptimizer:getRMS:239, 0.21566554640687682
org.apache.commons.math.optimization.general.AbstractLeastSquaresOptimizer:getRMS:244, 0.21566554640687682
org.apache.commons.math.optimization.general.LevenbergMarquardtOptimizer:qrDecomposition:770, 0.21566554640687682
org.apache.commons.math.optimization.general.LevenbergMarquardtOptimizer:qrDecomposition:771, 0.21566554640687682
org.apache.commons.math.optimization.general.LevenbergMarquardtOptimizer:setParRelativeTolerance:205, 0.21566554640687682
org.apache.commons.math.optimization.general.LevenbergMarquardtOptimizer:setParRelativeTolerance:204, 0.21566554640687682
org.apache.commons.math.optimization.general.AbstractLeastSquaresOptimizer:getRMS:242, 0.21566554640687682
org.apache.commons.math.optimization.general.AbstractLeastSquaresOptimizer:getRMS:241, 0.21566554640687682
org.apache.commons.math.optimization.general.LevenbergMarquardtOptimizer:qrDecomposition:795, 0.21566554640687682
org.apache.commons.math.optimization.general.LevenbergMarquardtOptimizer:qrDecomposition:794, 0.21566554640687682
org.apache.commons.math.optimization.general.LevenbergMarquardtOptimizer:qrDecomposition:793, 0.21566554640687682
org.apache.commons.math.optimization.general.LevenbergMarquardtOptimizer:doOptimize:239, 0.21566554640687682
org.apache.commons.math.optimization.general.LevenbergMarquardtOptimizer:doOptimize:238, 0.21566554640687682
org.apache.commons.math.optimization.general.LevenbergMarquardtOptimizer:doOptimize:237, 0.21566554640687682
org.apache.commons.math.optimization.general.LevenbergMarquardtOptimizer:doOptimize:236, 0.21566554640687682
org.apache.commons.math.optimization.general.LevenbergMarquardtOptimizer:doOptimize:235, 0.21566554640687682
org.apache.commons.math.optimization.general.LevenbergMarquardtOptimizer:doOptimize:234, 0.21566554640687682
org.apache.commons.math.optimization.general.LevenbergMarquardtOptimizer:doOptimize:233, 0.21566554640687682
org.apache.commons.math.optimization.general.LevenbergMarquardtOptimizer:doOptimize:232, 0.21566554640687682
org.apache.commons.math.optimization.general.LevenbergMarquardtOptimizer:doOptimize:229, 0.21566554640687682
org.apache.commons.math.optimization.general.LevenbergMarquardtOptimizer:doOptimize:228, 0.21566554640687682
org.apache.commons.math.optimization.general.LevenbergMarquardtOptimizer:doOptimize:227, 0.21566554640687682
org.apache.commons.math.optimization.general.LevenbergMarquardtOptimizer:doOptimize:226, 0.21566554640687682
org.apache.commons.math.optimization.general.LevenbergMarquardtOptimizer:doOptimize:225, 0.21566554640687682
org.apache.commons.math.optimization.general.LevenbergMarquardtOptimizer:doOptimize:224, 0.21566554640687682
org.apache.commons.math.optimization.general.LevenbergMarquardtOptimizer:doOptimize:246, 0.21566554640687682
org.apache.commons.math.optimization.general.LevenbergMarquardtOptimizer:doOptimize:245, 0.21566554640687682
org.apache.commons.math.optimization.general.LevenbergMarquardtOptimizer:doOptimize:242, 0.21566554640687682
org.apache.commons.math.optimization.general.LevenbergMarquardtOptimizer:doOptimize:256, 0.21566554640687682
org.apache.commons.math.optimization.general.LevenbergMarquardtOptimizer:doOptimize:252, 0.21566554640687682
org.apache.commons.math.optimization.general.LevenbergMarquardtOptimizer:doOptimize:253, 0.21566554640687682
org.apache.commons.math.optimization.general.LevenbergMarquardtOptimizer:doOptimize:260, 0.21566554640687682
org.apache.commons.math.optimization.general.LevenbergMarquardtOptimizer:doOptimize:249, 0.21566554640687682
org.apache.commons.math.optimization.general.LevenbergMarquardtOptimizer:qrDecomposition:788, 0.21566554640687682
org.apache.commons.math.optimization.general.LevenbergMarquardtOptimizer:determineLMParameter:606, 0.18257418583505536
org.apache.commons.math.optimization.VectorialPointValuePair:<init>:49, 0.1796053020267749
org.apache.commons.math.optimization.VectorialPointValuePair:<init>:48, 0.1796053020267749
org.apache.commons.math.optimization.VectorialPointValuePair:<init>:46, 0.1796053020267749
org.apache.commons.math.optimization.VectorialPointValuePair:<init>:47, 0.1796053020267749
org.apache.commons.math.optimization.general.AbstractLeastSquaresOptimizer:updateResidualsAndCost:220, 0.1781741612749496
org.apache.commons.math.optimization.general.AbstractLeastSquaresOptimizer:updateResidualsAndCost:221, 0.1781741612749496
org.apache.commons.math.optimization.general.AbstractLeastSquaresOptimizer:updateResidualsAndCost:222, 0.1781741612749496
org.apache.commons.math.optimization.general.AbstractLeastSquaresOptimizer:updateResidualsAndCost:218, 0.1781741612749496
org.apache.commons.math.optimization.general.AbstractLeastSquaresOptimizer:updateResidualsAndCost:219, 0.1781741612749496
org.apache.commons.math.optimization.general.AbstractLeastSquaresOptimizer:updateJacobian:193, 0.1781741612749496
org.apache.commons.math.optimization.general.AbstractLeastSquaresOptimizer:updateJacobian:192, 0.1781741612749496
org.apache.commons.math.optimization.general.AbstractLeastSquaresOptimizer:updateResidualsAndCost:226, 0.1781741612749496
org.apache.commons.math.optimization.general.AbstractLeastSquaresOptimizer:updateResidualsAndCost:224, 0.1781741612749496
org.apache.commons.math.optimization.general.AbstractLeastSquaresOptimizer:updateJacobian:190, 0.1781741612749496
org.apache.commons.math.optimization.general.AbstractLeastSquaresOptimizer:updateJacobian:191, 0.1781741612749496
org.apache.commons.math.optimization.general.AbstractLeastSquaresOptimizer:updateResidualsAndCost:216, 0.1781741612749496
org.apache.commons.math.optimization.general.AbstractLeastSquaresOptimizer:updateResidualsAndCost:217, 0.1781741612749496
org.apache.commons.math.optimization.general.AbstractLeastSquaresOptimizer:updateJacobian:189, 0.1781741612749496
org.apache.commons.math.optimization.general.AbstractLeastSquaresOptimizer:updateJacobian:184, 0.1781741612749496
org.apache.commons.math.optimization.general.AbstractLeastSquaresOptimizer:updateJacobian:185, 0.1781741612749496
org.apache.commons.math.optimization.general.AbstractLeastSquaresOptimizer:updateJacobian:183, 0.1781741612749496
org.apache.commons.math.optimization.general.AbstractLeastSquaresOptimizer:updateJacobian:196, 0.1781741612749496
org.apache.commons.math.optimization.general.AbstractLeastSquaresOptimizer:<init>:119, 0.17677669529663687
org.apache.commons.math.optimization.general.AbstractLeastSquaresOptimizer:<init>:118, 0.17677669529663687
org.apache.commons.math.optimization.general.AbstractLeastSquaresOptimizer:<init>:117, 0.17677669529663687
org.apache.commons.math.optimization.general.AbstractLeastSquaresOptimizer:<init>:116, 0.17677669529663687
org.apache.commons.math.optimization.general.AbstractLeastSquaresOptimizer:<init>:115, 0.17677669529663687
org.apache.commons.math.optimization.general.AbstractLeastSquaresOptimizer:optimize:343, 0.17677669529663687
org.apache.commons.math.optimization.general.AbstractLeastSquaresOptimizer:optimize:342, 0.17677669529663687
org.apache.commons.math.optimization.general.AbstractLeastSquaresOptimizer:optimize:341, 0.17677669529663687
org.apache.commons.math.optimization.general.AbstractLeastSquaresOptimizer:optimize:340, 0.17677669529663687
org.apache.commons.math.optimization.general.AbstractLeastSquaresOptimizer:optimize:337, 0.17677669529663687
org.apache.commons.math.optimization.general.AbstractLeastSquaresOptimizer:optimize:336, 0.17677669529663687
org.apache.commons.math.optimization.general.AbstractLeastSquaresOptimizer:optimize:350, 0.17677669529663687
org.apache.commons.math.optimization.general.AbstractLeastSquaresOptimizer:optimize:349, 0.17677669529663687
org.apache.commons.math.optimization.general.AbstractLeastSquaresOptimizer:optimize:348, 0.17677669529663687
org.apache.commons.math.optimization.general.AbstractLeastSquaresOptimizer:optimize:345, 0.17677669529663687
org.apache.commons.math.optimization.general.AbstractLeastSquaresOptimizer:optimize:344, 0.17677669529663687
org.apache.commons.math.optimization.general.AbstractLeastSquaresOptimizer:optimize:352, 0.17677669529663687
org.apache.commons.math.optimization.general.AbstractLeastSquaresOptimizer:optimize:354, 0.17677669529663687
org.apache.commons.math.optimization.general.AbstractLeastSquaresOptimizer:optimize:335, 0.17677669529663687
org.apache.commons.math.optimization.SimpleVectorialValueChecker:<init>:51, 0.17677669529663687
org.apache.commons.math.optimization.SimpleVectorialValueChecker:<init>:50, 0.17677669529663687
org.apache.commons.math.optimization.SimpleVectorialValueChecker:<init>:53, 0.17677669529663687
org.apache.commons.math.optimization.SimpleVectorialValueChecker:<init>:52, 0.17677669529663687
org.apache.commons.math.optimization.general.AbstractLeastSquaresOptimizer:updateResidualsAndCost:212, 0.17677669529663687
org.apache.commons.math.optimization.general.AbstractLeastSquaresOptimizer:updateResidualsAndCost:211, 0.17677669529663687
org.apache.commons.math.optimization.general.AbstractLeastSquaresOptimizer:setMaxIterations:124, 0.17677669529663687
org.apache.commons.math.optimization.general.AbstractLeastSquaresOptimizer:setMaxIterations:123, 0.17677669529663687
org.apache.commons.math.optimization.general.AbstractLeastSquaresOptimizer:setConvergenceChecker:158, 0.17677669529663687
org.apache.commons.math.optimization.general.AbstractLeastSquaresOptimizer:setConvergenceChecker:159, 0.17677669529663687
org.apache.commons.math.optimization.general.AbstractLeastSquaresOptimizer:optimize:329, 0.17677669529663687
org.apache.commons.math.optimization.general.AbstractLeastSquaresOptimizer:incrementIterationsCounter:175, 0.17677669529663687
org.apache.commons.math.optimization.general.AbstractLeastSquaresOptimizer:updateResidualsAndCost:207, 0.17677669529663687
org.apache.commons.math.optimization.general.AbstractLeastSquaresOptimizer:setMaxEvaluations:139, 0.17677669529663687
org.apache.commons.math.optimization.general.AbstractLeastSquaresOptimizer:setMaxEvaluations:138, 0.17677669529663687
org.apache.commons.math.optimization.general.AbstractLeastSquaresOptimizer:incrementIterationsCounter:172, 0.17677669529663687
org.apache.commons.math.MathException:getMessage:159, 0.0
org.apache.commons.math.MessagesResources_fr:<clinit>:31, 0.0
org.apache.commons.math.MathException:getMessage:153, 0.0
org.apache.commons.math.MathException:translate:123, 0.0
org.apache.commons.math.MathException:translate:117, 0.0
org.apache.commons.math.MessagesResources_fr:<init>:864, 0.0
org.apache.commons.math.MessagesResources_fr:<init>:865, 0.0
org.apache.commons.math.MessagesResources_fr:getContents:873, 0.0
org.apache.commons.math.ArgumentOutsideDomainException:<init>:41, 0.0
org.apache.commons.math.ArgumentOutsideDomainException:<init>:39, 0.0
org.apache.commons.math.FunctionEvaluationException:getArgument:154, 0.0
org.apache.commons.math.MathException:translate:110, 0.0
org.apache.commons.math.MathException:translate:112, 0.0
org.apache.commons.math.MathException:translate:114, 0.0
org.apache.commons.math.MathException:<init>:69, 0.0
org.apache.commons.math.MathException:<init>:70, 0.0
org.apache.commons.math.FunctionEvaluationException:<init>:76, 0.0
org.apache.commons.math.FunctionEvaluationException:<init>:74, 0.0
org.apache.commons.math.FunctionEvaluationException:<init>:75, 0.0
org.apache.commons.math.MathException:<init>:68, 0.0
org.apache.commons.math.MathException:<init>:67, 0.0
org.apache.commons.math.ConvergenceException:<init>:34, 0.0
org.apache.commons.math.ConvergenceException:<init>:35, 0.0
org.apache.commons.math.MathException:<init>:81, 0.0
org.apache.commons.math.MathException:<init>:80, 0.0
org.apache.commons.math.MathException:<init>:83, 0.0
org.apache.commons.math.MathException:<init>:82, 0.0
org.apache.commons.math.ConvergenceException:<init>:54, 0.0
org.apache.commons.math.ConvergenceException:<init>:53, 0.0
org.apache.commons.math.MathException:getPattern:133, 0.0
org.apache.commons.math.MathException:getArguments:142, 0.0
org.apache.commons.math.ConvergenceException:<init>:46, 0.0
org.apache.commons.math.ConvergenceException:<init>:45, 0.0
org.apache.commons.math.ConvergenceException:<init>:65, 0.0
org.apache.commons.math.ConvergenceException:<init>:66, 0.0
org.apache.commons.math.MathException:<init>:98, 0.0
org.apache.commons.math.MathException:<init>:99, 0.0
org.apache.commons.math.MathException:<init>:96, 0.0
org.apache.commons.math.MathException:<init>:97, 0.0
org.apache.commons.math.DuplicateSampleAbscissaException:<init>:39, 0.0
org.apache.commons.math.DuplicateSampleAbscissaException:<init>:37, 0.0
org.apache.commons.math.DuplicateSampleAbscissaException:getDuplicateAbscissa:46, 0.0
org.apache.commons.math.FunctionEvaluationException:<init>:50, 0.0
org.apache.commons.math.FunctionEvaluationException:<init>:49, 0.0
org.apache.commons.math.FunctionEvaluationException:<init>:48, 0.0
org.apache.commons.math.FunctionEvaluationException:<init>:102, 0.0
org.apache.commons.math.FunctionEvaluationException:<init>:100, 0.0
org.apache.commons.math.FunctionEvaluationException:<init>:101, 0.0
org.apache.commons.math.linear.RealVectorFormat:format:245, 0.0
org.apache.commons.math.util.CompositeFormat:formatDouble:217, 0.0
org.apache.commons.math.util.CompositeFormat:getDefaultNumberFormat:55, 0.0
org.apache.commons.math.util.CompositeFormat:getDefaultNumberFormat:54, 0.0
org.apache.commons.math.util.CompositeFormat:getDefaultNumberFormat:53, 0.0
org.apache.commons.math.linear.AbstractRealVector:<init>:35, 0.0
org.apache.commons.math.linear.AbstractRealVector:<init>:874, 0.0
org.apache.commons.math.linear.RealVectorFormat:format:214, 0.0
org.apache.commons.math.linear.RealVectorFormat:format:207, 0.0
org.apache.commons.math.linear.RealVectorFormat:format:208, 0.0
org.apache.commons.math.linear.RealVectorFormat:format:211, 0.0
org.apache.commons.math.FunctionEvaluationException:<init>:62, 0.0
org.apache.commons.math.FunctionEvaluationException:<init>:61, 0.0
org.apache.commons.math.FunctionEvaluationException:<init>:60, 0.0
org.apache.commons.math.linear.RealVectorFormat:format:215, 0.0
org.apache.commons.math.linear.RealVectorFormat:format:222, 0.0
org.apache.commons.math.linear.RealVectorFormat:format:224, 0.0
org.apache.commons.math.linear.ArrayRealVector:toString:1111, 0.0
org.apache.commons.math.linear.ArrayRealVector:<clinit>:41, 0.0
org.apache.commons.math.linear.ArrayRealVector:getEntry:995, 0.0
org.apache.commons.math.linear.RealVectorFormat:<init>:95, 0.0
org.apache.commons.math.linear.RealVectorFormat:<init>:94, 0.0
org.apache.commons.math.util.CompositeFormat:formatDouble:210, 0.0
org.apache.commons.math.util.CompositeFormat:formatDouble:215, 0.0
org.apache.commons.math.linear.ArrayRealVector:<init>:84, 0.0
org.apache.commons.math.linear.ArrayRealVector:<init>:83, 0.0
org.apache.commons.math.linear.ArrayRealVector:<init>:82, 0.0
org.apache.commons.math.linear.RealVectorFormat:format:216, 0.0
org.apache.commons.math.linear.RealVectorFormat:getInstance:173, 0.0
org.apache.commons.math.linear.RealVectorFormat:getInstance:182, 0.0
org.apache.commons.math.util.CompositeFormat:<init>:30, 0.0
org.apache.commons.math.linear.RealVectorFormat:format:218, 0.0
org.apache.commons.math.linear.RealVectorFormat:<init>:119, 0.0
org.apache.commons.math.linear.RealVectorFormat:<init>:118, 0.0
org.apache.commons.math.linear.RealVectorFormat:<init>:117, 0.0
org.apache.commons.math.linear.RealVectorFormat:<init>:125, 0.0
org.apache.commons.math.linear.RealVectorFormat:<init>:124, 0.0
org.apache.commons.math.linear.RealVectorFormat:<init>:123, 0.0
org.apache.commons.math.linear.RealVectorFormat:<init>:122, 0.0
org.apache.commons.math.linear.RealVectorFormat:<init>:121, 0.0
org.apache.commons.math.linear.RealVectorFormat:<init>:120, 0.0
org.apache.commons.math.linear.ArrayRealVector:getDimension:1000, 0.0
org.apache.commons.math.linear.RealVectorFormat:format:244, 0.0
org.apache.commons.math.FunctionEvaluationException:<init>:114, 0.0
org.apache.commons.math.FunctionEvaluationException:<init>:113, 0.0
org.apache.commons.math.FunctionEvaluationException:<init>:112, 0.0
org.apache.commons.math.FunctionEvaluationException:<init>:89, 0.0
org.apache.commons.math.FunctionEvaluationException:<init>:88, 0.0
org.apache.commons.math.FunctionEvaluationException:<init>:90, 0.0
org.apache.commons.math.FunctionEvaluationException:<init>:144, 0.0
org.apache.commons.math.FunctionEvaluationException:<init>:145, 0.0
org.apache.commons.math.FunctionEvaluationException:<init>:146, 0.0
org.apache.commons.math.FunctionEvaluationException:<init>:129, 0.0
org.apache.commons.math.FunctionEvaluationException:<init>:128, 0.0
org.apache.commons.math.FunctionEvaluationException:<init>:130, 0.0
org.apache.commons.math.MathException:<init>:58, 0.0
org.apache.commons.math.MathException:<init>:57, 0.0
org.apache.commons.math.MathException:<init>:56, 0.0
org.apache.commons.math.MathException:<init>:55, 0.0
org.apache.commons.math.MathConfigurationException:<init>:34, 0.0
org.apache.commons.math.MathConfigurationException:<init>:35, 0.0
org.apache.commons.math.MathConfigurationException:<init>:54, 0.0
org.apache.commons.math.MathConfigurationException:<init>:53, 0.0
org.apache.commons.math.MathConfigurationException:<init>:46, 0.0
org.apache.commons.math.MathConfigurationException:<init>:45, 0.0
org.apache.commons.math.MathConfigurationException:<init>:65, 0.0
org.apache.commons.math.MathConfigurationException:<init>:66, 0.0
org.apache.commons.math.MaxIterationsExceededException:getMaxIterations:64, 0.0
org.apache.commons.math.MaxIterationsExceededException:<init>:58, 0.0
org.apache.commons.math.MaxIterationsExceededException:<init>:57, 0.0
org.apache.commons.math.MaxIterationsExceededException:<init>:56, 0.0
org.apache.commons.math.MaxIterationsExceededException:<init>:43, 0.0
org.apache.commons.math.MaxIterationsExceededException:<init>:44, 0.0
org.apache.commons.math.MaxIterationsExceededException:<init>:45, 0.0
org.apache.commons.math.ode.events.EventState:getEventTime:282, 0.0
org.apache.commons.math.ode.nonstiff.AdaptiveStepsizeIntegrator:resetInternalState:315, 0.0
org.apache.commons.math.ode.nonstiff.AdaptiveStepsizeIntegrator:resetInternalState:317, 0.0
org.apache.commons.math.ode.nonstiff.AdaptiveStepsizeIntegrator:resetInternalState:316, 0.0
org.apache.commons.math.ode.nonstiff.AdamsNordsieckTransformer:<init>:169, 0.0
org.apache.commons.math.ode.nonstiff.AdamsNordsieckTransformer:<init>:167, 0.0
org.apache.commons.math.ode.sampling.NordsieckStepInterpolator:computeInterpolatedStateAndDerivatives:199, 0.0
org.apache.commons.math.ode.sampling.NordsieckStepInterpolator:computeInterpolatedStateAndDerivatives:198, 0.0
org.apache.commons.math.ode.sampling.NordsieckStepInterpolator:computeInterpolatedStateAndDerivatives:201, 0.0
org.apache.commons.math.ode.sampling.NordsieckStepInterpolator:computeInterpolatedStateAndDerivatives:200, 0.0
org.apache.commons.math.ode.nonstiff.DormandPrince853StepInterpolator:doFinalize:392, 0.0
org.apache.commons.math.linear.Array2DRowRealMatrix:<init>:151, 0.0
org.apache.commons.math.ode.nonstiff.AdamsBashforthIntegrator:integrate:333, 0.0
org.apache.commons.math.ode.nonstiff.AdamsBashforthIntegrator:integrate:339, 0.0
org.apache.commons.math.ode.nonstiff.AdamsBashforthIntegrator:integrate:338, 0.0
org.apache.commons.math.ode.nonstiff.AdamsBashforthIntegrator:integrate:337, 0.0
org.apache.commons.math.ode.nonstiff.AdamsBashforthIntegrator:integrate:336, 0.0
org.apache.commons.math.ode.nonstiff.DormandPrince853Integrator:estimateError:277, 0.0
org.apache.commons.math.ode.MultistepIntegrator$NordsieckInitializer:handleStep:341, 0.0
org.apache.commons.math.ode.MultistepIntegrator$NordsieckInitializer:handleStep:340, 0.0
org.apache.commons.math.ode.MultistepIntegrator$NordsieckInitializer:handleStep:339, 0.0
org.apache.commons.math.ode.AbstractIntegrator:requiresDenseOutput:124, 0.0
org.apache.commons.math.ode.AbstractIntegrator:requiresDenseOutput:123, 0.0
org.apache.commons.math.ode.nonstiff.AdaptiveStepsizeIntegrator:initializeStep:229, 0.0
org.apache.commons.math.fraction.BigFraction:<init>:148, 0.0
org.apache.commons.math.fraction.BigFraction:<init>:149, 0.0
org.apache.commons.math.analysis.solvers.BrentSolver:solve:264, 0.0
org.apache.commons.math.ode.events.CombinedEventsManager:evaluateStep:153, 0.0
org.apache.commons.math.ode.nonstiff.DormandPrince853StepInterpolator:reinitialize:301, 0.0
org.apache.commons.math.ode.nonstiff.DormandPrince853StepInterpolator:reinitialize:303, 0.0
org.apache.commons.math.fraction.BigFraction:multiply:903, 0.0
org.apache.commons.math.ode.nonstiff.AdamsBashforthIntegrator:integrate:231, 0.0
org.apache.commons.math.ode.nonstiff.AdamsBashforthIntegrator:integrate:229, 0.0
org.apache.commons.math.ode.nonstiff.AdamsBashforthIntegrator:integrate:232, 0.0
org.apache.commons.math.linear.FieldLUDecompositionImpl$Solver:solve:291, 0.0
org.apache.commons.math.linear.FieldLUDecompositionImpl$Solver:solve:292, 0.0
org.apache.commons.math.linear.FieldLUDecompositionImpl$Solver:solve:293, 0.0
org.apache.commons.math.ode.sampling.NordsieckStepInterpolator:computeInterpolatedStateAndDerivatives:197, 0.0
org.apache.commons.math.linear.FieldLUDecompositionImpl$Solver:solve:383, 0.0
org.apache.commons.math.linear.FieldLUDecompositionImpl$Solver:solve:384, 0.0
org.apache.commons.math.linear.FieldLUDecompositionImpl:<init>:72, 0.0
org.apache.commons.math.linear.FieldLUDecompositionImpl:<init>:74, 0.0
org.apache.commons.math.ode.nonstiff.AdamsBashforthIntegrator:integrate:238, 0.0
org.apache.commons.math.ode.nonstiff.AdamsBashforthIntegrator:integrate:237, 0.0
org.apache.commons.math.ode.nonstiff.AdamsBashforthIntegrator:integrate:234, 0.0
org.apache.commons.math.ode.nonstiff.DormandPrince853StepInterpolator:doFinalize:394, 0.0
org.apache.commons.math.ode.nonstiff.AdamsNordsieckTransformer:<init>:171, 0.0
org.apache.commons.math.ode.nonstiff.AdamsNordsieckTransformer:<init>:184, 0.0
org.apache.commons.math.ode.nonstiff.AdamsNordsieckTransformer:<init>:190, 0.0
org.apache.commons.math.ode.nonstiff.AdamsNordsieckTransformer:<init>:191, 0.0
org.apache.commons.math.ode.nonstiff.AdamsNordsieckTransformer:<init>:173, 0.0
org.apache.commons.math.ode.nonstiff.AdamsNordsieckTransformer:<init>:188, 0.0
org.apache.commons.math.ode.nonstiff.AdamsNordsieckTransformer:<init>:172, 0.0
org.apache.commons.math.ode.nonstiff.AdamsNordsieckTransformer:<init>:189, 0.0
org.apache.commons.math.ode.nonstiff.AdamsNordsieckTransformer:<init>:177, 0.0
org.apache.commons.math.linear.FieldLUDecompositionImpl:<init>:145, 0.0
org.apache.commons.math.linear.FieldLUDecompositionImpl:<init>:146, 0.0
org.apache.commons.math.ode.AbstractIntegrator:requiresDenseOutput:125, 0.0
org.apache.commons.math.ode.nonstiff.AdamsNordsieckTransformer:buildP:250, 0.0
org.apache.commons.math.fraction.BigFraction:<init>:153, 0.0
org.apache.commons.math.fraction.BigFraction:<init>:154, 0.0
org.apache.commons.math.ode.nonstiff.AdaptiveStepsizeIntegrator:getCurrentStepStart:310, 0.0
org.apache.commons.math.linear.Array2DRowRealMatrix:getRowDimension:420, 0.0
org.apache.commons.math.ode.nonstiff.AdaptiveStepsizeIntegrator:initializeStep:228, 0.0
org.apache.commons.math.ode.nonstiff.AdaptiveStepsizeIntegrator:initializeStep:226, 0.0
org.apache.commons.math.analysis.solvers.BrentSolver:solve:265, 0.0
org.apache.commons.math.ode.events.CombinedEventsManager:evaluateStep:152, 0.0
org.apache.commons.math.ode.events.CombinedEventsManager:evaluateStep:150, 0.0
org.apache.commons.math.ode.nonstiff.RungeKuttaStepInterpolator:<init>:81, 0.0
org.apache.commons.math.ode.nonstiff.RungeKuttaStepInterpolator:<init>:83, 0.0
org.apache.commons.math.ode.sampling.NordsieckStepInterpolator:computeInterpolatedStateAndDerivatives:196, 0.0
org.apache.commons.math.ode.sampling.NordsieckStepInterpolator:computeInterpolatedStateAndDerivatives:192, 0.0
org.apache.commons.math.ode.sampling.NordsieckStepInterpolator:computeInterpolatedStateAndDerivatives:191, 0.0
org.apache.commons.math.ode.sampling.NordsieckStepInterpolator:computeInterpolatedStateAndDerivatives:188, 0.0
org.apache.commons.math.ode.sampling.NordsieckStepInterpolator:computeInterpolatedStateAndDerivatives:189, 0.0
org.apache.commons.math.linear.DefaultFieldMatrixPreservingVisitor:end:58, 0.0
org.apache.commons.math.linear.Array2DRowRealMatrix:<init>:146, 0.0
org.apache.commons.math.linear.Array2DRowRealMatrix:<init>:147, 0.0
org.apache.commons.math.ode.nonstiff.DormandPrince853StepInterpolator:reinitialize:297, 0.0
org.apache.commons.math.ode.nonstiff.DormandPrince853StepInterpolator:reinitialize:298, 0.0
org.apache.commons.math.ode.events.EventState:evaluateStep:212, 0.0
org.apache.commons.math.ode.nonstiff.AdaptiveStepsizeIntegrator:getMaxStep:330, 0.0
org.apache.commons.math.ode.nonstiff.DormandPrince853StepInterpolator:computeInterpolatedStateAndDerivatives:385, 0.0
org.apache.commons.math.linear.Array2DRowRealMatrix:<init>:152, 0.0
org.apache.commons.math.ode.sampling.NordsieckStepInterpolator:computeInterpolatedStateAndDerivatives:204, 0.0
org.apache.commons.math.ode.sampling.NordsieckStepInterpolator:computeInterpolatedStateAndDerivatives:203, 0.0
org.apache.commons.math.ode.sampling.NordsieckStepInterpolator:computeInterpolatedStateAndDerivatives:202, 0.0
org.apache.commons.math.analysis.solvers.BrentSolver:solve:267, 0.0
org.apache.commons.math.analysis.solvers.BrentSolver:solve:272, 0.0
org.apache.commons.math.analysis.solvers.BrentSolver:solve:270, 0.0
org.apache.commons.math.analysis.solvers.BrentSolver:solve:271, 0.0
org.apache.commons.math.analysis.solvers.BrentSolver:solve:268, 0.0
org.apache.commons.math.analysis.solvers.BrentSolver:solve:269, 0.0
org.apache.commons.math.fraction.BigFraction:<init>:143, 0.0
org.apache.commons.math.fraction.BigFraction:<init>:142, 0.0
org.apache.commons.math.ode.events.EventState:stop:315, 0.0
org.apache.commons.math.ode.nonstiff.AdamsNordsieckTransformer:buildP:239, 0.0
org.apache.commons.math.ode.nonstiff.AdaptiveStepsizeIntegrator:initializeStep:233, 0.0
org.apache.commons.math.ode.MultistepIntegrator$NordsieckInitializer:handleStep:342, 0.0
org.apache.commons.math.ode.events.EventState:<init>:102, 0.0
org.apache.commons.math.ode.events.EventState:<init>:103, 0.0
org.apache.commons.math.ode.events.EventState:<init>:98, 0.0
org.apache.commons.math.ode.events.EventState:<init>:99, 0.0
org.apache.commons.math.ode.events.EventState:<init>:96, 0.0
org.apache.commons.math.ode.events.EventState:<init>:97, 0.0
org.apache.commons.math.ode.events.EventState:<init>:111, 0.0
org.apache.commons.math.ode.events.EventState:<init>:108, 0.0
org.apache.commons.math.ode.events.EventState:<init>:109, 0.0
org.apache.commons.math.ode.events.EventState:<init>:106, 0.0
org.apache.commons.math.ode.events.EventState:<init>:107, 0.0
org.apache.commons.math.ode.events.EventState:<init>:104, 0.0
org.apache.commons.math.ode.events.EventState:<init>:105, 0.0
org.apache.commons.math.ode.events.EventState:<init>:95, 0.0
org.apache.commons.math.ode.sampling.NordsieckStepInterpolator:rescale:151, 0.0
org.apache.commons.math.linear.FieldLUDecompositionImpl$Solver:solve:389, 0.0
org.apache.commons.math.fraction.BigFraction:multiply:905, 0.0
org.apache.commons.math.ode.AbstractIntegrator$EndTimeChecker:g:267, 0.0
org.apache.commons.math.ode.nonstiff.AdamsBashforthIntegrator:integrate:222, 0.0
org.apache.commons.math.ode.nonstiff.AdamsBashforthIntegrator:integrate:223, 0.0
org.apache.commons.math.ode.nonstiff.AdamsBashforthIntegrator:integrate:216, 0.0
org.apache.commons.math.ode.nonstiff.AdamsBashforthIntegrator:integrate:217, 0.0
org.apache.commons.math.ode.nonstiff.AdamsBashforthIntegrator:integrate:218, 0.0
org.apache.commons.math.ode.nonstiff.AdamsBashforthIntegrator:integrate:219, 0.0
org.apache.commons.math.ode.nonstiff.AdamsBashforthIntegrator:integrate:213, 0.0
org.apache.commons.math.ode.nonstiff.AdamsBashforthIntegrator:integrate:225, 0.0
org.apache.commons.math.linear.FieldLUDecompositionImpl$Solver:solve:294, 0.0
org.apache.commons.math.ode.events.EventState$1:value:217, 0.0
org.apache.commons.math.ode.events.EventState$1:value:218, 0.0
org.apache.commons.math.ode.AbstractIntegrator$EndTimeChecker:eventOccurred:262, 0.0
org.apache.commons.math.analysis.solvers.BrentSolver:solve:347, 0.0
org.apache.commons.math.analysis.solvers.BrentSolver:solve:346, 0.0
org.apache.commons.math.fraction.BigFraction:<init>:147, 0.0
org.apache.commons.math.analysis.solvers.BrentSolver:solve:274, 0.0
org.apache.commons.math.ode.nonstiff.AdamsNordsieckTransformer:updateHighOrderDerivativesPhase1:283, 0.0
org.apache.commons.math.ode.nonstiff.AdaptiveStepsizeIntegrator:<init>:102, 0.0
org.apache.commons.math.ode.nonstiff.AdaptiveStepsizeIntegrator:<init>:100, 0.0
org.apache.commons.math.ode.nonstiff.AdaptiveStepsizeIntegrator:<init>:101, 0.0
org.apache.commons.math.ode.nonstiff.AdaptiveStepsizeIntegrator:<init>:99, 0.0
org.apache.commons.math.ode.nonstiff.AdaptiveStepsizeIntegrator:<init>:96, 0.0
org.apache.commons.math.ode.nonstiff.AdaptiveStepsizeIntegrator:<init>:97, 0.0
org.apache.commons.math.ode.nonstiff.AdaptiveStepsizeIntegrator:<init>:93, 0.0
org.apache.commons.math.ode.nonstiff.AdaptiveStepsizeIntegrator:<init>:95, 0.0
org.apache.commons.math.ode.nonstiff.AdaptiveStepsizeIntegrator:<init>:106, 0.0
org.apache.commons.math.ode.nonstiff.AdaptiveStepsizeIntegrator:<init>:104, 0.0
org.apache.commons.math.ode.nonstiff.AdamsNordsieckTransformer:buildP:246, 0.0
org.apache.commons.math.ode.nonstiff.AdamsNordsieckTransformer:buildP:244, 0.0
org.apache.commons.math.ode.nonstiff.AdamsNordsieckTransformer:buildP:245, 0.0
org.apache.commons.math.ode.nonstiff.AdamsNordsieckTransformer:<init>:192, 0.0
org.apache.commons.math.linear.FieldLUDecompositionImpl:<init>:147, 0.0
org.apache.commons.math.linear.FieldLUDecompositionImpl:<init>:148, 0.0
org.apache.commons.math.fraction.BigFraction:reciprocal:1015, 0.0
org.apache.commons.math.ode.MultistepIntegrator$NordsieckInitializer:handleStep:338, 0.0
org.apache.commons.math.ode.MultistepIntegrator$NordsieckInitializer:handleStep:344, 0.0
org.apache.commons.math.ode.nonstiff.EmbeddedRungeKuttaIntegrator:integrate:255, 0.0
org.apache.commons.math.ode.nonstiff.EmbeddedRungeKuttaIntegrator:integrate:257, 0.0
org.apache.commons.math.ode.nonstiff.DormandPrince853StepInterpolator:reinitialize:296, 0.0
org.apache.commons.math.linear.FieldLUDecompositionImpl$Solver:solve:290, 0.0
org.apache.commons.math.linear.FieldLUDecompositionImpl$Solver:solve:380, 0.0
org.apache.commons.math.fraction.BigFraction:multiply:907, 0.0
org.apache.commons.math.ode.sampling.NordsieckStepInterpolator:rescale:161, 0.0
org.apache.commons.math.ode.sampling.NordsieckStepInterpolator:rescale:159, 0.0
org.apache.commons.math.ode.nonstiff.AdaptiveStepsizeIntegrator:sanityChecks:187, 0.0
org.apache.commons.math.analysis.solvers.UnivariateRealSolverImpl:verifyInterval:208, 0.0
org.apache.commons.math.ConvergingAlgorithmImpl:setAbsoluteAccuracy:78, 0.0
org.apache.commons.math.ConvergingAlgorithmImpl:setAbsoluteAccuracy:79, 0.0
org.apache.commons.math.ode.nonstiff.AdamsBashforthIntegrator:integrate:226, 0.0
org.apache.commons.math.ode.nonstiff.AdamsNordsieckTransformer:<init>:195, 0.0
org.apache.commons.math.ode.nonstiff.DormandPrince853StepInterpolator:<init>:247, 0.0
org.apache.commons.math.ode.nonstiff.DormandPrince853StepInterpolator:<init>:245, 0.0
org.apache.commons.math.ode.nonstiff.AdaptiveStepsizeIntegrator:initializeStep:239, 0.0
org.apache.commons.math.ode.nonstiff.AdaptiveStepsizeIntegrator:initializeStep:236, 0.0
org.apache.commons.math.ode.nonstiff.AdaptiveStepsizeIntegrator:initializeStep:240, 0.0
org.apache.commons.math.ode.MultistepIntegrator$NordsieckInitializer:handleStep:332, 0.0
org.apache.commons.math.linear.Array2DRowFieldMatrix:getColumnDimension:418, 0.0
org.apache.commons.math.ode.nonstiff.DormandPrince853Integrator:getOrder:241, 0.0
org.apache.commons.math.analysis.solvers.BrentSolver:solve:279, 0.0
org.apache.commons.math.analysis.solvers.BrentSolver:solve:278, 0.0
org.apache.commons.math.fraction.BigFraction:<init>:136, 0.0
org.apache.commons.math.fraction.BigFraction:<init>:135, 0.0
org.apache.commons.math.ode.nonstiff.DormandPrince853StepInterpolator:doFinalize:402, 0.0
org.apache.commons.math.ode.nonstiff.DormandPrince853StepInterpolator:doFinalize:401, 0.0
org.apache.commons.math.ode.nonstiff.DormandPrince853StepInterpolator:doFinalize:405, 0.0
org.apache.commons.math.linear.MatrixUtils$BigFractionMatrixConverter:getConvertedMatrix:741, 0.0
org.apache.commons.math.linear.FieldLUDecompositionImpl$Solver:solve:285, 0.0
org.apache.commons.math.linear.FieldLUDecompositionImpl$Solver:solve:284, 0.0
org.apache.commons.math.linear.Array2DRowFieldMatrix:getRowDimension:412, 0.0
org.apache.commons.math.ode.nonstiff.AdamsNordsieckTransformer$1:visit:181, 0.0
org.apache.commons.math.ode.nonstiff.AdaptiveStepsizeIntegrator:filterStep:281, 0.0
org.apache.commons.math.ode.nonstiff.AdaptiveStepsizeIntegrator:filterStep:280, 0.0
org.apache.commons.math.linear.FieldLUDecompositionImpl$Solver:solve:375, 0.0
org.apache.commons.math.linear.FieldLUDecompositionImpl$Solver:solve:379, 0.0
org.apache.commons.math.ode.nonstiff.EmbeddedRungeKuttaIntegrator:integrate:247, 0.0
org.apache.commons.math.ode.MultistepIntegrator:computeStepGrowShrinkFactor:293, 0.0
org.apache.commons.math.ode.events.CombinedEventsManager:stepAccepted:202, 0.0
org.apache.commons.math.ode.nonstiff.DormandPrince853StepInterpolator:reinitialize:292, 0.0
org.apache.commons.math.ode.nonstiff.DormandPrince853StepInterpolator:reinitialize:293, 0.0
org.apache.commons.math.ode.nonstiff.AdamsBashforthIntegrator:integrate:210, 0.0
org.apache.commons.math.linear.Array2DRowFieldMatrix:<init>:150, 0.0
org.apache.commons.math.linear.Array2DRowFieldMatrix:setEntry:382, 0.0
org.apache.commons.math.linear.Array2DRowFieldMatrix:setEntry:378, 0.0
org.apache.commons.math.linear.AbstractFieldMatrix:buildArray:128, 0.0
org.apache.commons.math.analysis.solvers.UnivariateRealSolverImpl:setResult:144, 0.0
org.apache.commons.math.analysis.solvers.UnivariateRealSolverImpl:setResult:141, 0.0
org.apache.commons.math.analysis.solvers.UnivariateRealSolverImpl:setResult:143, 0.0
org.apache.commons.math.analysis.solvers.UnivariateRealSolverImpl:setResult:142, 0.0
org.apache.commons.math.ode.nonstiff.AdamsNordsieckTransformer:buildP:242, 0.0
org.apache.commons.math.ode.nonstiff.AdamsNordsieckTransformer:buildP:243, 0.0
org.apache.commons.math.ode.nonstiff.AdamsNordsieckTransformer:buildP:241, 0.0
org.apache.commons.math.ode.AbstractIntegrator:clearEventHandlers:117, 0.0
org.apache.commons.math.ode.AbstractIntegrator:clearEventHandlers:116, 0.0
org.apache.commons.math.ode.MultistepIntegrator$NordsieckInitializer:handleStep:333, 0.0
org.apache.commons.math.ode.nonstiff.AdaptiveStepsizeIntegrator:initializeStep:234, 0.0
org.apache.commons.math.analysis.solvers.BrentSolver:solve:282, 0.0
org.apache.commons.math.analysis.solvers.BrentSolver:solve:281, 0.0
org.apache.commons.math.analysis.solvers.BrentSolver:solve:284, 0.0
org.apache.commons.math.fraction.BigFraction:<init>:141, 0.0
org.apache.commons.math.fraction.BigFraction:<init>:140, 0.0
org.apache.commons.math.ode.events.CombinedEventsManager:stepAccepted:203, 0.0
org.apache.commons.math.ode.nonstiff.DormandPrince853StepInterpolator:doFinalize:410, 0.0
org.apache.commons.math.ode.nonstiff.DormandPrince853StepInterpolator:doFinalize:407, 0.0
org.apache.commons.math.ode.MultistepIntegrator$NordsieckInitializer:reset:361, 0.0
org.apache.commons.math.ode.nonstiff.DormandPrince853Integrator:estimateError:266, 0.0
org.apache.commons.math.ode.nonstiff.DormandPrince853Integrator:estimateError:267, 0.0
org.apache.commons.math.ode.nonstiff.DormandPrince853Integrator:estimateError:252, 0.0
org.apache.commons.math.ode.nonstiff.DormandPrince853Integrator:estimateError:263, 0.0
org.apache.commons.math.ode.nonstiff.DormandPrince853Integrator:estimateError:268, 0.0
org.apache.commons.math.ode.nonstiff.DormandPrince853Integrator:estimateError:269, 0.0
org.apache.commons.math.linear.FieldLUDecompositionImpl$Solver:solve:282, 0.0
org.apache.commons.math.ode.nonstiff.AdamsBashforthIntegrator:integrate:211, 0.0
org.apache.commons.math.ode.MultistepIntegrator$NordsieckInitializer:handleStep:337, 0.0
org.apache.commons.math.ode.nonstiff.DormandPrince853StepInterpolator:doFinalize:398, 0.0
org.apache.commons.math.ode.nonstiff.AdaptiveStepsizeIntegrator:initializeStep:242, 0.0
org.apache.commons.math.ode.nonstiff.AdaptiveStepsizeIntegrator:initializeStep:241, 0.0
org.apache.commons.math.ode.nonstiff.DormandPrince853Integrator:estimateError:273, 0.0
org.apache.commons.math.ode.nonstiff.DormandPrince853Integrator:estimateError:272, 0.0
org.apache.commons.math.linear.Array2DRowRealMatrix:<init>:159, 0.0
org.apache.commons.math.linear.AbstractFieldMatrix:walkInOptimizedOrder:914, 0.0
org.apache.commons.math.ode.nonstiff.AdamsBashforthIntegrator:integrate:198, 0.0
org.apache.commons.math.linear.FieldLUDecompositionImpl$Solver:solve:381, 0.0
org.apache.commons.math.linear.FieldLUDecompositionImpl$Solver:solve:382, 0.0
org.apache.commons.math.ode.events.EventState:reset:331, 0.0
org.apache.commons.math.linear.AbstractFieldMatrix:buildArray:132, 0.0
org.apache.commons.math.linear.AbstractFieldMatrix:buildArray:134, 0.0
org.apache.commons.math.ode.nonstiff.EmbeddedRungeKuttaIntegrator:integrate:248, 0.0
org.apache.commons.math.ode.nonstiff.AdamsBashforthIntegrator:integrate:341, 0.0
org.apache.commons.math.ode.nonstiff.AdamsBashforthIntegrator:integrate:340, 0.0
org.apache.commons.math.linear.Array2DRowFieldMatrix:<init>:142, 0.0
org.apache.commons.math.ode.sampling.AbstractStepInterpolator:copy:193, 0.0
org.apache.commons.math.ode.sampling.AbstractStepInterpolator:copy:190, 0.0
org.apache.commons.math.ode.nonstiff.DormandPrince853StepInterpolator:reinitialize:289, 0.0
org.apache.commons.math.ode.nonstiff.DormandPrince853StepInterpolator:reinitialize:291, 0.0
org.apache.commons.math.ode.nonstiff.DormandPrince853StepInterpolator:reinitialize:287, 0.0
org.apache.commons.math.linear.Array2DRowRealMatrix:getDataRef:328, 0.0
org.apache.commons.math.ode.AbstractIntegrator:addStepHandler:87, 0.0
org.apache.commons.math.ode.AbstractIntegrator:addStepHandler:88, 0.0
org.apache.commons.math.ode.nonstiff.DormandPrince853StepInterpolator:<init>:250, 0.0
org.apache.commons.math.ode.nonstiff.DormandPrince853StepInterpolator:<init>:251, 0.0
org.apache.commons.math.ode.nonstiff.DormandPrince853StepInterpolator:<init>:249, 0.0
org.apache.commons.math.analysis.solvers.BrentSolver:solve:288, 0.0
org.apache.commons.math.ode.nonstiff.AdamsNordsieckTransformer:buildP:237, 0.0
org.apache.commons.math.ode.sampling.AbstractStepInterpolator:getInterpolatedDerivatives:294, 0.0
org.apache.commons.math.linear.Array2DRowRealMatrix:<init>:157, 0.0
org.apache.commons.math.fraction.BigFraction:<init>:134, 0.0
org.apache.commons.math.ode.nonstiff.AdamsBashforthIntegrator:integrate:205, 0.0
org.apache.commons.math.ode.nonstiff.AdamsBashforthIntegrator:integrate:204, 0.0
org.apache.commons.math.ode.nonstiff.AdamsBashforthIntegrator:integrate:207, 0.0
org.apache.commons.math.ode.nonstiff.AdamsBashforthIntegrator:integrate:206, 0.0
org.apache.commons.math.ode.nonstiff.AdamsBashforthIntegrator:integrate:201, 0.0
org.apache.commons.math.ode.nonstiff.AdamsBashforthIntegrator:integrate:200, 0.0
org.apache.commons.math.fraction.BigFraction:reduce:1027, 0.0
org.apache.commons.math.fraction.BigFraction:reduce:1028, 0.0
org.apache.commons.math.ode.events.EventState:reset:330, 0.0
org.apache.commons.math.ode.events.CombinedEventsManager:evaluateStep:154, 0.0
org.apache.commons.math.ode.nonstiff.AdamsBashforthIntegrator:integrate:344, 0.0
org.apache.commons.math.ode.events.EventState:stepAccepted:308, 0.0
org.apache.commons.math.linear.Array2DRowFieldMatrix:<init>:148, 0.0
org.apache.commons.math.ode.nonstiff.AdamsBashforthIntegrator:integrate:194, 0.0
org.apache.commons.math.ode.events.EventState:evaluateStep:235, 0.0
org.apache.commons.math.ode.MultistepIntegrator:<init>:114, 0.0
org.apache.commons.math.ode.MultistepIntegrator:<init>:112, 0.0
org.apache.commons.math.ode.events.EventState:stepAccepted:305, 0.0
org.apache.commons.math.ode.events.EventState:stepAccepted:306, 0.0
org.apache.commons.math.linear.DefaultFieldMatrixChangingVisitor:end:59, 0.0
org.apache.commons.math.ode.nonstiff.RungeKuttaStepInterpolator:<init>:59, 0.0
org.apache.commons.math.ode.nonstiff.RungeKuttaStepInterpolator:<init>:58, 0.0
org.apache.commons.math.ode.nonstiff.RungeKuttaStepInterpolator:<init>:57, 0.0
org.apache.commons.math.ode.nonstiff.RungeKuttaStepInterpolator:<init>:60, 0.0
org.apache.commons.math.linear.DefaultFieldMatrixChangingVisitor:<init>:42, 0.0
org.apache.commons.math.linear.DefaultFieldMatrixChangingVisitor:<init>:43, 0.0
org.apache.commons.math.linear.DefaultFieldMatrixChangingVisitor:<init>:44, 0.0
org.apache.commons.math.ode.nonstiff.AdaptiveStepsizeIntegrator:initializeStep:217, 0.0
org.apache.commons.math.ode.nonstiff.AdaptiveStepsizeIntegrator:initializeStep:218, 0.0
org.apache.commons.math.ode.nonstiff.AdaptiveStepsizeIntegrator:initializeStep:219, 0.0
org.apache.commons.math.linear.FieldLUDecompositionImpl$Solver:solve:395, 0.0
org.apache.commons.math.linear.FieldLUDecompositionImpl$Solver:solve:394, 0.0
org.apache.commons.math.ode.sampling.AbstractStepInterpolator:getPreviousTime:230, 0.0
org.apache.commons.math.ode.nonstiff.DormandPrince853StepInterpolator:doCopy:279, 0.0
org.apache.commons.math.linear.FieldLUDecompositionImpl:<init>:125, 0.0
org.apache.commons.math.linear.AbstractFieldMatrix:extractField:89, 0.0
org.apache.commons.math.linear.Array2DRowRealMatrix:multiply:298, 0.0
org.apache.commons.math.linear.Array2DRowFieldMatrix:walkInRowOrder:497, 0.0
org.apache.commons.math.ode.events.CombinedEventsManager:stepAccepted:208, 0.0
org.apache.commons.math.ode.nonstiff.EmbeddedRungeKuttaIntegrator:integrate:204, 0.0
org.apache.commons.math.ode.nonstiff.EmbeddedRungeKuttaIntegrator:integrate:200, 0.0
org.apache.commons.math.ode.nonstiff.EmbeddedRungeKuttaIntegrator:integrate:203, 0.0
org.apache.commons.math.ode.nonstiff.DormandPrince853StepInterpolator:computeInterpolatedStateAndDerivatives:350, 0.0
org.apache.commons.math.ode.nonstiff.DormandPrince853StepInterpolator:computeInterpolatedStateAndDerivatives:349, 0.0
org.apache.commons.math.ode.events.CombinedEventsManager:evaluateStep:170, 0.0
org.apache.commons.math.ode.nonstiff.EmbeddedRungeKuttaIntegrator:integrate:267, 0.0
org.apache.commons.math.ode.sampling.AbstractStepInterpolator:<init>:153, 0.0
org.apache.commons.math.ode.sampling.AbstractStepInterpolator:<init>:154, 0.0
org.apache.commons.math.ode.sampling.AbstractStepInterpolator:<init>:155, 0.0
org.apache.commons.math.ode.events.CombinedEventsManager:stop:220, 0.0
org.apache.commons.math.ode.nonstiff.AdamsBashforthIntegrator:integrate:197, 0.0
org.apache.commons.math.ode.sampling.AbstractStepInterpolator:<init>:100, 0.0
org.apache.commons.math.ode.sampling.AbstractStepInterpolator:<init>:98, 0.0
org.apache.commons.math.ode.sampling.AbstractStepInterpolator:<init>:99, 0.0
org.apache.commons.math.ode.sampling.AbstractStepInterpolator:<init>:96, 0.0
org.apache.commons.math.ode.sampling.AbstractStepInterpolator:<init>:97, 0.0
org.apache.commons.math.ode.sampling.AbstractStepInterpolator:<init>:93, 0.0
org.apache.commons.math.ode.sampling.AbstractStepInterpolator:<init>:92, 0.0
org.apache.commons.math.ode.sampling.AbstractStepInterpolator:<init>:95, 0.0
org.apache.commons.math.ode.sampling.AbstractStepInterpolator:<init>:94, 0.0
org.apache.commons.math.ode.sampling.AbstractStepInterpolator:<init>:89, 0.0
org.apache.commons.math.ode.sampling.AbstractStepInterpolator:<init>:91, 0.0
org.apache.commons.math.ode.sampling.AbstractStepInterpolator:<init>:90, 0.0
org.apache.commons.math.analysis.solvers.BrentSolver:solve:340, 0.0
org.apache.commons.math.ode.nonstiff.EmbeddedRungeKuttaIntegrator:setMinReduction:383, 0.0
org.apache.commons.math.ode.nonstiff.EmbeddedRungeKuttaIntegrator:setMinReduction:384, 0.0
org.apache.commons.math.linear.Array2DRowRealMatrix:multiply:299, 0.0
org.apache.commons.math.linear.Array2DRowRealMatrix:multiply:300, 0.0
org.apache.commons.math.linear.Array2DRowRealMatrix:multiply:301, 0.0
org.apache.commons.math.ode.sampling.NordsieckStepInterpolator:computeInterpolatedStateAndDerivatives:215, 0.0
org.apache.commons.math.ode.nonstiff.AdamsBashforthIntegrator:integrate:307, 0.0
org.apache.commons.math.ode.nonstiff.AdamsBashforthIntegrator:integrate:314, 0.0
org.apache.commons.math.ode.nonstiff.AdamsBashforthIntegrator:integrate:309, 0.0
org.apache.commons.math.ode.nonstiff.AdamsBashforthIntegrator:integrate:308, 0.0
org.apache.commons.math.ode.nonstiff.AdamsBashforthIntegrator:integrate:311, 0.0
org.apache.commons.math.ode.nonstiff.AdamsBashforthIntegrator:integrate:310, 0.0
org.apache.commons.math.fraction.BigFraction:subtract:1091, 0.0
org.apache.commons.math.linear.Array2DRowFieldMatrix:walkInRowOrder:491, 0.0
org.apache.commons.math.fraction.BigFraction:<init>:131, 0.0
org.apache.commons.math.ode.nonstiff.EmbeddedRungeKuttaIntegrator:integrate:205, 0.0
org.apache.commons.math.ode.nonstiff.DormandPrince853StepInterpolator:computeInterpolatedStateAndDerivatives:331, 0.0
org.apache.commons.math.linear.Array2DRowFieldMatrix:getData:309, 0.0
org.apache.commons.math.ode.nonstiff.EmbeddedRungeKuttaIntegrator:integrate:268, 0.0
org.apache.commons.math.linear.Array2DRowFieldMatrix:setEntry:383, 0.0
org.apache.commons.math.linear.FieldLUDecompositionImpl:<init>:131, 0.0
org.apache.commons.math.ode.nonstiff.AdamsBashforthIntegrator:integrate:193, 0.0
org.apache.commons.math.ode.nonstiff.AdamsBashforthIntegrator:integrate:190, 0.0
org.apache.commons.math.ode.nonstiff.AdamsBashforthIntegrator:integrate:192, 0.0
org.apache.commons.math.ode.nonstiff.AdamsBashforthIntegrator:integrate:191, 0.0
org.apache.commons.math.ode.nonstiff.AdaptiveStepsizeIntegrator:initializeStep:220, 0.0
org.apache.commons.math.ode.nonstiff.AdaptiveStepsizeIntegrator:initializeStep:221, 0.0
org.apache.commons.math.ode.nonstiff.AdaptiveStepsizeIntegrator:initializeStep:222, 0.0
org.apache.commons.math.ode.nonstiff.AdaptiveStepsizeIntegrator:initializeStep:223, 0.0
org.apache.commons.math.ode.sampling.AbstractStepInterpolator:<init>:162, 0.0
org.apache.commons.math.ode.sampling.AbstractStepInterpolator:<init>:160, 0.0
org.apache.commons.math.ode.sampling.AbstractStepInterpolator:<init>:158, 0.0
org.apache.commons.math.ode.sampling.AbstractStepInterpolator:<init>:159, 0.0
org.apache.commons.math.ode.nonstiff.RungeKuttaStepInterpolator:<init>:94, 0.0
org.apache.commons.math.linear.Array2DRowFieldMatrix:copyOut:614, 0.0
org.apache.commons.math.ode.sampling.AbstractStepInterpolator:getInterpolatedTime:240, 0.0
org.apache.commons.math.linear.Array2DRowFieldMatrix:walkInRowOrder:493, 0.0
org.apache.commons.math.linear.Array2DRowFieldMatrix:walkInRowOrder:494, 0.0
org.apache.commons.math.ode.events.EventState:access$000:42, 0.0
org.apache.commons.math.fraction.BigFraction:divide:674, 0.0
org.apache.commons.math.ode.events.CombinedEventsManager:stepAccepted:207, 0.0
org.apache.commons.math.fraction.BigFraction:subtract:1092, 0.0
org.apache.commons.math.linear.FieldLUDecompositionImpl$Solver:solve:283, 0.0
org.apache.commons.math.ode.nonstiff.DormandPrince853StepInterpolator:computeInterpolatedStateAndDerivatives:343, 0.0
org.apache.commons.math.ode.nonstiff.DormandPrince853StepInterpolator:computeInterpolatedStateAndDerivatives:342, 0.0
org.apache.commons.math.ode.nonstiff.DormandPrince853StepInterpolator:computeInterpolatedStateAndDerivatives:341, 0.0
org.apache.commons.math.ode.nonstiff.DormandPrince853StepInterpolator:computeInterpolatedStateAndDerivatives:340, 0.0
org.apache.commons.math.ode.nonstiff.DormandPrince853StepInterpolator:computeInterpolatedStateAndDerivatives:339, 0.0
org.apache.commons.math.ode.nonstiff.DormandPrince853StepInterpolator:computeInterpolatedStateAndDerivatives:338, 0.0
org.apache.commons.math.ode.nonstiff.DormandPrince853StepInterpolator:computeInterpolatedStateAndDerivatives:337, 0.0
org.apache.commons.math.ode.nonstiff.DormandPrince853StepInterpolator:computeInterpolatedStateAndDerivatives:336, 0.0
org.apache.commons.math.ode.nonstiff.DormandPrince853StepInterpolator:computeInterpolatedStateAndDerivatives:348, 0.0
org.apache.commons.math.ode.nonstiff.DormandPrince853StepInterpolator:computeInterpolatedStateAndDerivatives:347, 0.0
org.apache.commons.math.ode.nonstiff.DormandPrince853StepInterpolator:computeInterpolatedStateAndDerivatives:344, 0.0
org.apache.commons.math.ode.nonstiff.DormandPrince853StepInterpolator:computeInterpolatedStateAndDerivatives:334, 0.0
org.apache.commons.math.ode.nonstiff.DormandPrince853StepInterpolator:computeInterpolatedStateAndDerivatives:335, 0.0
org.apache.commons.math.ode.nonstiff.DormandPrince853StepInterpolator:computeInterpolatedStateAndDerivatives:332, 0.0
org.apache.commons.math.ode.nonstiff.DormandPrince853StepInterpolator:computeInterpolatedStateAndDerivatives:333, 0.0
org.apache.commons.math.ode.sampling.AbstractStepInterpolator:isForward:251, 0.0
org.apache.commons.math.ode.nonstiff.EmbeddedRungeKuttaIntegrator:integrate:265, 0.0
org.apache.commons.math.ode.nonstiff.EmbeddedRungeKuttaIntegrator:integrate:270, 0.0
org.apache.commons.math.linear.FieldLUDecompositionImpl$Solver:solve:391, 0.0
org.apache.commons.math.ode.events.EventState:evaluateStep:230, 0.0
org.apache.commons.math.ode.events.EventState:evaluateStep:229, 0.0
org.apache.commons.math.ode.events.CombinedEventsManager:clearEventsHandlers:95, 0.0
org.apache.commons.math.ode.events.CombinedEventsManager:clearEventsHandlers:94, 0.0
org.apache.commons.math.ode.events.CombinedEventsManager:reset:241, 0.0
org.apache.commons.math.linear.Array2DRowRealMatrix:multiply:302, 0.0
org.apache.commons.math.linear.Array2DRowRealMatrix:multiply:303, 0.0
org.apache.commons.math.ode.nonstiff.AdaptiveStepsizeIntegrator:filterStep:297, 0.0
org.apache.commons.math.ode.events.CombinedEventsManager:stop:217, 0.0
org.apache.commons.math.ode.nonstiff.EmbeddedRungeKuttaIntegrator:integrate:332, 0.0
org.apache.commons.math.ode.nonstiff.EmbeddedRungeKuttaIntegrator:integrate:333, 0.0
org.apache.commons.math.linear.Array2DRowRealMatrix:<init>:135, 0.0
org.apache.commons.math.linear.Array2DRowRealMatrix:<init>:134, 0.0
org.apache.commons.math.analysis.solvers.BrentSolver:solve:339, 0.0
org.apache.commons.math.ode.nonstiff.RungeKuttaStepInterpolator:<init>:101, 0.0
org.apache.commons.math.ode.nonstiff.RungeKuttaStepInterpolator:<init>:99, 0.0
org.apache.commons.math.fraction.BigFraction:<init>:128, 0.0
org.apache.commons.math.ode.nonstiff.AdamsBashforthIntegrator:integrate:315, 0.0
org.apache.commons.math.ode.nonstiff.AdamsBashforthIntegrator:integrate:316, 0.0
org.apache.commons.math.ConvergingAlgorithmImpl:<init>:68, 0.0
org.apache.commons.math.ConvergingAlgorithmImpl:<init>:69, 0.0
org.apache.commons.math.ConvergingAlgorithmImpl:<init>:64, 0.0
org.apache.commons.math.ConvergingAlgorithmImpl:<init>:65, 0.0
org.apache.commons.math.ConvergingAlgorithmImpl:<init>:66, 0.0
org.apache.commons.math.ConvergingAlgorithmImpl:<init>:67, 0.0
org.apache.commons.math.ConvergingAlgorithmImpl:<init>:63, 0.0
org.apache.commons.math.ConvergingAlgorithmImpl:<init>:62, 0.0
org.apache.commons.math.ConvergingAlgorithmImpl:<init>:61, 0.0
org.apache.commons.math.fraction.BigFraction:subtract:1095, 0.0
org.apache.commons.math.fraction.BigFraction:subtract:1096, 0.0
org.apache.commons.math.fraction.BigFraction:subtract:1097, 0.0
org.apache.commons.math.ode.MultistepIntegrator:<init>:129, 0.0
org.apache.commons.math.ode.MultistepIntegrator:<init>:128, 0.0
org.apache.commons.math.ode.MultistepIntegrator:<init>:125, 0.0
org.apache.commons.math.ode.MultistepIntegrator:<init>:130, 0.0
org.apache.commons.math.ode.MultistepIntegrator:<init>:123, 0.0
org.apache.commons.math.ode.MultistepIntegrator:<init>:132, 0.0
org.apache.commons.math.ode.MultistepIntegrator:<init>:120, 0.0
org.apache.commons.math.ode.nonstiff.EmbeddedRungeKuttaIntegrator:integrate:273, 0.0
org.apache.commons.math.ode.nonstiff.EmbeddedRungeKuttaIntegrator:integrate:263, 0.0
org.apache.commons.math.linear.FieldLUDecompositionImpl:<init>:114, 0.0
org.apache.commons.math.linear.FieldLUDecompositionImpl:<init>:113, 0.0
org.apache.commons.math.linear.FieldLUDecompositionImpl$Solver:<init>:222, 0.0
org.apache.commons.math.ode.events.CombinedEventsManager:stop:215, 0.0
org.apache.commons.math.ode.events.CombinedEventsManager:stop:216, 0.0
org.apache.commons.math.linear.FieldLUDecompositionImpl$Solver:solve:390, 0.0
org.apache.commons.math.ode.nonstiff.EmbeddedRungeKuttaIntegrator:integrate:260, 0.0
org.apache.commons.math.ode.MultistepIntegrator$NordsieckInitializer:handleStep:349, 0.0
org.apache.commons.math.ode.MultistepIntegrator$NordsieckInitializer:handleStep:346, 0.0
org.apache.commons.math.ode.events.EventState:stepAccepted:303, 0.0
org.apache.commons.math.ode.AbstractIntegrator:getName:82, 0.0
org.apache.commons.math.fraction.BigFraction:negate:920, 0.0
org.apache.commons.math.ode.sampling.NordsieckStepInterpolator:computeInterpolatedStateAndDerivatives:208, 0.0
org.apache.commons.math.fraction.BigFraction:subtract:1098, 0.0
org.apache.commons.math.fraction.BigFraction:subtract:1099, 0.0
org.apache.commons.math.fraction.BigFraction:divide:678, 0.0
org.apache.commons.math.analysis.solvers.UnivariateRealSolverImpl:verifyInterval:213, 0.0
org.apache.commons.math.ode.nonstiff.DormandPrince853StepInterpolator:computeInterpolatedStateAndDerivatives:371, 0.0
org.apache.commons.math.linear.Array2DRowFieldMatrix:walkInRowOrder:492, 0.0
org.apache.commons.math.linear.Array2DRowFieldMatrix:copyOut:611, 0.0
org.apache.commons.math.ode.nonstiff.AdamsBashforthIntegrator:integrate:320, 0.0
org.apache.commons.math.ode.nonstiff.AdamsBashforthIntegrator:integrate:318, 0.0
org.apache.commons.math.linear.Array2DRowFieldMatrix:walkInRowOrder:489, 0.0
org.apache.commons.math.linear.Array2DRowFieldMatrix:walkInRowOrder:488, 0.0
org.apache.commons.math.linear.Array2DRowFieldMatrix:walkInRowOrder:490, 0.0
org.apache.commons.math.ode.AbstractIntegrator:addEndTimeChecker:244, 0.0
org.apache.commons.math.ode.AbstractIntegrator:addEndTimeChecker:240, 0.0
org.apache.commons.math.fraction.BigFraction:<init>:125, 0.0
org.apache.commons.math.fraction.BigFraction:<init>:124, 0.0
org.apache.commons.math.ode.events.EventState$1:<init>:214, 0.0
org.apache.commons.math.linear.Array2DRowRealMatrix:<init>:138, 0.0
org.apache.commons.math.linear.FieldLUDecompositionImpl:<init>:118, 0.0
org.apache.commons.math.linear.FieldLUDecompositionImpl:<init>:116, 0.0
org.apache.commons.math.ode.nonstiff.AdaptiveStepsizeIntegrator:filterStep:293, 0.0
org.apache.commons.math.linear.FieldLUDecompositionImpl$Solver:solve:274, 0.0
org.apache.commons.math.linear.FieldLUDecompositionImpl$Solver:solve:277, 0.0
org.apache.commons.math.fraction.BigFraction:subtract:1101, 0.0
org.apache.commons.math.fraction.BigFraction:subtract:1102, 0.0
org.apache.commons.math.ode.nonstiff.EmbeddedRungeKuttaIntegrator:integrate:197, 0.0
org.apache.commons.math.ode.nonstiff.EmbeddedRungeKuttaIntegrator:integrate:199, 0.0
org.apache.commons.math.ode.nonstiff.EmbeddedRungeKuttaIntegrator:integrate:198, 0.0
org.apache.commons.math.ode.nonstiff.DormandPrince853StepInterpolator:computeInterpolatedStateAndDerivatives:380, 0.0
org.apache.commons.math.ode.nonstiff.DormandPrince853StepInterpolator:computeInterpolatedStateAndDerivatives:372, 0.0
org.apache.commons.math.linear.Array2DRowFieldMatrix:copyOut:612, 0.0
org.apache.commons.math.ode.AbstractIntegrator:addEndTimeChecker:234, 0.0
org.apache.commons.math.ode.AbstractIntegrator:addEndTimeChecker:233, 0.0
org.apache.commons.math.analysis.solvers.BrentSolver:<init>:72, 0.0
org.apache.commons.math.analysis.solvers.BrentSolver:<init>:73, 0.0
org.apache.commons.math.ode.events.EventState:evaluateStep:214, 0.0
org.apache.commons.math.ode.events.EventState:evaluateStep:228, 0.0
org.apache.commons.math.ode.events.EventState:evaluateStep:227, 0.0
org.apache.commons.math.ode.events.EventState:evaluateStep:226, 0.0
org.apache.commons.math.linear.FieldLUDecompositionImpl$Solver:solve:393, 0.0
org.apache.commons.math.linear.FieldLUDecompositionImpl$Solver:solve:392, 0.0
org.apache.commons.math.fraction.BigFraction:subtract:1104, 0.0
org.apache.commons.math.ode.nonstiff.DormandPrince853StepInterpolator:computeInterpolatedStateAndDerivatives:357, 0.0
org.apache.commons.math.ode.events.EventState:stepAccepted:301, 0.0
org.apache.commons.math.ode.events.EventState:stepAccepted:302, 0.0
org.apache.commons.math.ode.nonstiff.AdamsNordsieckTransformer$1:<init>:177, 0.0
org.apache.commons.math.ode.sampling.NordsieckStepInterpolator:computeInterpolatedStateAndDerivatives:209, 0.0
org.apache.commons.math.ode.sampling.NordsieckStepInterpolator:computeInterpolatedStateAndDerivatives:210, 0.0
org.apache.commons.math.ode.sampling.NordsieckStepInterpolator:computeInterpolatedStateAndDerivatives:211, 0.0
org.apache.commons.math.linear.FieldLUDecompositionImpl:<init>:110, 0.0
org.apache.commons.math.linear.Array2DRowRealMatrix:multiply:296, 0.0
org.apache.commons.math.linear.Array2DRowRealMatrix:multiply:297, 0.0
org.apache.commons.math.linear.Array2DRowRealMatrix:multiply:292, 0.0
org.apache.commons.math.linear.Array2DRowRealMatrix:multiply:294, 0.0
org.apache.commons.math.linear.Array2DRowRealMatrix:multiply:295, 0.0
org.apache.commons.math.analysis.solvers.BrentSolver:solve:205, 0.0
org.apache.commons.math.analysis.solvers.BrentSolver:solve:204, 0.0
org.apache.commons.math.analysis.solvers.BrentSolver:solve:200, 0.0
org.apache.commons.math.analysis.solvers.BrentSolver:solve:202, 0.0
org.apache.commons.math.analysis.solvers.BrentSolver:solve:199, 0.0
org.apache.commons.math.analysis.solvers.BrentSolver:solve:208, 0.0
org.apache.commons.math.analysis.solvers.BrentSolver:solve:209, 0.0
org.apache.commons.math.linear.Array2DRowRealMatrix:<init>:141, 0.0
org.apache.commons.math.linear.Array2DRowRealMatrix:<init>:142, 0.0
org.apache.commons.math.fraction.BigFraction:<init>:375, 0.0
org.apache.commons.math.fraction.BigFraction:<init>:376, 0.0
org.apache.commons.math.analysis.solvers.BrentSolver:solve:263, 0.0
org.apache.commons.math.analysis.solvers.BrentSolver:solve:260, 0.0
org.apache.commons.math.analysis.solvers.BrentSolver:solve:261, 0.0
org.apache.commons.math.ode.sampling.AbstractStepInterpolator:<init>:144, 0.0
org.apache.commons.math.ode.sampling.AbstractStepInterpolator:<init>:145, 0.0
org.apache.commons.math.ode.sampling.AbstractStepInterpolator:<init>:146, 0.0
org.apache.commons.math.ode.sampling.AbstractStepInterpolator:<init>:148, 0.0
org.apache.commons.math.ode.sampling.AbstractStepInterpolator:<init>:141, 0.0
org.apache.commons.math.ode.sampling.AbstractStepInterpolator:<init>:143, 0.0
org.apache.commons.math.ode.nonstiff.EmbeddedRungeKuttaIntegrator:integrate:266, 0.0
org.apache.commons.math.ode.nonstiff.AdaptiveStepsizeIntegrator:filterStep:291, 0.0
org.apache.commons.math.ode.nonstiff.AdamsBashforthIntegrator:integrate:329, 0.0
org.apache.commons.math.ode.events.EventState:stepAccepted:296, 0.0
org.apache.commons.math.ode.events.EventState:stepAccepted:297, 0.0
org.apache.commons.math.ode.events.EventState:stepAccepted:299, 0.0
org.apache.commons.math.linear.Array2DRowFieldMatrix:copyOut:608, 0.0
org.apache.commons.math.linear.Array2DRowFieldMatrix:copyOut:609, 0.0
org.apache.commons.math.ode.nonstiff.DormandPrince853StepInterpolator:computeInterpolatedStateAndDerivatives:369, 0.0
org.apache.commons.math.ode.nonstiff.DormandPrince853StepInterpolator:computeInterpolatedStateAndDerivatives:368, 0.0
org.apache.commons.math.ode.nonstiff.DormandPrince853StepInterpolator:computeInterpolatedStateAndDerivatives:364, 0.0
org.apache.commons.math.ode.nonstiff.DormandPrince853StepInterpolator:computeInterpolatedStateAndDerivatives:365, 0.0
org.apache.commons.math.ode.nonstiff.DormandPrince853StepInterpolator:computeInterpolatedStateAndDerivatives:366, 0.0
org.apache.commons.math.ode.nonstiff.DormandPrince853StepInterpolator:computeInterpolatedStateAndDerivatives:367, 0.0
org.apache.commons.math.ode.nonstiff.DormandPrince853StepInterpolator:computeInterpolatedStateAndDerivatives:361, 0.0
org.apache.commons.math.ode.nonstiff.DormandPrince853StepInterpolator:computeInterpolatedStateAndDerivatives:362, 0.0
org.apache.commons.math.ode.nonstiff.DormandPrince853StepInterpolator:computeInterpolatedStateAndDerivatives:363, 0.0
org.apache.commons.math.linear.FieldLUDecompositionImpl$Solver:solve:278, 0.0
org.apache.commons.math.ode.nonstiff.EmbeddedRungeKuttaIntegrator:integrate:225, 0.0
org.apache.commons.math.ode.MultistepIntegrator$CountingDifferentialEquations:computeDerivatives:395, 0.0
org.apache.commons.math.ode.MultistepIntegrator$CountingDifferentialEquations:computeDerivatives:396, 0.0
org.apache.commons.math.linear.FieldLUDecompositionImpl$Solver:solve:269, 0.0
org.apache.commons.math.analysis.solvers.BrentSolver:solve:316, 0.0
org.apache.commons.math.ode.events.EventState:evaluateStep:179, 0.0
org.apache.commons.math.ode.events.EventState:evaluateStep:180, 0.0
org.apache.commons.math.linear.FieldLUDecompositionImpl$Solver:solve:407, 0.0
org.apache.commons.math.linear.MatrixUtils:checkMultiplicationCompatible:650, 0.0
org.apache.commons.math.ode.sampling.AbstractStepInterpolator:getInterpolatedState:275, 0.0
org.apache.commons.math.ode.sampling.AbstractStepInterpolator:getInterpolatedState:274, 0.0
org.apache.commons.math.ode.sampling.AbstractStepInterpolator:getInterpolatedState:276, 0.0
org.apache.commons.math.ode.nonstiff.AdamsNordsieckTransformer:initializeHighOrderDerivatives:262, 0.0
org.apache.commons.math.ode.AbstractIntegrator:sanityChecks:205, 0.0
org.apache.commons.math.ode.nonstiff.AdamsNordsieckTransformer:updateHighOrderDerivativesPhase2:302, 0.0
org.apache.commons.math.ode.nonstiff.AdamsNordsieckTransformer:updateHighOrderDerivativesPhase2:303, 0.0
org.apache.commons.math.ode.nonstiff.AdamsBashforthIntegrator:integrate:263, 0.0
org.apache.commons.math.ode.nonstiff.AdamsBashforthIntegrator:integrate:267, 0.0
org.apache.commons.math.ode.nonstiff.AdamsBashforthIntegrator:integrate:264, 0.0
org.apache.commons.math.ode.nonstiff.AdamsBashforthIntegrator:integrate:270, 0.0
org.apache.commons.math.ode.nonstiff.AdamsBashforthIntegrator:integrate:271, 0.0
org.apache.commons.math.ode.nonstiff.AdamsBashforthIntegrator:integrate:268, 0.0
org.apache.commons.math.ode.nonstiff.AdamsBashforthIntegrator:integrate:269, 0.0
org.apache.commons.math.linear.FieldLUDecompositionImpl$Solver:getInverse:425, 0.0
org.apache.commons.math.linear.FieldLUDecompositionImpl$Solver:getInverse:424, 0.0
org.apache.commons.math.linear.FieldLUDecompositionImpl$Solver:getInverse:423, 0.0
org.apache.commons.math.linear.FieldLUDecompositionImpl$Solver:getInverse:422, 0.0
org.apache.commons.math.ode.events.EventState:evaluateStep:254, 0.0
org.apache.commons.math.ode.events.EventState:evaluateStep:253, 0.0
org.apache.commons.math.ode.nonstiff.EmbeddedRungeKuttaIntegrator:integrate:222, 0.0
org.apache.commons.math.ode.nonstiff.EmbeddedRungeKuttaIntegrator:integrate:223, 0.0
org.apache.commons.math.ode.nonstiff.EmbeddedRungeKuttaIntegrator:integrate:224, 0.0
org.apache.commons.math.ode.nonstiff.EmbeddedRungeKuttaIntegrator:integrate:219, 0.0
org.apache.commons.math.linear.Array2DRowRealMatrix:multiply:306, 0.0
org.apache.commons.math.ode.AbstractIntegrator:<init>:68, 0.0
org.apache.commons.math.ode.AbstractIntegrator:<init>:69, 0.0
org.apache.commons.math.ode.AbstractIntegrator:<init>:70, 0.0
org.apache.commons.math.ode.AbstractIntegrator:<init>:71, 0.0
org.apache.commons.math.ode.AbstractIntegrator:<init>:64, 0.0
org.apache.commons.math.ode.AbstractIntegrator:<init>:65, 0.0
org.apache.commons.math.ode.AbstractIntegrator:<init>:66, 0.0
org.apache.commons.math.ode.AbstractIntegrator:<init>:67, 0.0
org.apache.commons.math.ode.AbstractIntegrator:<init>:72, 0.0
org.apache.commons.math.analysis.solvers.UnivariateRealSolverImpl:clearResult:167, 0.0
org.apache.commons.math.analysis.solvers.UnivariateRealSolverImpl:clearResult:166, 0.0
org.apache.commons.math.analysis.solvers.UnivariateRealSolverImpl:clearResult:165, 0.0
org.apache.commons.math.linear.Array2DRowFieldMatrix:<init>:126, 0.0
org.apache.commons.math.linear.Array2DRowFieldMatrix:<init>:125, 0.0
org.apache.commons.math.ode.nonstiff.DormandPrince853StepInterpolator:storeTime:309, 0.0
org.apache.commons.math.ode.nonstiff.DormandPrince853StepInterpolator:storeTime:308, 0.0
org.apache.commons.math.ode.nonstiff.DormandPrince853StepInterpolator:storeTime:310, 0.0
org.apache.commons.math.ode.AbstractIntegrator:computeDerivatives:182, 0.0
org.apache.commons.math.ode.AbstractIntegrator:computeDerivatives:183, 0.0
org.apache.commons.math.linear.FieldLUDecompositionImpl:<init>:111, 0.0
org.apache.commons.math.linear.FieldLUDecompositionImpl:<init>:112, 0.0
org.apache.commons.math.ode.AbstractIntegrator:resetEvaluations:160, 0.0
org.apache.commons.math.ode.AbstractIntegrator:resetEvaluations:159, 0.0
org.apache.commons.math.ode.sampling.AbstractStepInterpolator:getInterpolatedState:279, 0.0
org.apache.commons.math.ode.nonstiff.AdamsNordsieckTransformer:initializeHighOrderDerivatives:268, 0.0
org.apache.commons.math.ode.sampling.NordsieckStepInterpolator:<init>:72, 0.0
org.apache.commons.math.ode.sampling.NordsieckStepInterpolator:<init>:73, 0.0
org.apache.commons.math.analysis.solvers.BrentSolver:solve:224, 0.0
org.apache.commons.math.linear.Array2DRowFieldMatrix:walkInRowOrder:481, 0.0
org.apache.commons.math.ode.nonstiff.AdamsBashforthIntegrator:<init>:161, 0.0
org.apache.commons.math.ode.nonstiff.AdamsBashforthIntegrator:<init>:159, 0.0
org.apache.commons.math.ode.nonstiff.AdamsBashforthIntegrator:integrate:260, 0.0
org.apache.commons.math.ode.nonstiff.AdamsBashforthIntegrator:integrate:261, 0.0
org.apache.commons.math.ode.nonstiff.EmbeddedRungeKuttaIntegrator:integrate:229, 0.0
org.apache.commons.math.ode.nonstiff.EmbeddedRungeKuttaIntegrator:integrate:228, 0.0
org.apache.commons.math.ode.AbstractIntegrator:sanityChecks:198, 0.0
org.apache.commons.math.linear.Array2DRowRealMatrix:multiply:304, 0.0
org.apache.commons.math.linear.FieldLUDecompositionImpl$Solver:solve:264, 0.0
org.apache.commons.math.linear.FieldLUDecompositionImpl$Solver:solve:263, 0.0
org.apache.commons.math.ode.MultistepIntegrator$NordsieckInitializer:<init>:317, 0.0
org.apache.commons.math.ode.MultistepIntegrator$NordsieckInitializer:<init>:316, 0.0
org.apache.commons.math.ode.MultistepIntegrator$NordsieckInitializer:<init>:318, 0.0
org.apache.commons.math.linear.FieldLUDecompositionImpl$Solver:solve:410, 0.0
org.apache.commons.math.ode.nonstiff.AdamsNordsieckTransformer:initializeHighOrderDerivatives:264, 0.0
org.apache.commons.math.ode.DerivativeException:<init>:49, 0.0
org.apache.commons.math.ode.DerivativeException:<init>:48, 0.0
org.apache.commons.math.ode.nonstiff.AdaptiveStepsizeIntegrator:initializeStep:264, 0.0
org.apache.commons.math.analysis.solvers.BrentSolver:solve:222, 0.0
org.apache.commons.math.linear.Array2DRowFieldMatrix:walkInRowOrder:475, 0.0
org.apache.commons.math.ode.nonstiff.AdamsNordsieckTransformer:getInstance:209, 0.0
org.apache.commons.math.linear.AbstractFieldMatrix:isSquare:647, 0.0
org.apache.commons.math.ode.MultistepIntegrator:setMaxGrowth:272, 0.0
org.apache.commons.math.ode.MultistepIntegrator:setMaxGrowth:271, 0.0
org.apache.commons.math.ode.MultistepIntegrator$NordsieckInitializer:requiresDenseOutput:355, 0.0
org.apache.commons.math.linear.Array2DRowRealMatrix:getEntry:374, 0.0
org.apache.commons.math.ode.nonstiff.DormandPrince853StepInterpolator:computeInterpolatedStateAndDerivatives:320, 0.0
org.apache.commons.math.analysis.solvers.BrentSolver:solve:332, 0.0
org.apache.commons.math.analysis.solvers.BrentSolver:solve:330, 0.0
org.apache.commons.math.analysis.solvers.BrentSolver:solve:329, 0.0
org.apache.commons.math.linear.Array2DRowFieldMatrix:<init>:129, 0.0
org.apache.commons.math.fraction.BigFractionField:getZero:57, 0.0
org.apache.commons.math.ode.events.CombinedEventsManager:addEventHandler:71, 0.0
org.apache.commons.math.ode.events.CombinedEventsManager:addEventHandler:73, 0.0
org.apache.commons.math.ode.nonstiff.EmbeddedRungeKuttaIntegrator:integrate:226, 0.0
org.apache.commons.math.linear.DefaultFieldMatrixPreservingVisitor:<init>:42, 0.0
org.apache.commons.math.linear.DefaultFieldMatrixPreservingVisitor:<init>:43, 0.0
org.apache.commons.math.linear.DefaultFieldMatrixPreservingVisitor:<init>:44, 0.0
org.apache.commons.math.ode.events.EventState:evaluateStep:262, 0.0
org.apache.commons.math.ode.events.EventState:evaluateStep:260, 0.0
org.apache.commons.math.ode.events.EventState:evaluateStep:261, 0.0
org.apache.commons.math.linear.FieldLUDecompositionImpl:<init>:109, 0.0
org.apache.commons.math.linear.FieldLUDecompositionImpl$Solver:solve:408, 0.0
org.apache.commons.math.linear.FieldLUDecompositionImpl$Solver:solve:409, 0.0
org.apache.commons.math.ode.nonstiff.AdamsNordsieckTransformer:initializeHighOrderDerivatives:265, 0.0
org.apache.commons.math.linear.Array2DRowFieldMatrix:walkInRowOrder:478, 0.0
org.apache.commons.math.linear.Array2DRowFieldMatrix:walkInRowOrder:477, 0.0
org.apache.commons.math.ode.nonstiff.AdamsNordsieckTransformer:getInstance:207, 0.0
org.apache.commons.math.ode.nonstiff.AdamsNordsieckTransformer:getInstance:206, 0.0
org.apache.commons.math.ode.nonstiff.AdamsBashforthIntegrator:integrate:273, 0.0
org.apache.commons.math.ode.nonstiff.AdamsBashforthIntegrator:integrate:272, 0.0
org.apache.commons.math.analysis.solvers.BrentSolver:solve:324, 0.0
org.apache.commons.math.analysis.solvers.BrentSolver:solve:325, 0.0
org.apache.commons.math.ode.nonstiff.DormandPrince853StepInterpolator:computeInterpolatedStateAndDerivatives:318, 0.0
org.apache.commons.math.linear.AbstractRealMatrix:<init>:43, 0.0
org.apache.commons.math.linear.AbstractRealMatrix:<init>:44, 0.0
org.apache.commons.math.linear.AbstractRealMatrix:<init>:45, 0.0
org.apache.commons.math.linear.FieldLUDecompositionImpl$Solver:solve:402, 0.0
org.apache.commons.math.linear.FieldLUDecompositionImpl$Solver:solve:403, 0.0
org.apache.commons.math.linear.FieldLUDecompositionImpl$Solver:solve:404, 0.0
org.apache.commons.math.ode.events.EventState:reinitializeBegin:152, 0.0
org.apache.commons.math.ode.events.EventState:reinitializeBegin:153, 0.0
org.apache.commons.math.ode.events.EventState:reinitializeBegin:151, 0.0
org.apache.commons.math.linear.FieldLUDecompositionImpl:<init>:99, 0.0
org.apache.commons.math.linear.FieldLUDecompositionImpl:<init>:105, 0.0
org.apache.commons.math.ode.AbstractIntegrator:getCurrentSignedStepsize:138, 0.0
org.apache.commons.math.ode.events.EventState:evaluateStep:238, 0.0
org.apache.commons.math.ode.events.EventState:evaluateStep:237, 0.0
org.apache.commons.math.ode.nonstiff.EmbeddedRungeKuttaIntegrator:integrate:326, 0.0
org.apache.commons.math.ode.nonstiff.EmbeddedRungeKuttaIntegrator:integrate:327, 0.0
org.apache.commons.math.ode.nonstiff.EmbeddedRungeKuttaIntegrator:integrate:325, 0.0
org.apache.commons.math.ode.nonstiff.EmbeddedRungeKuttaIntegrator:integrate:331, 0.0
org.apache.commons.math.ode.nonstiff.EmbeddedRungeKuttaIntegrator:integrate:328, 0.0
org.apache.commons.math.ode.nonstiff.AdamsBashforthIntegrator:integrate:289, 0.0
org.apache.commons.math.ode.nonstiff.AdamsNordsieckTransformer:getInstance:205, 0.0
org.apache.commons.math.ode.nonstiff.AdamsNordsieckTransformer:getInstance:204, 0.0
org.apache.commons.math.ode.nonstiff.AdamsNordsieckTransformer:getInstance:203, 0.0
org.apache.commons.math.ode.AbstractIntegrator:sanityChecks:218, 0.0
org.apache.commons.math.ode.sampling.AbstractStepInterpolator:reinitialize:171, 0.0
org.apache.commons.math.ode.sampling.AbstractStepInterpolator:reinitialize:184, 0.0
org.apache.commons.math.ode.sampling.AbstractStepInterpolator:reinitialize:174, 0.0
org.apache.commons.math.ode.sampling.AbstractStepInterpolator:reinitialize:173, 0.0
org.apache.commons.math.ode.sampling.AbstractStepInterpolator:reinitialize:172, 0.0
org.apache.commons.math.ode.sampling.AbstractStepInterpolator:reinitialize:178, 0.0
org.apache.commons.math.ode.sampling.AbstractStepInterpolator:reinitialize:176, 0.0
org.apache.commons.math.ode.sampling.AbstractStepInterpolator:reinitialize:177, 0.0
org.apache.commons.math.ode.sampling.AbstractStepInterpolator:reinitialize:182, 0.0
org.apache.commons.math.ode.sampling.AbstractStepInterpolator:reinitialize:180, 0.0
org.apache.commons.math.ode.sampling.AbstractStepInterpolator:reinitialize:181, 0.0
org.apache.commons.math.linear.Array2DRowFieldMatrix:<init>:85, 0.0
org.apache.commons.math.linear.Array2DRowFieldMatrix:<init>:87, 0.0
org.apache.commons.math.linear.Array2DRowFieldMatrix:<init>:86, 0.0
org.apache.commons.math.ode.nonstiff.AdaptiveStepsizeIntegrator:initializeStep:209, 0.0
org.apache.commons.math.fraction.BigFraction:equals:712, 0.0
org.apache.commons.math.fraction.BigFraction:equals:714, 0.0
org.apache.commons.math.ode.nonstiff.AdamsNordsieckTransformer:updateHighOrderDerivativesPhase2:307, 0.0
org.apache.commons.math.ode.nonstiff.AdamsNordsieckTransformer:updateHighOrderDerivativesPhase2:306, 0.0
org.apache.commons.math.ode.sampling.AbstractStepInterpolator:getInterpolatedState:272, 0.0
org.apache.commons.math.ode.events.CombinedEventsManager:reset:236, 0.0
org.apache.commons.math.linear.FieldLUDecompositionImpl$Solver:solve:401, 0.0
org.apache.commons.math.fraction.BigFractionField:getInstance:47, 0.0
org.apache.commons.math.ode.events.EventState:evaluateStep:175, 0.0
org.apache.commons.math.ode.events.EventState:evaluateStep:174, 0.0
org.apache.commons.math.ode.events.EventState:evaluateStep:173, 0.0
org.apache.commons.math.ode.events.EventState:evaluateStep:172, 0.0
org.apache.commons.math.ode.events.EventState:evaluateStep:178, 0.0
org.apache.commons.math.ode.events.EventState:evaluateStep:177, 0.0
org.apache.commons.math.ode.nonstiff.AdamsIntegrator:initializeHighOrderDerivatives:94, 0.0
org.apache.commons.math.ode.nonstiff.EmbeddedRungeKuttaIntegrator:integrate:212, 0.0
org.apache.commons.math.ode.nonstiff.EmbeddedRungeKuttaIntegrator:integrate:207, 0.0
org.apache.commons.math.ode.nonstiff.EmbeddedRungeKuttaIntegrator:integrate:208, 0.0
org.apache.commons.math.linear.FieldLUDecompositionImpl:<init>:102, 0.0
org.apache.commons.math.linear.FieldLUDecompositionImpl:<init>:103, 0.0
org.apache.commons.math.fraction.BigFraction:getField:1132, 0.0
org.apache.commons.math.ode.MultistepIntegrator:setMinReduction:258, 0.0
org.apache.commons.math.ode.MultistepIntegrator:setMinReduction:257, 0.0
org.apache.commons.math.ode.nonstiff.AdamsIntegrator:updateHighOrderDerivativesPhase1:109, 0.0
org.apache.commons.math.ode.nonstiff.AdamsBashforthIntegrator:integrate:287, 0.0
org.apache.commons.math.ode.nonstiff.AdamsBashforthIntegrator:integrate:286, 0.0
org.apache.commons.math.analysis.solvers.BrentSolver:solve:333, 0.0
org.apache.commons.math.ode.MultistepIntegrator$CountingDifferentialEquations:<init>:390, 0.0
org.apache.commons.math.ode.MultistepIntegrator$CountingDifferentialEquations:<init>:389, 0.0
org.apache.commons.math.ode.MultistepIntegrator$CountingDifferentialEquations:<init>:388, 0.0
org.apache.commons.math.ode.events.CombinedEventsManager:reset:235, 0.0
org.apache.commons.math.linear.AbstractFieldMatrix:extractField:95, 0.0
org.apache.commons.math.ode.nonstiff.AdamsNordsieckTransformer:initializeHighOrderDerivatives:263, 0.0
org.apache.commons.math.linear.Array2DRowRealMatrix:getColumnDimension:426, 0.0
org.apache.commons.math.ode.sampling.AbstractStepInterpolator:getInterpolatedState:273, 0.0
org.apache.commons.math.ode.sampling.AbstractStepInterpolator:setInterpolatedTime:246, 0.0
org.apache.commons.math.ode.sampling.AbstractStepInterpolator:setInterpolatedTime:247, 0.0
org.apache.commons.math.ode.sampling.AbstractStepInterpolator:setInterpolatedTime:245, 0.0
org.apache.commons.math.linear.FieldLUDecompositionImpl$Solver:solve:405, 0.0
org.apache.commons.math.ode.AbstractIntegrator$EndTimeChecker:<init>:258, 0.0
org.apache.commons.math.ode.AbstractIntegrator$EndTimeChecker:<init>:256, 0.0
org.apache.commons.math.ode.AbstractIntegrator$EndTimeChecker:<init>:257, 0.0
org.apache.commons.math.ode.events.EventState:evaluateStep:243, 0.0
org.apache.commons.math.ode.nonstiff.AdamsBashforthIntegrator:integrate:297, 0.0
org.apache.commons.math.ode.nonstiff.EmbeddedRungeKuttaIntegrator:integrate:311, 0.0
org.apache.commons.math.ode.nonstiff.AdamsNordsieckTransformer:updateHighOrderDerivativesPhase2:305, 0.0
org.apache.commons.math.ode.nonstiff.AdamsNordsieckTransformer:updateHighOrderDerivativesPhase2:304, 0.0
org.apache.commons.math.linear.FieldLUDecompositionImpl$Solver:getInverse:426, 0.0
org.apache.commons.math.ode.AbstractIntegrator:sanityChecks:212, 0.0
org.apache.commons.math.fraction.BigFraction:equals:716, 0.0
org.apache.commons.math.linear.MatrixUtils:checkMultiplicationCompatible:656, 0.0
org.apache.commons.math.ConvergingAlgorithmImpl:setMaximalIterationCount:93, 0.0
org.apache.commons.math.ConvergingAlgorithmImpl:setMaximalIterationCount:94, 0.0
org.apache.commons.math.linear.FieldLUDecompositionImpl:<init>:100, 0.0
org.apache.commons.math.linear.FieldLUDecompositionImpl:<init>:101, 0.0
org.apache.commons.math.fraction.BigFractionField:getOne:52, 0.0
org.apache.commons.math.linear.Array2DRowRealMatrix:multiply:310, 0.0
org.apache.commons.math.ode.nonstiff.DormandPrince853StepInterpolator:computeInterpolatedStateAndDerivatives:328, 0.0
org.apache.commons.math.ode.events.EventState:evaluateStep:247, 0.0
org.apache.commons.math.ode.events.EventState:evaluateStep:248, 0.0
org.apache.commons.math.ode.sampling.AbstractStepInterpolator:storeTime:220, 0.0
org.apache.commons.math.ode.sampling.AbstractStepInterpolator:storeTime:221, 0.0
org.apache.commons.math.ode.sampling.AbstractStepInterpolator:storeTime:226, 0.0
org.apache.commons.math.ode.sampling.AbstractStepInterpolator:storeTime:224, 0.0
org.apache.commons.math.ode.sampling.AbstractStepInterpolator:storeTime:219, 0.0
org.apache.commons.math.ode.nonstiff.EmbeddedRungeKuttaIntegrator:integrate:213, 0.0
org.apache.commons.math.ode.nonstiff.EmbeddedRungeKuttaIntegrator:integrate:214, 0.0
org.apache.commons.math.ode.nonstiff.EmbeddedRungeKuttaIntegrator:integrate:215, 0.0
org.apache.commons.math.ode.nonstiff.EmbeddedRungeKuttaIntegrator:integrate:216, 0.0
org.apache.commons.math.ode.AbstractIntegrator:computeDerivatives:179, 0.0
org.apache.commons.math.linear.FieldLUDecompositionImpl$Solver:getInverse:428, 0.0
org.apache.commons.math.ode.nonstiff.AdamsBashforthIntegrator:integrate:291, 0.0
org.apache.commons.math.ode.nonstiff.AdamsBashforthIntegrator:integrate:292, 0.0
org.apache.commons.math.ode.nonstiff.AdamsBashforthIntegrator:integrate:293, 0.0
org.apache.commons.math.ode.nonstiff.AdamsBashforthIntegrator:integrate:294, 0.0
org.apache.commons.math.ode.events.CombinedEventsManager:reset:237, 0.0
org.apache.commons.math.ode.sampling.NordsieckStepInterpolator:reinitialize:129, 0.0
org.apache.commons.math.ode.sampling.NordsieckStepInterpolator:reinitialize:127, 0.0
org.apache.commons.math.ode.sampling.NordsieckStepInterpolator:reinitialize:128, 0.0
org.apache.commons.math.ode.sampling.NordsieckStepInterpolator:reinitialize:130, 0.0
org.apache.commons.math.ode.sampling.NordsieckStepInterpolator:reinitialize:133, 0.0
org.apache.commons.math.ode.sampling.NordsieckStepInterpolator:reinitialize:135, 0.0
org.apache.commons.math.linear.AbstractFieldMatrix:extractField:92, 0.0
org.apache.commons.math.fraction.BigFraction:equals:715, 0.0
org.apache.commons.math.ode.nonstiff.DormandPrince853StepInterpolator:<init>:236, 0.0
org.apache.commons.math.ode.nonstiff.DormandPrince853StepInterpolator:<init>:235, 0.0
org.apache.commons.math.ode.nonstiff.DormandPrince853StepInterpolator:<init>:234, 0.0
org.apache.commons.math.ode.nonstiff.DormandPrince853StepInterpolator:<init>:233, 0.0
org.apache.commons.math.ode.nonstiff.DormandPrince853StepInterpolator:<init>:232, 0.0
org.apache.commons.math.ode.events.EventState:reinitializeBegin:154, 0.0
org.apache.commons.math.ode.nonstiff.DormandPrince853StepInterpolator:<init>:274, 0.0
org.apache.commons.math.ode.MultistepIntegrator:setSafety:286, 0.0
org.apache.commons.math.ode.MultistepIntegrator:setSafety:285, 0.0
org.apache.commons.math.ode.nonstiff.AdamsBashforthIntegrator:integrate:239, 0.0
org.apache.commons.math.ode.nonstiff.AdamsBashforthIntegrator:integrate:240, 0.0
org.apache.commons.math.ode.nonstiff.DormandPrince853StepInterpolator:doFinalize:417, 0.0
org.apache.commons.math.ode.nonstiff.DormandPrince853StepInterpolator:doFinalize:420, 0.0
org.apache.commons.math.ode.nonstiff.EmbeddedRungeKuttaIntegrator:integrate:241, 0.0
org.apache.commons.math.ode.sampling.NordsieckStepInterpolator:rescale:145, 0.0
org.apache.commons.math.ode.nonstiff.DormandPrince853Integrator:<init>:216, 0.0
org.apache.commons.math.ode.nonstiff.DormandPrince853Integrator:<init>:219, 0.0
org.apache.commons.math.ode.AbstractIntegrator:clearStepHandlers:98, 0.0
org.apache.commons.math.ode.AbstractIntegrator:clearStepHandlers:97, 0.0
org.apache.commons.math.linear.AbstractFieldMatrix:<init>:77, 0.0
org.apache.commons.math.linear.AbstractFieldMatrix:<init>:78, 0.0
org.apache.commons.math.ode.sampling.NordsieckStepInterpolator:reinitialize:110, 0.0
org.apache.commons.math.ode.sampling.NordsieckStepInterpolator:reinitialize:111, 0.0
org.apache.commons.math.ode.sampling.NordsieckStepInterpolator:reinitialize:112, 0.0
org.apache.commons.math.ode.nonstiff.EmbeddedRungeKuttaIntegrator:integrate:280, 0.0
org.apache.commons.math.ode.nonstiff.EmbeddedRungeKuttaIntegrator:integrate:279, 0.0
org.apache.commons.math.fraction.BigFraction:doubleValue:692, 0.0
org.apache.commons.math.ode.MultistepIntegrator:start:226, 0.0
org.apache.commons.math.ode.MultistepIntegrator:start:225, 0.0
org.apache.commons.math.ode.sampling.AbstractStepInterpolator:getCurrentTime:235, 0.0
org.apache.commons.math.ode.sampling.AbstractStepInterpolator:getInterpolatedDerivatives:289, 0.0
org.apache.commons.math.ode.nonstiff.AdaptiveStepsizeIntegrator:initializeStep:249, 0.0
org.apache.commons.math.ode.events.CombinedEventsManager:evaluateStep:127, 0.0
org.apache.commons.math.ode.events.CombinedEventsManager:evaluateStep:128, 0.0
org.apache.commons.math.ode.nonstiff.DormandPrince853StepInterpolator:doFinalize:411, 0.0
org.apache.commons.math.ode.nonstiff.DormandPrince853StepInterpolator:doFinalize:415, 0.0
org.apache.commons.math.fraction.BigFraction:equals:717, 0.0
org.apache.commons.math.fraction.BigFraction:equals:719, 0.0
org.apache.commons.math.fraction.BigFraction:equals:718, 0.0
org.apache.commons.math.ode.nonstiff.AdaptiveStepsizeIntegrator:sanityChecks:180, 0.0
org.apache.commons.math.linear.Array2DRowFieldMatrix:getEntry:366, 0.0
org.apache.commons.math.ode.events.CombinedEventsManager:getEventTime:187, 0.0
org.apache.commons.math.ode.nonstiff.AdamsIntegrator:<init>:58, 0.0
org.apache.commons.math.ode.nonstiff.AdamsIntegrator:<init>:57, 0.0
org.apache.commons.math.ode.nonstiff.AdamsIntegrator:<init>:55, 0.0
org.apache.commons.math.ode.nonstiff.AdamsNordsieckTransformer:<clinit>:136, 0.0
org.apache.commons.math.ode.sampling.NordsieckStepInterpolator:rescale:144, 0.0
org.apache.commons.math.ode.MultistepIntegrator:access$000:59, 0.0
org.apache.commons.math.linear.FieldLUDecompositionImpl$Solver:solve:365, 0.0
org.apache.commons.math.linear.FieldLUDecompositionImpl$Solver:solve:366, 0.0
org.apache.commons.math.ode.sampling.AbstractStepInterpolator:getInterpolatedDerivatives:290, 0.0
org.apache.commons.math.ode.sampling.AbstractStepInterpolator:getInterpolatedDerivatives:291, 0.0
org.apache.commons.math.linear.MatrixUtils$BigFractionMatrixConverter:start:728, 0.0
org.apache.commons.math.linear.MatrixUtils$BigFractionMatrixConverter:start:729, 0.0
org.apache.commons.math.ode.events.CombinedEventsManager:getEventsStates:102, 0.0
org.apache.commons.math.ode.nonstiff.EmbeddedRungeKuttaIntegrator:setSafety:187, 0.0
org.apache.commons.math.ode.nonstiff.EmbeddedRungeKuttaIntegrator:setSafety:188, 0.0
org.apache.commons.math.ode.MultistepIntegrator:start:230, 0.0
org.apache.commons.math.ode.MultistepIntegrator:start:223, 0.0
org.apache.commons.math.ode.MultistepIntegrator:start:215, 0.0
org.apache.commons.math.ode.MultistepIntegrator:start:216, 0.0
org.apache.commons.math.ode.MultistepIntegrator:start:219, 0.0
org.apache.commons.math.linear.FieldLUDecompositionImpl:<init>:96, 0.0
org.apache.commons.math.linear.AbstractFieldMatrix:getField:159, 0.0
org.apache.commons.math.ode.nonstiff.AdaptiveStepsizeIntegrator:initializeStep:254, 0.0
org.apache.commons.math.ode.nonstiff.AdaptiveStepsizeIntegrator:initializeStep:252, 0.0
org.apache.commons.math.ode.nonstiff.AdaptiveStepsizeIntegrator:initializeStep:253, 0.0
org.apache.commons.math.ode.MultistepIntegrator$CountingDifferentialEquations:getDimension:400, 0.0
org.apache.commons.math.ode.nonstiff.DormandPrince853StepInterpolator:doFinalize:425, 0.0
org.apache.commons.math.ode.nonstiff.DormandPrince853StepInterpolator:doFinalize:421, 0.0
org.apache.commons.math.ode.nonstiff.AdamsNordsieckTransformer:updateHighOrderDerivativesPhase2:310, 0.0
org.apache.commons.math.linear.AbstractFieldMatrix:buildArray:137, 0.0
org.apache.commons.math.ode.sampling.NordsieckStepInterpolator:rescale:149, 0.0
org.apache.commons.math.ode.sampling.NordsieckStepInterpolator:rescale:150, 0.0
org.apache.commons.math.ode.nonstiff.EmbeddedRungeKuttaIntegrator:integrate:246, 0.0
org.apache.commons.math.ode.nonstiff.EmbeddedRungeKuttaIntegrator:integrate:245, 0.0
org.apache.commons.math.analysis.solvers.BrentSolver:solve:302, 0.0
org.apache.commons.math.analysis.solvers.BrentSolver:solve:303, 0.0
org.apache.commons.math.ode.events.EventState:evaluateStep:191, 0.0
org.apache.commons.math.ode.sampling.AbstractStepInterpolator:getInterpolatedDerivatives:288, 0.0
org.apache.commons.math.ode.MultistepIntegrator:start:235, 0.0
org.apache.commons.math.ode.MultistepIntegrator:start:233, 0.0
org.apache.commons.math.ode.nonstiff.AdaptiveStepsizeIntegrator:initializeStep:244, 0.0
org.apache.commons.math.ode.nonstiff.AdaptiveStepsizeIntegrator:initializeStep:248, 0.0
org.apache.commons.math.ode.MultistepIntegrator$NordsieckInitializer:handleStep:326, 0.0
org.apache.commons.math.ode.MultistepIntegrator$NordsieckInitializer:handleStep:327, 0.0
org.apache.commons.math.ode.MultistepIntegrator$NordsieckInitializer:handleStep:324, 0.0
org.apache.commons.math.ode.MultistepIntegrator$NordsieckInitializer:handleStep:325, 0.0
org.apache.commons.math.ode.MultistepIntegrator$NordsieckInitializer:handleStep:330, 0.0
org.apache.commons.math.ode.MultistepIntegrator$NordsieckInitializer:handleStep:331, 0.0
org.apache.commons.math.ode.nonstiff.EmbeddedRungeKuttaIntegrator:integrate:278, 0.0
org.apache.commons.math.linear.FieldLUDecompositionImpl:<init>:94, 0.0
org.apache.commons.math.ode.events.CombinedEventsManager:evaluateStep:135, 0.0
org.apache.commons.math.linear.AbstractFieldMatrix:buildArray:135, 0.0
org.apache.commons.math.ode.nonstiff.EmbeddedRungeKuttaIntegrator:integrate:244, 0.0
org.apache.commons.math.ode.sampling.NordsieckStepInterpolator:rescale:146, 0.0
org.apache.commons.math.linear.Array2DRowFieldMatrix:<init>:143, 0.0
org.apache.commons.math.ode.nonstiff.AdamsBashforthIntegrator:integrate:349, 0.0
org.apache.commons.math.ode.nonstiff.AdamsBashforthIntegrator:integrate:348, 0.0
org.apache.commons.math.ode.nonstiff.AdamsBashforthIntegrator:integrate:347, 0.0
org.apache.commons.math.ode.nonstiff.AdamsBashforthIntegrator:integrate:346, 0.0
org.apache.commons.math.linear.AbstractFieldMatrix:<init>:72, 0.0
org.apache.commons.math.ode.nonstiff.RungeKuttaStepInterpolator:reinitialize:129, 0.0
org.apache.commons.math.ode.nonstiff.RungeKuttaStepInterpolator:reinitialize:127, 0.0
org.apache.commons.math.ode.nonstiff.RungeKuttaStepInterpolator:reinitialize:128, 0.0
org.apache.commons.math.ode.nonstiff.RungeKuttaStepInterpolator:reinitialize:126, 0.0
org.apache.commons.math.linear.DefaultFieldMatrixChangingVisitor:start:49, 0.0
org.apache.commons.math.linear.FieldLUDecompositionImpl:<init>:91, 0.0
org.apache.commons.math.linear.FieldLUDecompositionImpl:<init>:90, 0.0
org.apache.commons.math.linear.FieldLUDecompositionImpl$Solver:solve:371, 0.0
org.apache.commons.math.analysis.solvers.BrentSolver:solve:300, 0.0
org.apache.commons.math.analysis.solvers.BrentSolver:solve:294, 0.0
org.apache.commons.math.ode.nonstiff.AdaptiveStepsizeIntegrator:getMinStep:323, 0.0
org.apache.commons.math.ode.events.CombinedEventsManager:<init>:56, 0.0
org.apache.commons.math.ode.events.CombinedEventsManager:<init>:55, 0.0
org.apache.commons.math.ode.events.CombinedEventsManager:<init>:54, 0.0
org.apache.commons.math.ode.events.CombinedEventsManager:<init>:53, 0.0
org.apache.commons.math.ode.events.CombinedEventsManager:<init>:52, 0.0
org.apache.commons.math.linear.MatrixUtils$BigFractionMatrixConverter:<init>:721, 0.0
org.apache.commons.math.linear.MatrixUtils$BigFractionMatrixConverter:<init>:722, 0.0
org.apache.commons.math.ode.sampling.NordsieckStepInterpolator:rescale:152, 0.0
org.apache.commons.math.ode.sampling.NordsieckStepInterpolator:rescale:153, 0.0
org.apache.commons.math.ode.sampling.NordsieckStepInterpolator:rescale:154, 0.0
org.apache.commons.math.ode.nonstiff.AdamsBashforthIntegrator:integrate:246, 0.0
org.apache.commons.math.ode.nonstiff.AdamsBashforthIntegrator:integrate:248, 0.0
org.apache.commons.math.ode.events.CombinedEventsManager:evaluateStep:139, 0.0
org.apache.commons.math.ode.events.CombinedEventsManager:evaluateStep:138, 0.0
org.apache.commons.math.ode.events.CombinedEventsManager:evaluateStep:141, 0.0
org.apache.commons.math.ode.events.CombinedEventsManager:evaluateStep:140, 0.0
org.apache.commons.math.ode.nonstiff.AdaptiveStepsizeIntegrator:initializeStep:260, 0.0
org.apache.commons.math.fraction.BigFraction:equals:722, 0.0
org.apache.commons.math.linear.FieldLUDecompositionImpl:<init>:152, 0.0
org.apache.commons.math.fraction.BigFractionField$LazyHolder:access$000:64, 0.0
org.apache.commons.math.ode.AbstractIntegrator:setMaxEvaluations:144, 0.0
org.apache.commons.math.ode.AbstractIntegrator:setMaxEvaluations:143, 0.0
org.apache.commons.math.ode.events.EventState:evaluateStep:188, 0.0
org.apache.commons.math.analysis.solvers.BrentSolver:solve:311, 0.0
org.apache.commons.math.linear.MatrixUtils:bigFractionMatrixToRealMatrix:709, 0.0
org.apache.commons.math.linear.MatrixUtils:bigFractionMatrixToRealMatrix:708, 0.0
org.apache.commons.math.linear.MatrixUtils:bigFractionMatrixToRealMatrix:710, 0.0
org.apache.commons.math.ode.nonstiff.EmbeddedRungeKuttaIntegrator:integrate:288, 0.0
org.apache.commons.math.ode.nonstiff.EmbeddedRungeKuttaIntegrator:integrate:287, 0.0
org.apache.commons.math.ode.nonstiff.EmbeddedRungeKuttaIntegrator:integrate:237, 0.0
org.apache.commons.math.ode.nonstiff.EmbeddedRungeKuttaIntegrator:integrate:236, 0.0
org.apache.commons.math.ode.nonstiff.EmbeddedRungeKuttaIntegrator:integrate:234, 0.0
org.apache.commons.math.linear.FieldLUDecompositionImpl:<init>:87, 0.0
org.apache.commons.math.linear.FieldLUDecompositionImpl:<init>:88, 0.0
org.apache.commons.math.linear.FieldLUDecompositionImpl$Solver:solve:298, 0.0
org.apache.commons.math.ode.MultistepIntegrator$InitializationCompletedMarkerException:<init>:375, 0.0
org.apache.commons.math.ode.MultistepIntegrator$InitializationCompletedMarkerException:<init>:374, 0.0
org.apache.commons.math.linear.AbstractFieldMatrix:<init>:66, 0.0
org.apache.commons.math.linear.AbstractFieldMatrix:<init>:67, 0.0
org.apache.commons.math.analysis.solvers.BrentSolver:solve:234, 0.0
org.apache.commons.math.analysis.solvers.UnivariateRealSolverImpl:<init>:93, 0.0
org.apache.commons.math.analysis.solvers.UnivariateRealSolverImpl:<init>:95, 0.0
org.apache.commons.math.analysis.solvers.UnivariateRealSolverImpl:<init>:94, 0.0
org.apache.commons.math.analysis.solvers.UnivariateRealSolverImpl:<init>:41, 0.0
org.apache.commons.math.analysis.solvers.UnivariateRealSolverImpl:<init>:96, 0.0
org.apache.commons.math.ode.nonstiff.AdamsIntegrator:updateHighOrderDerivativesPhase2:129, 0.0
org.apache.commons.math.ode.nonstiff.AdamsIntegrator:updateHighOrderDerivativesPhase2:128, 0.0
org.apache.commons.math.ode.nonstiff.EmbeddedRungeKuttaIntegrator:<init>:119, 0.0
org.apache.commons.math.ode.nonstiff.EmbeddedRungeKuttaIntegrator:<init>:118, 0.0
org.apache.commons.math.ode.nonstiff.EmbeddedRungeKuttaIntegrator:<init>:116, 0.0
org.apache.commons.math.ode.nonstiff.EmbeddedRungeKuttaIntegrator:<init>:129, 0.0
org.apache.commons.math.ode.nonstiff.EmbeddedRungeKuttaIntegrator:<init>:127, 0.0
org.apache.commons.math.ode.nonstiff.EmbeddedRungeKuttaIntegrator:<init>:128, 0.0
org.apache.commons.math.ode.nonstiff.EmbeddedRungeKuttaIntegrator:<init>:131, 0.0
org.apache.commons.math.ode.nonstiff.EmbeddedRungeKuttaIntegrator:<init>:124, 0.0
org.apache.commons.math.ode.nonstiff.EmbeddedRungeKuttaIntegrator:<init>:122, 0.0
org.apache.commons.math.ode.nonstiff.EmbeddedRungeKuttaIntegrator:<init>:121, 0.0
org.apache.commons.math.ode.nonstiff.EmbeddedRungeKuttaIntegrator:<init>:120, 0.0
org.apache.commons.math.ode.nonstiff.DormandPrince853Integrator:estimateError:257, 0.0
org.apache.commons.math.ode.nonstiff.DormandPrince853Integrator:estimateError:253, 0.0
org.apache.commons.math.ode.nonstiff.DormandPrince853Integrator:estimateError:262, 0.0
org.apache.commons.math.ode.nonstiff.DormandPrince853StepInterpolator:doFinalize:427, 0.0
org.apache.commons.math.ode.nonstiff.DormandPrince853StepInterpolator:doFinalize:429, 0.0
org.apache.commons.math.ode.nonstiff.AdamsBashforthIntegrator:integrate:244, 0.0
org.apache.commons.math.ode.nonstiff.AdamsBashforthIntegrator:integrate:243, 0.0
org.apache.commons.math.linear.Array2DRowFieldMatrix:walkInRowOrder:476, 0.0
org.apache.commons.math.ode.nonstiff.AdaptiveStepsizeIntegrator:initializeStep:261, 0.0
org.apache.commons.math.linear.MatrixUtils$BigFractionMatrixConverter:visit:734, 0.0
org.apache.commons.math.linear.MatrixUtils$BigFractionMatrixConverter:visit:735, 0.0
org.apache.commons.math.ode.nonstiff.AdamsNordsieckTransformer:<init>:152, 0.0
org.apache.commons.math.ode.nonstiff.AdamsNordsieckTransformer:<init>:155, 0.0
org.apache.commons.math.ode.nonstiff.AdamsNordsieckTransformer:<init>:156, 0.0
org.apache.commons.math.ode.nonstiff.AdamsNordsieckTransformer:<init>:159, 0.0
org.apache.commons.math.ode.nonstiff.AdamsNordsieckTransformer:<init>:161, 0.0
org.apache.commons.math.ode.nonstiff.AdamsNordsieckTransformer:<init>:160, 0.0
org.apache.commons.math.ode.nonstiff.AdamsNordsieckTransformer:<init>:166, 0.0
org.apache.commons.math.ode.sampling.AbstractStepInterpolator:getInterpolatedDerivatives:287, 0.0
org.apache.commons.math.linear.AbstractFieldMatrix:walkInOptimizedOrder:908, 0.0
org.apache.commons.math.linear.Array2DRowFieldMatrix:<init>:133, 0.0
org.apache.commons.math.linear.Array2DRowFieldMatrix:<init>:132, 0.0
org.apache.commons.math.ode.nonstiff.EmbeddedRungeKuttaIntegrator:integrate:291, 0.0
org.apache.commons.math.ode.nonstiff.EmbeddedRungeKuttaIntegrator:integrate:292, 0.0
org.apache.commons.math.ode.sampling.AbstractStepInterpolator:finalizeStep:341, 0.0
org.apache.commons.math.linear.FieldLUDecompositionImpl$Solver:solve:411, 0.0
org.apache.commons.math.linear.FieldLUDecompositionImpl:getSolver:218, 0.0
org.apache.commons.math.ode.nonstiff.EmbeddedRungeKuttaIntegrator:integrate:232, 0.0
org.apache.commons.math.ode.events.CombinedEventsManager:evaluateStep:142, 0.0
org.apache.commons.math.ode.nonstiff.EmbeddedRungeKuttaIntegrator:integrate:239, 0.0
org.apache.commons.math.ode.nonstiff.AdaptiveStepsizeIntegrator:sanityChecks:171, 0.0
org.apache.commons.math.ode.nonstiff.AdaptiveStepsizeIntegrator:sanityChecks:173, 0.0
org.apache.commons.math.ode.sampling.NordsieckStepInterpolator:rescale:155, 0.0
org.apache.commons.math.linear.FieldLUDecompositionImpl$Solver:<init>:247, 0.0
org.apache.commons.math.linear.FieldLUDecompositionImpl$Solver:<init>:252, 0.0
org.apache.commons.math.linear.FieldLUDecompositionImpl$Solver:<init>:250, 0.0
org.apache.commons.math.linear.FieldLUDecompositionImpl$Solver:<init>:251, 0.0
org.apache.commons.math.linear.FieldLUDecompositionImpl$Solver:<init>:248, 0.0
org.apache.commons.math.linear.FieldLUDecompositionImpl$Solver:<init>:249, 0.0
org.apache.commons.math.ode.events.EventState:evaluateStep:184, 0.0
org.apache.commons.math.ode.events.EventState:evaluateStep:185, 0.0
org.apache.commons.math.ode.events.EventState:evaluateStep:183, 0.0
org.apache.commons.math.ode.sampling.AbstractStepInterpolator:shift:212, 0.0
org.apache.commons.math.ode.sampling.AbstractStepInterpolator:shift:211, 0.0
org.apache.commons.math.linear.AbstractFieldMatrix:<init>:54, 0.0
org.apache.commons.math.linear.AbstractFieldMatrix:<init>:53, 0.0
org.apache.commons.math.linear.AbstractFieldMatrix:<init>:52, 0.0
org.apache.commons.math.analysis.solvers.BrentSolver:solve:314, 0.0
org.apache.commons.math.ode.nonstiff.EmbeddedRungeKuttaIntegrator:integrate:281, 0.0
org.apache.commons.math.linear.FieldLUDecompositionImpl:<init>:84, 0.0
org.apache.commons.math.linear.FieldLUDecompositionImpl:<init>:81, 0.0
org.apache.commons.math.linear.FieldLUDecompositionImpl:<init>:80, 0.0
org.apache.commons.math.linear.FieldLUDecompositionImpl:<init>:83, 0.0
org.apache.commons.math.linear.FieldLUDecompositionImpl:<init>:82, 0.0
org.apache.commons.math.linear.FieldLUDecompositionImpl:<init>:78, 0.0
org.apache.commons.math.linear.FieldLUDecompositionImpl:<init>:79, 0.0
org.apache.commons.math.ode.sampling.AbstractStepInterpolator:finalizeStep:343, 0.0
org.apache.commons.math.ode.sampling.AbstractStepInterpolator:finalizeStep:342, 0.0
org.apache.commons.math.ode.nonstiff.EmbeddedRungeKuttaIntegrator:setMaxGrowth:398, 0.0
org.apache.commons.math.ode.nonstiff.EmbeddedRungeKuttaIntegrator:setMaxGrowth:397, 0.0
org.apache.commons.math.linear.FieldLUDecompositionImpl$Solver:solve:416, 0.0
org.apache.commons.math.ode.events.CombinedEventsManager:evaluateStep:145, 0.0
org.apache.commons.math.linear.Array2DRowFieldMatrix:walkInRowOrder:474, 0.0
org.apache.commons.math.linear.Array2DRowFieldMatrix:walkInRowOrder:472, 0.0
org.apache.commons.math.linear.Array2DRowFieldMatrix:walkInRowOrder:473, 0.0
org.apache.commons.math.ode.nonstiff.AdamsBashforthIntegrator:integrate:259, 0.0
org.apache.commons.math.ode.nonstiff.AdamsBashforthIntegrator:integrate:256, 0.0
org.apache.commons.math.ode.nonstiff.AdamsBashforthIntegrator:integrate:252, 0.0
org.apache.commons.math.ode.nonstiff.AdamsBashforthIntegrator:integrate:253, 0.0
org.apache.commons.math.ode.nonstiff.AdamsBashforthIntegrator:integrate:251, 0.0
org.apache.commons.math.ode.nonstiff.DormandPrince853Integrator:estimateError:250, 0.0
org.apache.commons.math.ode.nonstiff.DormandPrince853Integrator:estimateError:249, 0.0
org.apache.commons.math.fraction.BigFraction:<init>:157, 0.0
org.apache.commons.math.ode.nonstiff.AdaptiveStepsizeIntegrator:initializeStep:257, 0.0
org.apache.commons.math.ode.AbstractIntegrator:setEquations:168, 0.0
org.apache.commons.math.ode.AbstractIntegrator:setEquations:167, 0.0
org.apache.commons.math.ode.nonstiff.EmbeddedRungeKuttaIntegrator:integrate:283, 0.0
org.apache.commons.math.ode.sampling.AbstractStepInterpolator:finalizeStep:345, 0.0
org.apache.commons.math.linear.Array2DRowFieldMatrix:<init>:137, 0.0
org.apache.commons.math.linear.Array2DRowFieldMatrix:<init>:138, 0.0
org.apache.commons.math.MathException:getLocalizedMessage:165, 0.0
org.apache.commons.math.ode.nonstiff.AdamsBashforthIntegrator:integrate:299, 0.0
org.apache.commons.math.ode.nonstiff.AdamsBashforthIntegrator:integrate:300, 0.0
org.apache.commons.math.ode.nonstiff.AdamsBashforthIntegrator:integrate:301, 0.0
org.apache.commons.math.ode.nonstiff.AdamsBashforthIntegrator:integrate:302, 0.0
org.apache.commons.math.MaxEvaluationsExceededException:<init>:43, 0.0
org.apache.commons.math.MaxEvaluationsExceededException:<init>:44, 0.0
org.apache.commons.math.MaxEvaluationsExceededException:<init>:45, 0.0
org.apache.commons.math.ode.AbstractIntegrator:computeDerivatives:180, 0.0
org.apache.commons.math.analysis.solvers.BrentSolver:solve:343, 0.0
org.apache.commons.math.analysis.solvers.BrentSolver:solve:342, 0.0
org.apache.commons.math.analysis.solvers.BrentSolver:solve:341, 0.0
org.apache.commons.math.analysis.solvers.BrentSolver:solve:344, 0.0
org.apache.commons.math.ode.AbstractIntegrator:getEvaluations:153, 0.0
org.apache.commons.math.ode.nonstiff.AdaptiveStepsizeIntegrator:filterStep:292, 0.0
org.apache.commons.math.analysis.solvers.BrentSolver:solve:312, 0.0
org.apache.commons.math.ode.nonstiff.AdamsMoultonIntegrator:integrate:228, 0.0
org.apache.commons.math.ode.nonstiff.AdamsMoultonIntegrator:integrate:347, 0.0
org.apache.commons.math.ode.nonstiff.AdamsMoultonIntegrator:integrate:229, 0.0
org.apache.commons.math.ode.nonstiff.AdamsMoultonIntegrator:integrate:356, 0.0
org.apache.commons.math.ode.nonstiff.AdamsMoultonIntegrator:integrate:351, 0.0
org.apache.commons.math.ode.nonstiff.AdamsMoultonIntegrator:integrate:357, 0.0
org.apache.commons.math.ode.nonstiff.AdamsMoultonIntegrator:integrate:354, 0.0
org.apache.commons.math.ode.nonstiff.AdamsMoultonIntegrator:integrate:355, 0.0
org.apache.commons.math.ode.nonstiff.AdamsMoultonIntegrator:integrate:216, 0.0
org.apache.commons.math.ode.nonstiff.AdamsMoultonIntegrator:integrate:222, 0.0
org.apache.commons.math.ode.nonstiff.AdamsMoultonIntegrator:integrate:223, 0.0
org.apache.commons.math.ode.nonstiff.AdamsMoultonIntegrator:integrate:218, 0.0
org.apache.commons.math.ode.nonstiff.AdamsMoultonIntegrator:integrate:219, 0.0
org.apache.commons.math.ode.nonstiff.AdamsMoultonIntegrator:integrate:225, 0.0
org.apache.commons.math.ode.nonstiff.AdamsMoultonIntegrator:integrate:224, 0.0
org.apache.commons.math.ode.nonstiff.AdamsMoultonIntegrator:integrate:212, 0.0
org.apache.commons.math.ode.nonstiff.AdamsMoultonIntegrator:integrate:215, 0.0
org.apache.commons.math.ode.nonstiff.AdamsMoultonIntegrator:integrate:208, 0.0
org.apache.commons.math.ode.nonstiff.AdamsMoultonIntegrator:integrate:209, 0.0
org.apache.commons.math.ode.nonstiff.AdamsMoultonIntegrator:integrate:210, 0.0
org.apache.commons.math.ode.nonstiff.AdamsMoultonIntegrator:integrate:211, 0.0
org.apache.commons.math.ode.nonstiff.AdamsMoultonIntegrator$Corrector:visit:414, 0.0
org.apache.commons.math.ode.nonstiff.AdamsMoultonIntegrator:integrate:312, 0.0
org.apache.commons.math.ode.nonstiff.AdamsMoultonIntegrator:integrate:309, 0.0
org.apache.commons.math.ode.nonstiff.AdamsMoultonIntegrator:integrate:311, 0.0
org.apache.commons.math.ode.nonstiff.AdamsMoultonIntegrator:integrate:310, 0.0
org.apache.commons.math.ode.nonstiff.AdamsMoultonIntegrator:integrate:315, 0.0
org.apache.commons.math.ode.nonstiff.AdamsMoultonIntegrator:integrate:322, 0.0
org.apache.commons.math.ode.nonstiff.AdamsMoultonIntegrator:integrate:326, 0.0
org.apache.commons.math.ode.nonstiff.AdamsMoultonIntegrator:integrate:327, 0.0
org.apache.commons.math.ode.nonstiff.AdamsMoultonIntegrator:integrate:332, 0.0
org.apache.commons.math.ode.nonstiff.AdamsMoultonIntegrator:integrate:325, 0.0
org.apache.commons.math.ode.nonstiff.AdamsMoultonIntegrator:integrate:328, 0.0
org.apache.commons.math.ode.nonstiff.AdamsMoultonIntegrator:integrate:329, 0.0
org.apache.commons.math.ode.nonstiff.AdamsMoultonIntegrator$Corrector:end:433, 0.0
org.apache.commons.math.linear.Array2DRowRealMatrix:walkInRowOrder:500, 0.0
org.apache.commons.math.linear.Array2DRowRealMatrix:walkInRowOrder:501, 0.0
org.apache.commons.math.ode.nonstiff.AdamsMoultonIntegrator$Corrector:end:432, 0.0
org.apache.commons.math.ode.nonstiff.AdamsMoultonIntegrator:integrate:334, 0.0
org.apache.commons.math.ode.nonstiff.AdamsMoultonIntegrator:integrate:333, 0.0
org.apache.commons.math.linear.Array2DRowRealMatrix:walkInRowOrder:499, 0.0
org.apache.commons.math.ode.nonstiff.AdamsMoultonIntegrator$Corrector:end:436, 0.0
org.apache.commons.math.ode.nonstiff.AdamsMoultonIntegrator:integrate:338, 0.0
org.apache.commons.math.ode.nonstiff.AdamsMoultonIntegrator:integrate:336, 0.0
org.apache.commons.math.linear.Array2DRowRealMatrix:walkInRowOrder:496, 0.0
org.apache.commons.math.linear.Array2DRowRealMatrix:walkInRowOrder:497, 0.0
org.apache.commons.math.linear.Array2DRowRealMatrix:walkInRowOrder:498, 0.0
org.apache.commons.math.ode.nonstiff.AdamsMoultonIntegrator$Corrector:end:434, 0.0
org.apache.commons.math.ode.nonstiff.AdamsMoultonIntegrator$Corrector:end:435, 0.0
org.apache.commons.math.ode.nonstiff.AdamsMoultonIntegrator$Corrector:end:443, 0.0
org.apache.commons.math.ode.nonstiff.AdamsMoultonIntegrator:integrate:279, 0.0
org.apache.commons.math.linear.Array2DRowRealMatrix:walkInRowOrder:502, 0.0
org.apache.commons.math.ode.nonstiff.AdamsMoultonIntegrator:integrate:275, 0.0
org.apache.commons.math.ode.nonstiff.AdamsMoultonIntegrator:integrate:278, 0.0
org.apache.commons.math.ode.nonstiff.AdamsMoultonIntegrator:integrate:288, 0.0
org.apache.commons.math.ode.nonstiff.AdamsMoultonIntegrator:integrate:289, 0.0
org.apache.commons.math.ode.nonstiff.AdamsMoultonIntegrator:integrate:282, 0.0
org.apache.commons.math.ode.nonstiff.AdamsMoultonIntegrator:integrate:287, 0.0
org.apache.commons.math.ode.nonstiff.AdamsMoultonIntegrator:integrate:286, 0.0
org.apache.commons.math.ode.nonstiff.AdamsMoultonIntegrator:integrate:285, 0.0
org.apache.commons.math.linear.Array2DRowRealMatrix:walkInRowOrder:505, 0.0
org.apache.commons.math.ode.nonstiff.AdamsMoultonIntegrator$Corrector:end:440, 0.0
org.apache.commons.math.ode.nonstiff.AdamsMoultonIntegrator$Corrector:end:439, 0.0
org.apache.commons.math.ode.nonstiff.AdamsMoultonIntegrator:integrate:280, 0.0
org.apache.commons.math.ode.nonstiff.AdamsMoultonIntegrator:integrate:290, 0.0
org.apache.commons.math.ode.nonstiff.AdamsMoultonIntegrator:integrate:291, 0.0
org.apache.commons.math.linear.AbstractRealMatrix:walkInOptimizedOrder:919, 0.0
org.apache.commons.math.ode.nonstiff.AdamsMoultonIntegrator:integrate:307, 0.0
org.apache.commons.math.ode.nonstiff.AdamsMoultonIntegrator:integrate:305, 0.0
org.apache.commons.math.ode.nonstiff.AdamsMoultonIntegrator:integrate:304, 0.0
org.apache.commons.math.ode.nonstiff.AdamsMoultonIntegrator$Corrector:visit:417, 0.0
org.apache.commons.math.ode.nonstiff.AdamsMoultonIntegrator:integrate:243, 0.0
org.apache.commons.math.ode.nonstiff.AdamsMoultonIntegrator:integrate:364, 0.0
org.apache.commons.math.ode.nonstiff.AdamsMoultonIntegrator:integrate:365, 0.0
org.apache.commons.math.ode.nonstiff.AdamsMoultonIntegrator:integrate:366, 0.0
org.apache.commons.math.ode.nonstiff.AdamsMoultonIntegrator:integrate:367, 0.0
org.apache.commons.math.ode.nonstiff.AdamsMoultonIntegrator$Corrector:visit:415, 0.0
org.apache.commons.math.ode.nonstiff.AdamsMoultonIntegrator:integrate:239, 0.0
org.apache.commons.math.ode.nonstiff.AdamsMoultonIntegrator:integrate:237, 0.0
org.apache.commons.math.ode.nonstiff.AdamsMoultonIntegrator:integrate:236, 0.0
org.apache.commons.math.ode.nonstiff.AdamsMoultonIntegrator:integrate:235, 0.0
org.apache.commons.math.ode.nonstiff.AdamsMoultonIntegrator:integrate:231, 0.0
org.apache.commons.math.ode.nonstiff.AdamsMoultonIntegrator:integrate:242, 0.0
org.apache.commons.math.ode.nonstiff.AdamsMoultonIntegrator:integrate:240, 0.0
org.apache.commons.math.ode.nonstiff.AdamsMoultonIntegrator:integrate:362, 0.0
org.apache.commons.math.ode.nonstiff.AdamsMoultonIntegrator:integrate:249, 0.0
org.apache.commons.math.ode.nonstiff.AdamsMoultonIntegrator:integrate:358, 0.0
org.apache.commons.math.ode.nonstiff.AdamsMoultonIntegrator:integrate:359, 0.0
org.apache.commons.math.ode.nonstiff.AdamsMoultonIntegrator$Corrector:visit:419, 0.0
org.apache.commons.math.ode.nonstiff.AdamsMoultonIntegrator:integrate:246, 0.0
org.apache.commons.math.ode.nonstiff.AdamsMoultonIntegrator:integrate:248, 0.0
org.apache.commons.math.ode.nonstiff.AdamsMoultonIntegrator:integrate:263, 0.0
org.apache.commons.math.ode.nonstiff.AdamsMoultonIntegrator$Corrector:start:408, 0.0
org.apache.commons.math.ode.nonstiff.AdamsMoultonIntegrator$Corrector:start:409, 0.0
org.apache.commons.math.ode.nonstiff.AdamsMoultonIntegrator$Corrector:<init>:402, 0.0
org.apache.commons.math.ode.nonstiff.AdamsMoultonIntegrator$Corrector:<init>:403, 0.0
org.apache.commons.math.ode.nonstiff.AdamsMoultonIntegrator$Corrector:<init>:400, 0.0
org.apache.commons.math.ode.nonstiff.AdamsMoultonIntegrator$Corrector:<init>:401, 0.0
org.apache.commons.math.ode.nonstiff.AdamsMoultonIntegrator$Corrector:<init>:399, 0.0
org.apache.commons.math.ode.nonstiff.AdamsMoultonIntegrator$Corrector:<init>:398, 0.0
org.apache.commons.math.ode.nonstiff.AdamsMoultonIntegrator:integrate:254, 0.0
org.apache.commons.math.ode.nonstiff.AdamsMoultonIntegrator:integrate:255, 0.0
org.apache.commons.math.ode.nonstiff.AdamsMoultonIntegrator:integrate:259, 0.0
org.apache.commons.math.ode.nonstiff.AdamsMoultonIntegrator:integrate:256, 0.0
org.apache.commons.math.ode.nonstiff.AdamsMoultonIntegrator:integrate:262, 0.0
org.apache.commons.math.ode.nonstiff.AdamsMoultonIntegrator:integrate:251, 0.0
org.apache.commons.math.ode.nonstiff.AdamsMoultonIntegrator:<init>:178, 0.0
org.apache.commons.math.ode.nonstiff.AdamsMoultonIntegrator:<init>:176, 0.0
org.apache.commons.math.ode.nonstiff.AdamsMoultonIntegrator:integrate:266, 0.0
org.apache.commons.math.ode.nonstiff.AdamsMoultonIntegrator:integrate:267, 0.0
org.apache.commons.math.ode.nonstiff.AdamsMoultonIntegrator:integrate:272, 0.0
org.apache.commons.math.ode.nonstiff.AdamsMoultonIntegrator:integrate:270, 0.0
org.apache.commons.math.ode.nonstiff.AdamsMoultonIntegrator:integrate:264, 0.0
org.apache.commons.math.ode.nonstiff.AdamsMoultonIntegrator:integrate:317, 0.0
org.apache.commons.math.ode.nonstiff.AdamsMoultonIntegrator:integrate:319, 0.0
org.apache.commons.math.ode.nonstiff.AdamsMoultonIntegrator:integrate:318, 0.0
org.apache.commons.math.ode.nonstiff.HighamHall54Integrator:<init>:77, 0.0
org.apache.commons.math.ode.nonstiff.HighamHall54Integrator:<init>:79, 0.0
org.apache.commons.math.ode.nonstiff.HighamHall54Integrator:estimateError:126, 0.0
org.apache.commons.math.ode.nonstiff.HighamHall54StepInterpolator:computeInterpolatedStateAndDerivatives:85, 0.0
org.apache.commons.math.ode.nonstiff.HighamHall54StepInterpolator:computeInterpolatedStateAndDerivatives:84, 0.0
org.apache.commons.math.ode.nonstiff.HighamHall54StepInterpolator:computeInterpolatedStateAndDerivatives:87, 0.0
org.apache.commons.math.ode.nonstiff.HighamHall54StepInterpolator:computeInterpolatedStateAndDerivatives:86, 0.0
org.apache.commons.math.ode.nonstiff.HighamHall54StepInterpolator:computeInterpolatedStateAndDerivatives:81, 0.0
org.apache.commons.math.ode.nonstiff.HighamHall54StepInterpolator:computeInterpolatedStateAndDerivatives:80, 0.0
org.apache.commons.math.ode.nonstiff.HighamHall54StepInterpolator:computeInterpolatedStateAndDerivatives:83, 0.0
org.apache.commons.math.ode.nonstiff.HighamHall54StepInterpolator:computeInterpolatedStateAndDerivatives:82, 0.0
org.apache.commons.math.ode.nonstiff.HighamHall54StepInterpolator:computeInterpolatedStateAndDerivatives:76, 0.0
org.apache.commons.math.ode.nonstiff.HighamHall54StepInterpolator:computeInterpolatedStateAndDerivatives:78, 0.0
org.apache.commons.math.ode.nonstiff.HighamHall54StepInterpolator:computeInterpolatedStateAndDerivatives:79, 0.0
org.apache.commons.math.ode.nonstiff.HighamHall54StepInterpolator:computeInterpolatedStateAndDerivatives:89, 0.0
org.apache.commons.math.ode.nonstiff.EmbeddedRungeKuttaIntegrator:integrate:360, 0.0
org.apache.commons.math.ode.nonstiff.HighamHall54Integrator:estimateError:111, 0.0
org.apache.commons.math.ode.nonstiff.HighamHall54Integrator:estimateError:118, 0.0
org.apache.commons.math.ode.nonstiff.HighamHall54Integrator:estimateError:122, 0.0
org.apache.commons.math.ode.nonstiff.HighamHall54Integrator:estimateError:121, 0.0
org.apache.commons.math.ode.events.EventState:getMaxIterationCount:138, 0.0
org.apache.commons.math.ode.nonstiff.HighamHall54Integrator:estimateError:117, 0.0
org.apache.commons.math.ode.nonstiff.EmbeddedRungeKuttaIntegrator:integrate:364, 0.0
org.apache.commons.math.ode.nonstiff.HighamHall54StepInterpolator:<init>:61, 0.0
org.apache.commons.math.ode.nonstiff.HighamHall54StepInterpolator:<init>:60, 0.0
org.apache.commons.math.ode.nonstiff.EmbeddedRungeKuttaIntegrator:integrate:361, 0.0
org.apache.commons.math.ode.nonstiff.HighamHall54Integrator:estimateError:113, 0.0
org.apache.commons.math.ode.sampling.AbstractStepInterpolator:doFinalize:355, 0.0
org.apache.commons.math.ode.nonstiff.HighamHall54Integrator:estimateError:114, 0.0
org.apache.commons.math.ode.nonstiff.EmbeddedRungeKuttaIntegrator:integrate:342, 0.0
org.apache.commons.math.ode.nonstiff.HighamHall54StepInterpolator:computeInterpolatedStateAndDerivatives:101, 0.0
org.apache.commons.math.ode.nonstiff.HighamHall54Integrator:estimateError:109, 0.0
org.apache.commons.math.ode.AbstractIntegrator:addEventHandler:107, 0.0
org.apache.commons.math.ode.AbstractIntegrator:addEventHandler:105, 0.0
org.apache.commons.math.ode.events.EventException:<init>:40, 0.0
org.apache.commons.math.ode.events.EventException:<init>:39, 0.0
org.apache.commons.math.ode.events.EventState:getConvergence:131, 0.0
org.apache.commons.math.ode.nonstiff.HighamHall54Integrator:estimateError:112, 0.0
org.apache.commons.math.ode.nonstiff.EmbeddedRungeKuttaIntegrator:integrate:335, 0.0
org.apache.commons.math.ode.nonstiff.EmbeddedRungeKuttaIntegrator:integrate:337, 0.0
org.apache.commons.math.ode.nonstiff.HighamHall54StepInterpolator:doCopy:66, 0.0
org.apache.commons.math.ode.IntegratorException:<init>:49, 0.0
org.apache.commons.math.ode.IntegratorException:<init>:48, 0.0
org.apache.commons.math.ode.nonstiff.HighamHall54StepInterpolator:<init>:51, 0.0
org.apache.commons.math.ode.nonstiff.HighamHall54StepInterpolator:<init>:52, 0.0
org.apache.commons.math.ode.nonstiff.HighamHall54StepInterpolator:computeInterpolatedStateAndDerivatives:97, 0.0
org.apache.commons.math.ode.nonstiff.HighamHall54StepInterpolator:computeInterpolatedStateAndDerivatives:93, 0.0
org.apache.commons.math.ode.nonstiff.HighamHall54StepInterpolator:computeInterpolatedStateAndDerivatives:92, 0.0
org.apache.commons.math.ode.nonstiff.HighamHall54StepInterpolator:computeInterpolatedStateAndDerivatives:95, 0.0
org.apache.commons.math.ode.nonstiff.HighamHall54StepInterpolator:computeInterpolatedStateAndDerivatives:94, 0.0
org.apache.commons.math.ode.nonstiff.HighamHall54StepInterpolator:computeInterpolatedStateAndDerivatives:91, 0.0
org.apache.commons.math.ode.nonstiff.HighamHall54StepInterpolator:computeInterpolatedStateAndDerivatives:90, 0.0
org.apache.commons.math.ode.events.EventState:getEventHandler:117, 0.0
org.apache.commons.math.ode.events.EventState:getMaxCheckInterval:124, 0.0
org.apache.commons.math.ode.AbstractIntegrator:addEndTimeChecker:235, 0.0
org.apache.commons.math.ode.nonstiff.EmbeddedRungeKuttaIntegrator:integrate:358, 0.0
org.apache.commons.math.ode.nonstiff.EmbeddedRungeKuttaIntegrator:integrate:359, 0.0
org.apache.commons.math.ode.nonstiff.EmbeddedRungeKuttaIntegrator:integrate:352, 0.0
org.apache.commons.math.ode.nonstiff.EmbeddedRungeKuttaIntegrator:integrate:355, 0.0
org.apache.commons.math.ode.events.CombinedEventsManager:evaluateStep:173, 0.0
org.apache.commons.math.ode.events.CombinedEventsManager:evaluateStep:172, 0.0
org.apache.commons.math.ode.nonstiff.EmbeddedRungeKuttaIntegrator:integrate:348, 0.0
org.apache.commons.math.ode.nonstiff.HighamHall54Integrator:getOrder:100, 0.0
org.apache.commons.math.analysis.solvers.BrentSolver:solve:348, 0.0
org.apache.commons.math.ode.events.CombinedEventsManager:evaluateStep:175, 0.0
org.apache.commons.math.ode.events.CombinedEventsManager:evaluateStep:174, 0.0
org.apache.commons.math.ode.DerivativeException:<init>:42, 0.0
org.apache.commons.math.ode.DerivativeException:<init>:41, 0.0
org.apache.commons.math.ode.events.CombinedEventsManager:isEmpty:109, 0.0
org.apache.commons.math.ode.nonstiff.EmbeddedRungeKuttaIntegrator:integrate:217, 0.0
org.apache.commons.math.ode.sampling.DummyStepInterpolator:<init>:72, 0.0
org.apache.commons.math.ode.sampling.DummyStepInterpolator:<init>:73, 0.0
org.apache.commons.math.ode.sampling.DummyStepInterpolator:<init>:74, 0.0
org.apache.commons.math.ode.AbstractIntegrator:requiresDenseOutput:128, 0.0
org.apache.commons.math.ode.sampling.AbstractStepInterpolator:<init>:119, 0.0
org.apache.commons.math.ode.sampling.AbstractStepInterpolator:<init>:118, 0.0
org.apache.commons.math.ode.sampling.AbstractStepInterpolator:<init>:116, 0.0
org.apache.commons.math.ode.sampling.AbstractStepInterpolator:<init>:115, 0.0
org.apache.commons.math.ode.sampling.AbstractStepInterpolator:<init>:114, 0.0
org.apache.commons.math.ode.sampling.AbstractStepInterpolator:<init>:112, 0.0
org.apache.commons.math.ode.sampling.AbstractStepInterpolator:<init>:110, 0.0
org.apache.commons.math.ode.sampling.AbstractStepInterpolator:<init>:111, 0.0
org.apache.commons.math.ode.sampling.AbstractStepInterpolator:<init>:109, 0.0
org.apache.commons.math.ode.sampling.AbstractStepInterpolator:<init>:122, 0.0
org.apache.commons.math.ode.sampling.AbstractStepInterpolator:<init>:107, 0.0
org.apache.commons.math.ode.sampling.AbstractStepInterpolator:<init>:120, 0.0
org.apache.commons.math.ode.sampling.AbstractStepInterpolator:writeBaseExternal:377, 0.0
org.apache.commons.math.ode.sampling.AbstractStepInterpolator:writeBaseExternal:386, 0.0
org.apache.commons.math.ode.sampling.AbstractStepInterpolator:writeBaseExternal:385, 0.0
org.apache.commons.math.ode.sampling.AbstractStepInterpolator:writeBaseExternal:400, 0.0
org.apache.commons.math.ode.sampling.AbstractStepInterpolator:writeBaseExternal:390, 0.0
org.apache.commons.math.ode.sampling.AbstractStepInterpolator:writeBaseExternal:397, 0.0
org.apache.commons.math.ode.sampling.DummyStepInterpolator:writeExternal:122, 0.0
org.apache.commons.math.ode.sampling.DummyStepInterpolator:writeExternal:120, 0.0
org.apache.commons.math.ode.sampling.AbstractStepInterpolator:writeBaseExternal:381, 0.0
org.apache.commons.math.ode.sampling.AbstractStepInterpolator:writeBaseExternal:380, 0.0
org.apache.commons.math.ode.sampling.AbstractStepInterpolator:writeBaseExternal:384, 0.0
org.apache.commons.math.ode.sampling.AbstractStepInterpolator:writeBaseExternal:382, 0.0
org.apache.commons.math.ode.sampling.AbstractStepInterpolator:writeBaseExternal:379, 0.0
org.apache.commons.math.ode.sampling.AbstractStepInterpolator:writeBaseExternal:399, 0.0
org.apache.commons.math.ode.sampling.AbstractStepInterpolator:writeBaseExternal:398, 0.0
org.apache.commons.math.MathRuntimeException:createIOException:291, 0.0
org.apache.commons.math.MathRuntimeException:createIOException:292, 0.0
org.apache.commons.math.MathRuntimeException:createIOException:293, 0.0
org.apache.commons.math.ode.sampling.AbstractStepInterpolator:writeBaseExternal:374, 0.0
org.apache.commons.math.analysis.solvers.BrentSolver:solve:286, 0.0
org.apache.commons.math.analysis.solvers.BrentSolver:solve:285, 0.0
org.apache.commons.math.analysis.solvers.BrentSolver:solve:337, 0.0
org.apache.commons.math.analysis.solvers.BrentSolver:solve:334, 0.0
org.apache.commons.math.analysis.solvers.BrentSolver:solve:336, 0.0
org.apache.commons.math.ode.sampling.AbstractStepInterpolator:readBaseExternal:433, 0.0
org.apache.commons.math.ode.sampling.AbstractStepInterpolator:readBaseExternal:434, 0.0
org.apache.commons.math.ode.ContinuousOutputModel:setInterpolatedTime:338, 0.0
org.apache.commons.math.ode.ContinuousOutputModel:setInterpolatedTime:336, 0.0
org.apache.commons.math.ode.sampling.NordsieckStepInterpolator:readExternal:264, 0.0
org.apache.commons.math.ode.sampling.NordsieckStepInterpolator:readExternal:262, 0.0
org.apache.commons.math.ode.sampling.NordsieckStepInterpolator:readExternal:263, 0.0
org.apache.commons.math.ode.ContinuousOutputModel:handleStep:200, 0.0
org.apache.commons.math.ode.sampling.AbstractStepInterpolator:readBaseExternal:427, 0.0
org.apache.commons.math.ode.sampling.AbstractStepInterpolator:readBaseExternal:428, 0.0
org.apache.commons.math.ode.ContinuousOutputModel:handleStep:201, 0.0
org.apache.commons.math.ode.ContinuousOutputModel:handleStep:202, 0.0
org.apache.commons.math.ode.ContinuousOutputModel:locatePoint:359, 0.0
org.apache.commons.math.ode.ContinuousOutputModel:setInterpolatedTime:332, 0.0
org.apache.commons.math.ode.sampling.AbstractStepInterpolator:writeBaseExternal:402, 0.0
org.apache.commons.math.ode.ContinuousOutputModel:handleStep:205, 0.0
org.apache.commons.math.ode.ContinuousOutputModel:handleStep:207, 0.0
org.apache.commons.math.ode.ContinuousOutputModel:locatePoint:358, 0.0
org.apache.commons.math.ode.ContinuousOutputModel:setInterpolatedTime:333, 0.0
org.apache.commons.math.ode.sampling.NordsieckStepInterpolator:readExternal:259, 0.0
org.apache.commons.math.ode.sampling.NordsieckStepInterpolator:readExternal:256, 0.0
org.apache.commons.math.ode.sampling.NordsieckStepInterpolator:readExternal:260, 0.0
org.apache.commons.math.ode.ContinuousOutputModel:locatePoint:361, 0.0
org.apache.commons.math.ode.ContinuousOutputModel:locatePoint:360, 0.0
org.apache.commons.math.ode.sampling.AbstractStepInterpolator:readBaseExternal:435, 0.0
org.apache.commons.math.ode.sampling.NordsieckStepInterpolator:readExternal:266, 0.0
org.apache.commons.math.ode.sampling.NordsieckStepInterpolator:readExternal:267, 0.0
org.apache.commons.math.ode.ContinuousOutputModel:getInterpolatedState:347, 0.0
org.apache.commons.math.ode.sampling.AbstractStepInterpolator:readBaseExternal:437, 0.0
org.apache.commons.math.ode.sampling.AbstractStepInterpolator:readBaseExternal:439, 0.0
org.apache.commons.math.ode.ContinuousOutputModel:locatePoint:364, 0.0
org.apache.commons.math.ode.ContinuousOutputModel:locatePoint:362, 0.0
org.apache.commons.math.ode.sampling.NordsieckStepInterpolator:readExternal:265, 0.0
org.apache.commons.math.ode.AbstractIntegrator:getStepHandlers:92, 0.0
org.apache.commons.math.ode.sampling.AbstractStepInterpolator:<init>:149, 0.0
org.apache.commons.math.ode.sampling.AbstractStepInterpolator:<init>:150, 0.0
org.apache.commons.math.ode.sampling.AbstractStepInterpolator:<init>:151, 0.0
org.apache.commons.math.linear.Array2DRowRealMatrix:<init>:136, 0.0
org.apache.commons.math.linear.Array2DRowRealMatrix:setSubMatrix:367, 0.0
org.apache.commons.math.linear.Array2DRowRealMatrix:setSubMatrix:363, 0.0
org.apache.commons.math.ode.ContinuousOutputModel:handleStep:208, 0.0
org.apache.commons.math.ode.ContinuousOutputModel:handleStep:209, 0.0
org.apache.commons.math.linear.Array2DRowRealMatrix:setSubMatrix:356, 0.0
org.apache.commons.math.linear.Array2DRowRealMatrix:setSubMatrix:361, 0.0
org.apache.commons.math.ode.ContinuousOutputModel:handleStep:212, 0.0
org.apache.commons.math.linear.Array2DRowRealMatrix:setSubMatrix:357, 0.0
org.apache.commons.math.ode.sampling.NordsieckStepInterpolator:readExternal:288, 0.0
org.apache.commons.math.ode.ContinuousOutputModel:setInterpolatedTime:285, 0.0
org.apache.commons.math.linear.Array2DRowRealMatrix:setSubMatrix:351, 0.0
org.apache.commons.math.linear.Array2DRowRealMatrix:setSubMatrix:350, 0.0
org.apache.commons.math.ode.sampling.NordsieckStepInterpolator:writeExternal:229, 0.0
org.apache.commons.math.ode.ContinuousOutputModel:reset:186, 0.0
org.apache.commons.math.ode.ContinuousOutputModel:reset:187, 0.0
org.apache.commons.math.ode.ContinuousOutputModel:reset:184, 0.0
org.apache.commons.math.ode.ContinuousOutputModel:reset:185, 0.0
org.apache.commons.math.ode.ContinuousOutputModel:reset:182, 0.0
org.apache.commons.math.ode.ContinuousOutputModel:reset:183, 0.0
org.apache.commons.math.ode.ContinuousOutputModel:setInterpolatedTime:287, 0.0
org.apache.commons.math.ode.ContinuousOutputModel:setInterpolatedTime:286, 0.0
org.apache.commons.math.ode.ContinuousOutputModel:setInterpolatedTime:283, 0.0
org.apache.commons.math.ode.ContinuousOutputModel:setInterpolatedTime:284, 0.0
org.apache.commons.math.ode.ContinuousOutputModel:setInterpolatedTime:282, 0.0
org.apache.commons.math.ode.ContinuousOutputModel:setInterpolatedTime:281, 0.0
org.apache.commons.math.ode.ContinuousOutputModel:setInterpolatedTime:280, 0.0
org.apache.commons.math.ode.sampling.NordsieckStepInterpolator:writeExternal:223, 0.0
org.apache.commons.math.ode.sampling.NordsieckStepInterpolator:writeExternal:227, 0.0
org.apache.commons.math.ode.sampling.NordsieckStepInterpolator:writeExternal:226, 0.0
org.apache.commons.math.linear.Array2DRowRealMatrix:setSubMatrix:355, 0.0
org.apache.commons.math.linear.Array2DRowRealMatrix:copyIn:637, 0.0
org.apache.commons.math.linear.Array2DRowRealMatrix:copyIn:636, 0.0
org.apache.commons.math.ode.ContinuousOutputModel:setInterpolatedTime:277, 0.0
org.apache.commons.math.linear.Array2DRowRealMatrix:setSubMatrix:340, 0.0
org.apache.commons.math.ode.sampling.NordsieckStepInterpolator:writeExternal:234, 0.0
org.apache.commons.math.ode.ContinuousOutputModel:setInterpolatedTime:273, 0.0
org.apache.commons.math.ode.ContinuousOutputModel:setInterpolatedTime:272, 0.0
org.apache.commons.math.ode.ContinuousOutputModel:setInterpolatedTime:271, 0.0
org.apache.commons.math.ode.sampling.NordsieckStepInterpolator:writeExternal:233, 0.0
org.apache.commons.math.ode.ContinuousOutputModel:setInterpolatedTime:270, 0.0
org.apache.commons.math.ode.sampling.NordsieckStepInterpolator:doCopy:98, 0.0
org.apache.commons.math.ode.ContinuousOutputModel:setInterpolatedTime:299, 0.0
org.apache.commons.math.linear.Array2DRowRealMatrix:setSubMatrix:345, 0.0
org.apache.commons.math.linear.Array2DRowRealMatrix:setSubMatrix:344, 0.0
org.apache.commons.math.ode.ContinuousOutputModel:setInterpolatedTime:296, 0.0
org.apache.commons.math.ode.ContinuousOutputModel:setInterpolatedTime:297, 0.0
org.apache.commons.math.ode.ContinuousOutputModel:setInterpolatedTime:295, 0.0
org.apache.commons.math.ode.sampling.NordsieckStepInterpolator:writeExternal:230, 0.0
org.apache.commons.math.ode.ContinuousOutputModel:setInterpolatedTime:255, 0.0
org.apache.commons.math.ode.ContinuousOutputModel:setInterpolatedTime:259, 0.0
org.apache.commons.math.ode.ContinuousOutputModel:setInterpolatedTime:256, 0.0
org.apache.commons.math.ode.ContinuousOutputModel:setInterpolatedTime:257, 0.0
org.apache.commons.math.ode.ContinuousOutputModel:setInterpolatedTime:260, 0.0
org.apache.commons.math.ode.ContinuousOutputModel:setInterpolatedTime:261, 0.0
org.apache.commons.math.ode.ContinuousOutputModel:setInterpolatedTime:265, 0.0
org.apache.commons.math.ode.ContinuousOutputModel:setInterpolatedTime:290, 0.0
org.apache.commons.math.ode.ContinuousOutputModel:setInterpolatedTime:291, 0.0
org.apache.commons.math.ode.sampling.NordsieckStepInterpolator:writeExternal:242, 0.0
org.apache.commons.math.ode.sampling.NordsieckStepInterpolator:writeExternal:243, 0.0
org.apache.commons.math.ode.sampling.NordsieckStepInterpolator:<init>:93, 0.0
org.apache.commons.math.ode.ContinuousOutputModel:setInterpolatedTime:324, 0.0
org.apache.commons.math.ode.sampling.NordsieckStepInterpolator:<init>:91, 0.0
org.apache.commons.math.ode.ContinuousOutputModel:setInterpolatedTime:323, 0.0
org.apache.commons.math.linear.Array2DRowRealMatrix:setSubMatrix:335, 0.0
org.apache.commons.math.ode.sampling.NordsieckStepInterpolator:readExternal:274, 0.0
org.apache.commons.math.ode.sampling.NordsieckStepInterpolator:readExternal:273, 0.0
org.apache.commons.math.ode.sampling.NordsieckStepInterpolator:<init>:90, 0.0
org.apache.commons.math.ode.sampling.NordsieckStepInterpolator:writeExternal:239, 0.0
org.apache.commons.math.ode.ContinuousOutputModel:setInterpolatedTime:322, 0.0
org.apache.commons.math.ode.ContinuousOutputModel:setInterpolatedTime:320, 0.0
org.apache.commons.math.ode.ContinuousOutputModel:setInterpolatedTime:321, 0.0
org.apache.commons.math.linear.Array2DRowRealMatrix:setSubMatrix:336, 0.0
org.apache.commons.math.ode.sampling.NordsieckStepInterpolator:readExternal:275, 0.0
org.apache.commons.math.ode.sampling.NordsieckStepInterpolator:writeExternal:235, 0.0
org.apache.commons.math.ode.sampling.NordsieckStepInterpolator:<init>:88, 0.0
org.apache.commons.math.ode.ContinuousOutputModel:setInterpolatedTime:307, 0.0
org.apache.commons.math.ode.ContinuousOutputModel:setInterpolatedTime:306, 0.0
org.apache.commons.math.ode.ContinuousOutputModel:setInterpolatedTime:309, 0.0
org.apache.commons.math.ode.ContinuousOutputModel:setInterpolatedTime:308, 0.0
org.apache.commons.math.ode.ContinuousOutputModel:setInterpolatedTime:311, 0.0
org.apache.commons.math.ode.ContinuousOutputModel:setInterpolatedTime:310, 0.0
org.apache.commons.math.ode.ContinuousOutputModel:setInterpolatedTime:312, 0.0
org.apache.commons.math.ode.ContinuousOutputModel:setInterpolatedTime:316, 0.0
org.apache.commons.math.ode.ContinuousOutputModel:<init>:110, 0.0
org.apache.commons.math.ode.ContinuousOutputModel:<init>:111, 0.0
org.apache.commons.math.ode.ContinuousOutputModel:<init>:113, 0.0
org.apache.commons.math.ode.ContinuousOutputModel:<init>:112, 0.0
org.apache.commons.math.ode.sampling.NordsieckStepInterpolator:readExternal:280, 0.0
org.apache.commons.math.ode.sampling.NordsieckStepInterpolator:<init>:87, 0.0
org.apache.commons.math.ode.sampling.AbstractStepInterpolator:readBaseExternal:417, 0.0
org.apache.commons.math.ode.sampling.AbstractStepInterpolator:readBaseExternal:416, 0.0
org.apache.commons.math.ode.sampling.AbstractStepInterpolator:readBaseExternal:419, 0.0
org.apache.commons.math.ode.sampling.AbstractStepInterpolator:readBaseExternal:418, 0.0
org.apache.commons.math.ode.sampling.AbstractStepInterpolator:readBaseExternal:421, 0.0
org.apache.commons.math.ode.sampling.AbstractStepInterpolator:readBaseExternal:420, 0.0
org.apache.commons.math.ode.sampling.AbstractStepInterpolator:readBaseExternal:423, 0.0
org.apache.commons.math.ode.ContinuousOutputModel:setInterpolatedTime:331, 0.0
org.apache.commons.math.ode.sampling.NordsieckStepInterpolator:<init>:85, 0.0
org.apache.commons.math.ode.ContinuousOutputModel:setInterpolatedTime:328, 0.0
org.apache.commons.math.ode.sampling.NordsieckStepInterpolator:<init>:84, 0.0
org.apache.commons.math.ode.sampling.NordsieckStepInterpolator:<init>:81, 0.0
org.apache.commons.math.ode.sampling.NordsieckStepInterpolator:<init>:83, 0.0
org.apache.commons.math.ode.sampling.NordsieckStepInterpolator:<init>:82, 0.0
org.apache.commons.math.ode.sampling.AbstractStepInterpolator:readBaseExternal:426, 0.0
org.apache.commons.math.ode.sampling.NordsieckStepInterpolator:readExternal:283, 0.0
org.apache.commons.math.ode.sampling.NordsieckStepInterpolator:readExternal:282, 0.0
org.apache.commons.math.ode.sampling.NordsieckStepInterpolator:writeExternal:248, 0.0
org.apache.commons.math.ode.ContinuousOutputModel:setInterpolatedTime:325, 0.0
org.apache.commons.math.random.GaussianRandomGenerator:nextNormalizedDouble:44, 0.0
org.apache.commons.math.optimization.direct.DirectSearchOptimizer:replaceWorstPoint:416, 0.0
org.apache.commons.math.optimization.direct.DirectSearchOptimizer:replaceWorstPoint:415, 0.0
org.apache.commons.math.optimization.direct.DirectSearchOptimizer:setStartConfiguration:200, 0.0
org.apache.commons.math.optimization.direct.NelderMead:<init>:51, 0.0
org.apache.commons.math.optimization.direct.NelderMead:<init>:56, 0.0
org.apache.commons.math.optimization.direct.NelderMead:<init>:55, 0.0
org.apache.commons.math.optimization.direct.NelderMead:<init>:54, 0.0
org.apache.commons.math.optimization.direct.NelderMead:<init>:53, 0.0
org.apache.commons.math.optimization.direct.NelderMead:<init>:52, 0.0
org.apache.commons.math.optimization.direct.NelderMead:iterateSimplex:93, 0.0
org.apache.commons.math.optimization.direct.NelderMead:iterateSimplex:94, 0.0
org.apache.commons.math.optimization.SimpleScalarValueChecker:converged:78, 0.0
org.apache.commons.math.optimization.direct.DirectSearchOptimizer:setStartConfiguration:192, 0.0
org.apache.commons.math.optimization.direct.DirectSearchOptimizer:setStartConfiguration:189, 0.0
org.apache.commons.math.optimization.direct.DirectSearchOptimizer:buildSimplex:373, 0.0
org.apache.commons.math.optimization.direct.DirectSearchOptimizer:buildSimplex:372, 0.0
org.apache.commons.math.optimization.direct.DirectSearchOptimizer:buildSimplex:376, 0.0
org.apache.commons.math.optimization.direct.NelderMead:iterateSimplex:171, 0.0
org.apache.commons.math.optimization.direct.NelderMead:iterateSimplex:170, 0.0
org.apache.commons.math.optimization.direct.NelderMead:iterateSimplex:109, 0.0
org.apache.commons.math.optimization.direct.NelderMead:iterateSimplex:107, 0.0
org.apache.commons.math.random.UncorrelatedRandomVectorGenerator:nextVector:87, 0.0
org.apache.commons.math.random.UncorrelatedRandomVectorGenerator:nextVector:88, 0.0
org.apache.commons.math.optimization.direct.NelderMead:iterateSimplex:126, 0.0
org.apache.commons.math.optimization.direct.NelderMead:iterateSimplex:153, 0.0
org.apache.commons.math.optimization.MultiStartMultivariateRealOptimizer$1:compare:193, 0.0
org.apache.commons.math.optimization.direct.NelderMead:iterateSimplex:168, 0.0
org.apache.commons.math.optimization.direct.NelderMead:iterateSimplex:173, 0.0
org.apache.commons.math.optimization.direct.DirectSearchOptimizer:setStartConfiguration:199, 0.0
org.apache.commons.math.optimization.direct.DirectSearchOptimizer:optimize:301, 0.0
org.apache.commons.math.optimization.direct.DirectSearchOptimizer:setMaxEvaluations:236, 0.0
org.apache.commons.math.optimization.direct.DirectSearchOptimizer:setMaxEvaluations:235, 0.0
org.apache.commons.math.optimization.direct.DirectSearchOptimizer:setStartConfiguration:214, 0.0
org.apache.commons.math.optimization.MultiStartMultivariateRealOptimizer:optimize:176, 0.0
org.apache.commons.math.optimization.MultiStartMultivariateRealOptimizer:optimize:182, 0.0
org.apache.commons.math.optimization.direct.DirectSearchOptimizer:setConvergenceChecker:255, 0.0
org.apache.commons.math.optimization.direct.DirectSearchOptimizer:setConvergenceChecker:256, 0.0
org.apache.commons.math.optimization.direct.DirectSearchOptimizer:setStartConfiguration:187, 0.0
org.apache.commons.math.optimization.direct.DirectSearchOptimizer:setStartConfiguration:201, 0.0
org.apache.commons.math.optimization.direct.DirectSearchOptimizer:setStartConfiguration:202, 0.0
org.apache.commons.math.random.UncorrelatedRandomVectorGenerator:<init>:76, 0.0
org.apache.commons.math.random.UncorrelatedRandomVectorGenerator:<init>:77, 0.0
org.apache.commons.math.random.UncorrelatedRandomVectorGenerator:<init>:78, 0.0
org.apache.commons.math.random.UncorrelatedRandomVectorGenerator:<init>:79, 0.0
org.apache.commons.math.random.UncorrelatedRandomVectorGenerator:<init>:74, 0.0
org.apache.commons.math.random.UncorrelatedRandomVectorGenerator:<init>:75, 0.0
org.apache.commons.math.optimization.direct.NelderMead:iterateSimplex:152, 0.0
org.apache.commons.math.optimization.direct.NelderMead:iterateSimplex:129, 0.0
org.apache.commons.math.random.UncorrelatedRandomVectorGenerator:nextVector:86, 0.0
org.apache.commons.math.optimization.direct.DirectSearchOptimizer:setStartConfiguration:215, 0.0
org.apache.commons.math.optimization.direct.DirectSearchOptimizer:optimize:300, 0.0
org.apache.commons.math.optimization.direct.NelderMead:iterateSimplex:98, 0.0
org.apache.commons.math.optimization.direct.NelderMead:iterateSimplex:97, 0.0
org.apache.commons.math.optimization.MultiStartMultivariateRealOptimizer:optimize:171, 0.0
org.apache.commons.math.optimization.MultiStartMultivariateRealOptimizer:optimize:184, 0.0
org.apache.commons.math.optimization.MultiStartMultivariateRealOptimizer:optimize:185, 0.0
org.apache.commons.math.optimization.direct.DirectSearchOptimizer:setStartConfiguration:184, 0.0
org.apache.commons.math.optimization.direct.DirectSearchOptimizer:setStartConfiguration:183, 0.0
org.apache.commons.math.optimization.RealPointValuePair:getPointRef:78, 0.0
org.apache.commons.math.optimization.direct.DirectSearchOptimizer:buildSimplex:365, 0.0
org.apache.commons.math.optimization.direct.DirectSearchOptimizer:buildSimplex:366, 0.0
org.apache.commons.math.optimization.direct.DirectSearchOptimizer:incrementIterationsCounter:327, 0.0
org.apache.commons.math.optimization.direct.NelderMead:iterateSimplex:113, 0.0
org.apache.commons.math.optimization.MultiStartMultivariateRealOptimizer:setConvergenceChecker:152, 0.0
org.apache.commons.math.optimization.MultiStartMultivariateRealOptimizer:setConvergenceChecker:153, 0.0
org.apache.commons.math.optimization.direct.NelderMead:iterateSimplex:169, 0.0
org.apache.commons.math.optimization.direct.DirectSearchOptimizer:evaluateSimplex:407, 0.0
org.apache.commons.math.optimization.direct.DirectSearchOptimizer:evaluateSimplex:405, 0.0
org.apache.commons.math.optimization.MultiStartMultivariateRealOptimizer$1:compare:192, 0.0
org.apache.commons.math.optimization.RealPointValuePair:<init>:50, 0.0
org.apache.commons.math.optimization.RealPointValuePair:<init>:49, 0.0
org.apache.commons.math.optimization.RealPointValuePair:<init>:48, 0.0
org.apache.commons.math.optimization.RealPointValuePair:<init>:47, 0.0
org.apache.commons.math.optimization.RealPointValuePair:getPoint:69, 0.0
org.apache.commons.math.optimization.direct.NelderMead:iterateSimplex:132, 0.0
org.apache.commons.math.optimization.direct.DirectSearchOptimizer:replaceWorstPoint:419, 0.0
org.apache.commons.math.optimization.direct.DirectSearchOptimizer:replaceWorstPoint:418, 0.0
org.apache.commons.math.optimization.direct.DirectSearchOptimizer:replaceWorstPoint:420, 0.0
org.apache.commons.math.optimization.RealPointValuePair:<init>:61, 0.0
org.apache.commons.math.optimization.RealPointValuePair:<init>:60, 0.0
org.apache.commons.math.optimization.direct.DirectSearchOptimizer:optimize:304, 0.0
org.apache.commons.math.optimization.MultiStartMultivariateRealOptimizer:optimize:180, 0.0
org.apache.commons.math.optimization.MultiStartMultivariateRealOptimizer:optimize:181, 0.0
org.apache.commons.math.optimization.direct.NelderMead:iterateSimplex:91, 0.0
org.apache.commons.math.optimization.direct.DirectSearchOptimizer:setStartConfiguration:205, 0.0
org.apache.commons.math.optimization.direct.DirectSearchOptimizer:incrementIterationsCounter:325, 0.0
org.apache.commons.math.optimization.MultiStartMultivariateRealOptimizer:optimize:168, 0.0
org.apache.commons.math.optimization.MultiStartMultivariateRealOptimizer:optimize:167, 0.0
org.apache.commons.math.optimization.MultiStartMultivariateRealOptimizer:optimize:166, 0.0
org.apache.commons.math.optimization.direct.NelderMead:iterateSimplex:115, 0.0
org.apache.commons.math.optimization.OptimizationException:<init>:51, 0.0
org.apache.commons.math.optimization.OptimizationException:<init>:50, 0.0
org.apache.commons.math.optimization.direct.DirectSearchOptimizer:<init>:127, 0.0
org.apache.commons.math.optimization.direct.DirectSearchOptimizer:<init>:128, 0.0
org.apache.commons.math.optimization.direct.DirectSearchOptimizer:<init>:126, 0.0
org.apache.commons.math.optimization.direct.DirectSearchOptimizer:<init>:125, 0.0
org.apache.commons.math.optimization.direct.DirectSearchOptimizer:<init>:124, 0.0
org.apache.commons.math.optimization.direct.NelderMead:iterateSimplex:134, 0.0
org.apache.commons.math.optimization.SimpleScalarValueChecker:<init>:51, 0.0
org.apache.commons.math.optimization.SimpleScalarValueChecker:<init>:50, 0.0
org.apache.commons.math.optimization.SimpleScalarValueChecker:<init>:53, 0.0
org.apache.commons.math.optimization.SimpleScalarValueChecker:<init>:52, 0.0
org.apache.commons.math.optimization.direct.DirectSearchOptimizer:evaluate:350, 0.0
org.apache.commons.math.optimization.direct.NelderMead:iterateSimplex:145, 0.0
org.apache.commons.math.optimization.direct.NelderMead:iterateSimplex:146, 0.0
org.apache.commons.math.optimization.direct.DirectSearchOptimizer:getEvaluations:250, 0.0
org.apache.commons.math.optimization.direct.DirectSearchOptimizer:setStartConfiguration:221, 0.0
org.apache.commons.math.optimization.direct.DirectSearchOptimizer:buildSimplex:385, 0.0
org.apache.commons.math.optimization.direct.DirectSearchOptimizer:replaceWorstPoint:417, 0.0
org.apache.commons.math.optimization.direct.DirectSearchOptimizer:optimize:302, 0.0
org.apache.commons.math.random.GaussianRandomGenerator:<init>:38, 0.0
org.apache.commons.math.random.GaussianRandomGenerator:<init>:36, 0.0
org.apache.commons.math.random.GaussianRandomGenerator:<init>:37, 0.0
org.apache.commons.math.optimization.direct.DirectSearchOptimizer:setStartConfiguration:178, 0.0
org.apache.commons.math.optimization.direct.DirectSearchOptimizer:setStartConfiguration:179, 0.0
org.apache.commons.math.optimization.direct.DirectSearchOptimizer:buildSimplex:380, 0.0
org.apache.commons.math.optimization.direct.DirectSearchOptimizer:buildSimplex:379, 0.0
org.apache.commons.math.optimization.direct.DirectSearchOptimizer:optimize:306, 0.0
org.apache.commons.math.optimization.direct.DirectSearchOptimizer:evaluateSimplex:400, 0.0
org.apache.commons.math.optimization.direct.NelderMead:iterateSimplex:137, 0.0
org.apache.commons.math.optimization.direct.NelderMead:iterateSimplex:138, 0.0
org.apache.commons.math.optimization.MultiStartMultivariateRealOptimizer$1:compare:195, 0.0
org.apache.commons.math.optimization.MultiStartMultivariateRealOptimizer:optimize:175, 0.0
org.apache.commons.math.optimization.MultiStartMultivariateRealOptimizer:optimize:174, 0.0
org.apache.commons.math.optimization.direct.DirectSearchOptimizer:incrementIterationsCounter:324, 0.0
org.apache.commons.math.optimization.direct.NelderMead:iterateSimplex:119, 0.0
org.apache.commons.math.optimization.direct.NelderMead:iterateSimplex:118, 0.0
org.apache.commons.math.optimization.direct.DirectSearchOptimizer$1:compare:285, 0.0
org.apache.commons.math.random.JDKRandomGenerator:<init>:28, 0.0
org.apache.commons.math.optimization.direct.NelderMead:iterateSimplex:103, 0.0
org.apache.commons.math.optimization.direct.NelderMead:iterateSimplex:104, 0.0
org.apache.commons.math.optimization.direct.NelderMead:iterateSimplex:167, 0.0
org.apache.commons.math.optimization.direct.NelderMead:iterateSimplex:85, 0.0
org.apache.commons.math.optimization.direct.NelderMead:iterateSimplex:84, 0.0
org.apache.commons.math.optimization.direct.NelderMead:iterateSimplex:86, 0.0
org.apache.commons.math.optimization.direct.NelderMead:iterateSimplex:80, 0.0
org.apache.commons.math.optimization.direct.NelderMead:iterateSimplex:83, 0.0
org.apache.commons.math.optimization.direct.NelderMead:iterateSimplex:77, 0.0
org.apache.commons.math.optimization.direct.NelderMead:iterateSimplex:90, 0.0
org.apache.commons.math.optimization.direct.DirectSearchOptimizer:optimize:312, 0.0
org.apache.commons.math.optimization.direct.DirectSearchOptimizer:optimize:311, 0.0
org.apache.commons.math.optimization.direct.DirectSearchOptimizer:evaluateSimplex:396, 0.0
org.apache.commons.math.optimization.RealPointValuePair:<init>:63, 0.0
org.apache.commons.math.optimization.RealPointValuePair:<init>:62, 0.0
org.apache.commons.math.optimization.direct.DirectSearchOptimizer:buildSimplex:382, 0.0
org.apache.commons.math.optimization.MultiStartMultivariateRealOptimizer$1:compare:194, 0.0
org.apache.commons.math.optimization.RealPointValuePair:getValue:85, 0.0
org.apache.commons.math.optimization.direct.NelderMead:iterateSimplex:99, 0.0
org.apache.commons.math.optimization.SimpleScalarValueChecker:<init>:68, 0.0
org.apache.commons.math.optimization.SimpleScalarValueChecker:<init>:65, 0.0
org.apache.commons.math.optimization.SimpleScalarValueChecker:<init>:66, 0.0
org.apache.commons.math.optimization.SimpleScalarValueChecker:<init>:67, 0.0
org.apache.commons.math.optimization.direct.DirectSearchOptimizer$1:compare:283, 0.0
org.apache.commons.math.optimization.direct.DirectSearchOptimizer$1:compare:284, 0.0
org.apache.commons.math.optimization.direct.DirectSearchOptimizer:setStartConfiguration:196, 0.0
org.apache.commons.math.optimization.direct.DirectSearchOptimizer:evaluate:354, 0.0
org.apache.commons.math.optimization.direct.NelderMead:iterateSimplex:161, 0.0
org.apache.commons.math.optimization.direct.NelderMead:iterateSimplex:160, 0.0
org.apache.commons.math.optimization.direct.DirectSearchOptimizer:optimize:270, 0.0
org.apache.commons.math.optimization.MultiStartMultivariateRealOptimizer:optimize:204, 0.0
org.apache.commons.math.optimization.MultiStartMultivariateRealOptimizer:optimize:190, 0.0
org.apache.commons.math.optimization.direct.DirectSearchOptimizer$1:<init>:280, 0.0
org.apache.commons.math.optimization.direct.NelderMead:iterateSimplex:139, 0.0
org.apache.commons.math.optimization.direct.DirectSearchOptimizer:buildSimplex:377, 0.0
org.apache.commons.math.optimization.direct.DirectSearchOptimizer:buildSimplex:378, 0.0
org.apache.commons.math.optimization.direct.NelderMead:iterateSimplex:120, 0.0
org.apache.commons.math.optimization.direct.NelderMead:iterateSimplex:156, 0.0
org.apache.commons.math.optimization.direct.NelderMead:iterateSimplex:158, 0.0
org.apache.commons.math.optimization.direct.DirectSearchOptimizer:optimize:299, 0.0
org.apache.commons.math.optimization.direct.NelderMead:iterateSimplex:105, 0.0
org.apache.commons.math.optimization.direct.NelderMead:iterateSimplex:179, 0.0
org.apache.commons.math.optimization.SimpleScalarValueChecker:converged:76, 0.0
org.apache.commons.math.optimization.SimpleScalarValueChecker:converged:77, 0.0
org.apache.commons.math.optimization.SimpleScalarValueChecker:converged:74, 0.0
org.apache.commons.math.optimization.SimpleScalarValueChecker:converged:75, 0.0
org.apache.commons.math.optimization.direct.DirectSearchOptimizer:setStartConfiguration:212, 0.0
org.apache.commons.math.optimization.direct.NelderMead:iterateSimplex:92, 0.0
org.apache.commons.math.optimization.direct.NelderMead:iterateSimplex:141, 0.0
org.apache.commons.math.optimization.direct.NelderMead:iterateSimplex:143, 0.0
org.apache.commons.math.optimization.direct.DirectSearchOptimizer:evaluateSimplex:399, 0.0
org.apache.commons.math.optimization.direct.DirectSearchOptimizer:evaluateSimplex:398, 0.0
org.apache.commons.math.optimization.direct.DirectSearchOptimizer:evaluateSimplex:397, 0.0
org.apache.commons.math.optimization.direct.DirectSearchOptimizer:replaceWorstPoint:424, 0.0
org.apache.commons.math.optimization.direct.DirectSearchOptimizer:replaceWorstPoint:423, 0.0
org.apache.commons.math.optimization.direct.NelderMead:iterateSimplex:124, 0.0
org.apache.commons.math.optimization.direct.NelderMead:iterateSimplex:122, 0.0
org.apache.commons.math.optimization.direct.DirectSearchOptimizer:getIterations:245, 0.0
org.apache.commons.math.optimization.MultiStartMultivariateRealOptimizer:setMaxIterations:123, 0.0
org.apache.commons.math.optimization.MultiStartMultivariateRealOptimizer:setMaxIterations:122, 0.0
org.apache.commons.math.optimization.direct.DirectSearchOptimizer:optimize:291, 0.0
org.apache.commons.math.optimization.direct.DirectSearchOptimizer:optimize:279, 0.0
org.apache.commons.math.optimization.direct.DirectSearchOptimizer:optimize:292, 0.0
org.apache.commons.math.optimization.direct.DirectSearchOptimizer:optimize:278, 0.0
org.apache.commons.math.optimization.direct.DirectSearchOptimizer:optimize:293, 0.0
org.apache.commons.math.optimization.direct.DirectSearchOptimizer:optimize:294, 0.0
org.apache.commons.math.optimization.direct.DirectSearchOptimizer:optimize:296, 0.0
org.apache.commons.math.optimization.direct.NelderMead:iterateSimplex:154, 0.0
org.apache.commons.math.optimization.direct.DirectSearchOptimizer:setStartConfiguration:197, 0.0
org.apache.commons.math.optimization.direct.DirectSearchOptimizer:setStartConfiguration:198, 0.0
org.apache.commons.math.optimization.MultiStartMultivariateRealOptimizer:<init>:85, 0.0
org.apache.commons.math.optimization.MultiStartMultivariateRealOptimizer:<init>:84, 0.0
org.apache.commons.math.optimization.MultiStartMultivariateRealOptimizer:<init>:81, 0.0
org.apache.commons.math.optimization.MultiStartMultivariateRealOptimizer:<init>:80, 0.0
org.apache.commons.math.optimization.MultiStartMultivariateRealOptimizer:<init>:83, 0.0
org.apache.commons.math.optimization.MultiStartMultivariateRealOptimizer:<init>:82, 0.0
org.apache.commons.math.optimization.MultiStartMultivariateRealOptimizer:<init>:76, 0.0
org.apache.commons.math.optimization.MultiStartMultivariateRealOptimizer:<init>:77, 0.0
org.apache.commons.math.optimization.MultiStartMultivariateRealOptimizer:<init>:78, 0.0
org.apache.commons.math.optimization.MultiStartMultivariateRealOptimizer:<init>:79, 0.0
org.apache.commons.math.optimization.direct.DirectSearchOptimizer:setMaxIterations:226, 0.0
org.apache.commons.math.optimization.direct.DirectSearchOptimizer:setMaxIterations:225, 0.0
org.apache.commons.math.optimization.MultiStartMultivariateRealOptimizer:optimize:211, 0.0
org.apache.commons.math.random.UncorrelatedRandomVectorGenerator:nextVector:91, 0.0
org.apache.commons.math.optimization.direct.NelderMead:iterateSimplex:175, 0.0
org.apache.commons.math.optimization.MultiStartMultivariateRealOptimizer$1:<init>:190, 0.0
org.apache.commons.math.optimization.MultiStartMultivariateRealOptimizer:setMaxEvaluations:133, 0.0
org.apache.commons.math.optimization.MultiStartMultivariateRealOptimizer:setMaxEvaluations:132, 0.0
org.apache.commons.math.optimization.direct.DirectSearchOptimizer:setStartConfiguration:213, 0.0
org.apache.commons.math.optimization.MultiStartMultivariateRealOptimizer:getEvaluations:147, 0.0
org.apache.commons.math.optimization.direct.DirectSearchOptimizer:setStartConfiguration:152, 0.0
org.apache.commons.math.optimization.direct.DirectSearchOptimizer:setStartConfiguration:150, 0.0
org.apache.commons.math.optimization.direct.DirectSearchOptimizer:setStartConfiguration:151, 0.0
org.apache.commons.math.optimization.direct.DirectSearchOptimizer:setStartConfiguration:154, 0.0
org.apache.commons.math.optimization.direct.DirectSearchOptimizer:optimize:275, 0.0
org.apache.commons.math.optimization.direct.DirectSearchOptimizer:optimize:274, 0.0
org.apache.commons.math.optimization.direct.DirectSearchOptimizer:optimize:273, 0.0
org.apache.commons.math.optimization.direct.DirectSearchOptimizer:setStartConfiguration:153, 0.0
org.apache.commons.math.optimization.direct.DirectSearchOptimizer:setStartConfiguration:159, 0.0
org.apache.commons.math.optimization.direct.DirectSearchOptimizer:setStartConfiguration:155, 0.0
org.apache.commons.math.optimization.direct.DirectSearchOptimizer:setStartConfiguration:162, 0.0
org.apache.commons.math.optimization.direct.MultiDirectional:<init>:57, 0.0
org.apache.commons.math.optimization.direct.MultiDirectional:<init>:56, 0.0
org.apache.commons.math.optimization.direct.MultiDirectional:<init>:55, 0.0
org.apache.commons.math.optimization.direct.MultiDirectional:<init>:54, 0.0
org.apache.commons.math.optimization.direct.NelderMead:<init>:68, 0.0
org.apache.commons.math.optimization.direct.NelderMead:<init>:69, 0.0
org.apache.commons.math.optimization.direct.NelderMead:<init>:70, 0.0
org.apache.commons.math.optimization.direct.NelderMead:<init>:65, 0.0
org.apache.commons.math.optimization.direct.NelderMead:<init>:66, 0.0
org.apache.commons.math.optimization.direct.NelderMead:<init>:67, 0.0
org.apache.commons.math.optimization.SimpleRealPointChecker:converged:83, 0.0
org.apache.commons.math.optimization.SimpleRealPointChecker:<init>:68, 0.0
org.apache.commons.math.optimization.SimpleRealPointChecker:<init>:65, 0.0
org.apache.commons.math.optimization.SimpleRealPointChecker:<init>:66, 0.0
org.apache.commons.math.optimization.SimpleRealPointChecker:<init>:67, 0.0
org.apache.commons.math.optimization.direct.DirectSearchOptimizer:evaluate:351, 0.0
org.apache.commons.math.optimization.SimpleRealPointChecker:converged:76, 0.0
org.apache.commons.math.optimization.SimpleRealPointChecker:converged:74, 0.0
org.apache.commons.math.optimization.SimpleRealPointChecker:converged:75, 0.0
org.apache.commons.math.optimization.SimpleRealPointChecker:converged:79, 0.0
org.apache.commons.math.optimization.SimpleRealPointChecker:converged:77, 0.0
org.apache.commons.math.optimization.SimpleRealPointChecker:converged:78, 0.0
org.apache.commons.math.optimization.SimpleRealPointChecker:converged:80, 0.0
org.apache.commons.math.linear.LUDecompositionImpl$Solver:solve:294, 0.0
org.apache.commons.math.linear.BlockRealMatrix:getData:638, 0.0
org.apache.commons.math.linear.LUDecompositionImpl:<init>:129, 0.0
org.apache.commons.math.linear.LUDecompositionImpl:<init>:126, 0.0
org.apache.commons.math.optimization.SimpleVectorialPointChecker:<init>:68, 0.0
org.apache.commons.math.optimization.SimpleVectorialPointChecker:<init>:65, 0.0
org.apache.commons.math.optimization.SimpleVectorialPointChecker:<init>:66, 0.0
org.apache.commons.math.optimization.SimpleVectorialPointChecker:<init>:67, 0.0
org.apache.commons.math.linear.AbstractRealMatrix:isSquare:639, 0.0
org.apache.commons.math.linear.LUDecompositionImpl$Solver:<init>:234, 0.0
org.apache.commons.math.optimization.general.GaussNewtonOptimizer:doOptimize:89, 0.0
org.apache.commons.math.optimization.general.GaussNewtonOptimizer:doOptimize:90, 0.0
org.apache.commons.math.linear.AbstractRealMatrix:<init>:66, 0.0
org.apache.commons.math.linear.AbstractRealMatrix:<init>:67, 0.0
org.apache.commons.math.linear.BlockRealMatrix:toBlocksLayout:228, 0.0
org.apache.commons.math.optimization.SimpleVectorialPointChecker:converged:76, 0.0
org.apache.commons.math.optimization.general.GaussNewtonOptimizer:doOptimize:120, 0.0
org.apache.commons.math.linear.LUDecompositionImpl$Solver:solve:292, 0.0
org.apache.commons.math.linear.LUDecompositionImpl$Solver:solve:293, 0.0
org.apache.commons.math.linear.BlockRealMatrix:getData:635, 0.0
org.apache.commons.math.linear.BlockRealMatrix:getData:636, 0.0
org.apache.commons.math.linear.BlockRealMatrix:blockWidth:1684, 0.0
org.apache.commons.math.linear.LUDecompositionImpl:<init>:124, 0.0
org.apache.commons.math.linear.LUDecompositionImpl:<init>:123, 0.0
org.apache.commons.math.optimization.general.GaussNewtonOptimizer:doOptimize:94, 0.0
org.apache.commons.math.linear.LUDecompositionImpl$Solver:solve:266, 0.0
org.apache.commons.math.linear.LUDecompositionImpl$Solver:solve:267, 0.0
org.apache.commons.math.optimization.SimpleVectorialPointChecker:converged:83, 0.0
org.apache.commons.math.linear.BlockRealMatrix:toBlocksLayout:227, 0.0
org.apache.commons.math.linear.BlockRealMatrix:toBlocksLayout:226, 0.0
org.apache.commons.math.linear.BlockRealMatrix:toBlocksLayout:225, 0.0
org.apache.commons.math.linear.LUDecompositionImpl:<init>:96, 0.0
org.apache.commons.math.linear.LUDecompositionImpl:<init>:93, 0.0
org.apache.commons.math.linear.LUDecompositionImpl:<init>:92, 0.0
org.apache.commons.math.linear.LUDecompositionImpl:<init>:89, 0.0
org.apache.commons.math.linear.LUDecompositionImpl:<init>:88, 0.0
org.apache.commons.math.linear.LUDecompositionImpl:<init>:91, 0.0
org.apache.commons.math.linear.LUDecompositionImpl:<init>:90, 0.0
org.apache.commons.math.optimization.general.GaussNewtonOptimizer:doOptimize:124, 0.0
org.apache.commons.math.linear.LUDecompositionImpl$Solver:solve:291, 0.0
org.apache.commons.math.linear.BlockRealMatrix:toBlocksLayout:224, 0.0
org.apache.commons.math.optimization.SimpleVectorialPointChecker:converged:81, 0.0
org.apache.commons.math.optimization.general.GaussNewtonOptimizer:doOptimize:85, 0.0
org.apache.commons.math.optimization.general.GaussNewtonOptimizer:doOptimize:84, 0.0
org.apache.commons.math.optimization.general.GaussNewtonOptimizer:doOptimize:88, 0.0
org.apache.commons.math.optimization.general.GaussNewtonOptimizer:doOptimize:83, 0.0
org.apache.commons.math.optimization.general.GaussNewtonOptimizer:doOptimize:123, 0.0
org.apache.commons.math.linear.LUDecompositionImpl$Solver:solve:295, 0.0
org.apache.commons.math.linear.LUDecompositionImpl:<init>:122, 0.0
org.apache.commons.math.linear.LUDecompositionImpl:<init>:121, 0.0
org.apache.commons.math.linear.LUDecompositionImpl$Solver:solve:271, 0.0
org.apache.commons.math.linear.LUDecompositionImpl:<init>:84, 0.0
org.apache.commons.math.linear.LUDecompositionImpl:<init>:82, 0.0
org.apache.commons.math.linear.BlockRealMatrix:toBlocksLayout:222, 0.0
org.apache.commons.math.linear.BlockRealMatrix:toBlocksLayout:223, 0.0
org.apache.commons.math.optimization.SimpleVectorialPointChecker:converged:77, 0.0
org.apache.commons.math.optimization.SimpleVectorialPointChecker:converged:78, 0.0
org.apache.commons.math.optimization.SimpleVectorialPointChecker:converged:79, 0.0
org.apache.commons.math.optimization.SimpleVectorialPointChecker:converged:80, 0.0
org.apache.commons.math.linear.LUDecompositionImpl:<init>:159, 0.0
org.apache.commons.math.linear.LUDecompositionImpl$Solver:solve:283, 0.0
org.apache.commons.math.linear.BlockRealMatrix:<init>:153, 0.0
org.apache.commons.math.linear.BlockRealMatrix:<init>:154, 0.0
org.apache.commons.math.linear.BlockRealMatrix:<init>:156, 0.0
org.apache.commons.math.linear.BlockRealMatrix:<init>:148, 0.0
org.apache.commons.math.linear.BlockRealMatrix:<init>:149, 0.0
org.apache.commons.math.linear.BlockRealMatrix:<init>:150, 0.0
org.apache.commons.math.linear.BlockRealMatrix:toBlocksLayout:244, 0.0
org.apache.commons.math.linear.AbstractRealMatrix:<init>:56, 0.0
org.apache.commons.math.linear.AbstractRealMatrix:<init>:55, 0.0
org.apache.commons.math.linear.LUDecompositionImpl:<init>:103, 0.0
org.apache.commons.math.linear.LUDecompositionImpl:<init>:100, 0.0
org.apache.commons.math.linear.LUDecompositionImpl:<init>:99, 0.0
org.apache.commons.math.optimization.general.GaussNewtonOptimizer:doOptimize:97, 0.0
org.apache.commons.math.linear.LUDecompositionImpl:<init>:158, 0.0
org.apache.commons.math.linear.LUDecompositionImpl:<init>:160, 0.0
org.apache.commons.math.linear.LUDecompositionImpl$Solver:solve:286, 0.0
org.apache.commons.math.linear.LUDecompositionImpl$Solver:solve:285, 0.0
org.apache.commons.math.linear.LUDecompositionImpl:<init>:136, 0.0
org.apache.commons.math.optimization.general.GaussNewtonOptimizer:doOptimize:98, 0.0
org.apache.commons.math.linear.BlockRealMatrix:toBlocksLayout:239, 0.0
org.apache.commons.math.linear.BlockRealMatrix:toBlocksLayout:240, 0.0
org.apache.commons.math.linear.BlockRealMatrix:toBlocksLayout:241, 0.0
org.apache.commons.math.linear.BlockRealMatrix:getColumnDimension:1351, 0.0
org.apache.commons.math.optimization.general.GaussNewtonOptimizer:doOptimize:127, 0.0
org.apache.commons.math.linear.LUDecompositionImpl:<init>:120, 0.0
org.apache.commons.math.linear.BlockRealMatrix:<init>:161, 0.0
org.apache.commons.math.optimization.general.AbstractLeastSquaresOptimizer:getIterations:133, 0.0
org.apache.commons.math.linear.AbstractRealMatrix:<init>:61, 0.0
org.apache.commons.math.linear.LUDecompositionImpl$Solver:<init>:254, 0.0
org.apache.commons.math.linear.LUDecompositionImpl$Solver:<init>:255, 0.0
org.apache.commons.math.linear.LUDecompositionImpl$Solver:<init>:252, 0.0
org.apache.commons.math.linear.LUDecompositionImpl$Solver:<init>:253, 0.0
org.apache.commons.math.linear.LUDecompositionImpl$Solver:<init>:251, 0.0
org.apache.commons.math.linear.BlockRealMatrix:<init>:179, 0.0
org.apache.commons.math.linear.LUDecompositionImpl:<init>:71, 0.0
org.apache.commons.math.linear.LUDecompositionImpl:<init>:72, 0.0
org.apache.commons.math.linear.LUDecompositionImpl:<init>:131, 0.0
org.apache.commons.math.linear.LUDecompositionImpl:<init>:130, 0.0
org.apache.commons.math.linear.LUDecompositionImpl:<init>:164, 0.0
org.apache.commons.math.linear.BlockRealMatrix:<init>:165, 0.0
org.apache.commons.math.linear.BlockRealMatrix:<init>:164, 0.0
org.apache.commons.math.linear.BlockRealMatrix:toBlocksLayout:238, 0.0
org.apache.commons.math.linear.BlockRealMatrix:toBlocksLayout:235, 0.0
org.apache.commons.math.linear.BlockRealMatrix:toBlocksLayout:234, 0.0
org.apache.commons.math.linear.BlockRealMatrix:toBlocksLayout:231, 0.0
org.apache.commons.math.linear.BlockRealMatrix:toBlocksLayout:230, 0.0
org.apache.commons.math.linear.BlockRealMatrix:toBlocksLayout:229, 0.0
org.apache.commons.math.optimization.general.GaussNewtonOptimizer:doOptimize:95, 0.0
org.apache.commons.math.optimization.general.GaussNewtonOptimizer:doOptimize:96, 0.0
org.apache.commons.math.linear.LUDecompositionImpl:<init>:97, 0.0
org.apache.commons.math.optimization.general.AbstractLeastSquaresOptimizer:incrementIterationsCounter:173, 0.0
org.apache.commons.math.linear.BlockRealMatrix:<init>:127, 0.0
org.apache.commons.math.linear.BlockRealMatrix:<init>:126, 0.0
org.apache.commons.math.linear.LUDecompositionImpl:<init>:111, 0.0
org.apache.commons.math.linear.BlockRealMatrix:toBlocksLayout:212, 0.0
org.apache.commons.math.linear.BlockRealMatrix:toBlocksLayout:207, 0.0
org.apache.commons.math.linear.BlockRealMatrix:toBlocksLayout:206, 0.0
org.apache.commons.math.linear.BlockRealMatrix:toBlocksLayout:208, 0.0
org.apache.commons.math.linear.BlockRealMatrix:toBlocksLayout:209, 0.0
org.apache.commons.math.optimization.general.GaussNewtonOptimizer:<init>:59, 0.0
org.apache.commons.math.optimization.general.GaussNewtonOptimizer:<init>:58, 0.0
org.apache.commons.math.optimization.general.GaussNewtonOptimizer:<init>:57, 0.0
org.apache.commons.math.linear.BlockRealMatrix:getData:657, 0.0
org.apache.commons.math.optimization.general.GaussNewtonOptimizer:doOptimize:81, 0.0
org.apache.commons.math.linear.BlockRealMatrix:blockHeight:1675, 0.0
org.apache.commons.math.linear.LUDecompositionImpl:<init>:110, 0.0
org.apache.commons.math.linear.LUDecompositionImpl:<init>:109, 0.0
org.apache.commons.math.linear.BlockRealMatrix:<init>:167, 0.0
org.apache.commons.math.linear.LUDecompositionImpl:<init>:108, 0.0
org.apache.commons.math.linear.BlockRealMatrix:toBlocksLayout:249, 0.0
org.apache.commons.math.linear.BlockRealMatrix:getData:653, 0.0
org.apache.commons.math.linear.BlockRealMatrix:getData:652, 0.0
org.apache.commons.math.linear.BlockRealMatrix:getData:643, 0.0
org.apache.commons.math.linear.BlockRealMatrix:getData:651, 0.0
org.apache.commons.math.optimization.general.GaussNewtonOptimizer:doOptimize:108, 0.0
org.apache.commons.math.linear.LUDecompositionImpl$Solver:solve:284, 0.0
org.apache.commons.math.linear.LUDecompositionImpl:<init>:105, 0.0
org.apache.commons.math.optimization.general.GaussNewtonOptimizer:doOptimize:107, 0.0
org.apache.commons.math.linear.BlockRealMatrix:<init>:173, 0.0
org.apache.commons.math.linear.LUDecompositionImpl:<init>:142, 0.0
org.apache.commons.math.optimization.general.GaussNewtonOptimizer:doOptimize:70, 0.0
org.apache.commons.math.optimization.general.GaussNewtonOptimizer:doOptimize:80, 0.0
org.apache.commons.math.optimization.general.GaussNewtonOptimizer:doOptimize:76, 0.0
org.apache.commons.math.optimization.general.GaussNewtonOptimizer:doOptimize:79, 0.0
org.apache.commons.math.optimization.general.GaussNewtonOptimizer:doOptimize:73, 0.0
org.apache.commons.math.optimization.general.GaussNewtonOptimizer:doOptimize:74, 0.0
org.apache.commons.math.optimization.general.GaussNewtonOptimizer:doOptimize:75, 0.0
org.apache.commons.math.linear.LUDecompositionImpl$Solver:solve:275, 0.0
org.apache.commons.math.linear.LUDecompositionImpl$Solver:solve:278, 0.0
org.apache.commons.math.optimization.general.GaussNewtonOptimizer:doOptimize:111, 0.0
org.apache.commons.math.optimization.general.GaussNewtonOptimizer:doOptimize:114, 0.0
org.apache.commons.math.linear.BlockRealMatrix:getData:647, 0.0
org.apache.commons.math.optimization.SimpleVectorialPointChecker:converged:74, 0.0
org.apache.commons.math.optimization.SimpleVectorialPointChecker:converged:75, 0.0
org.apache.commons.math.linear.LUDecompositionImpl:<init>:119, 0.0
org.apache.commons.math.linear.LUDecompositionImpl:<init>:118, 0.0
org.apache.commons.math.linear.BlockRealMatrix:<init>:168, 0.0
org.apache.commons.math.linear.BlockRealMatrix:getData:645, 0.0
org.apache.commons.math.linear.BlockRealMatrix:getData:644, 0.0
org.apache.commons.math.linear.BlockRealMatrix:getData:646, 0.0
org.apache.commons.math.linear.BlockRealMatrix:toBlocksLayout:213, 0.0
org.apache.commons.math.linear.BlockRealMatrix:toBlocksLayout:214, 0.0
org.apache.commons.math.optimization.general.GaussNewtonOptimizer:doOptimize:68, 0.0
org.apache.commons.math.optimization.general.GaussNewtonOptimizer:doOptimize:67, 0.0
org.apache.commons.math.linear.BlockRealMatrix:<init>:166, 0.0
org.apache.commons.math.linear.LUDecompositionImpl:<init>:114, 0.0
org.apache.commons.math.linear.LUDecompositionImpl$Solver:solve:279, 0.0
org.apache.commons.math.linear.LUDecompositionImpl:getSolver:230, 0.0
org.apache.commons.math.linear.LUDecompositionImpl$Solver:solve:299, 0.0
org.apache.commons.math.optimization.general.GaussNewtonOptimizer:doOptimize:115, 0.0
org.apache.commons.math.linear.BlockRealMatrix:getRowDimension:1345, 0.0
org.apache.commons.math.linear.BlockRealMatrix:getData:641, 0.0
org.apache.commons.math.linear.BlockRealMatrix:getData:639, 0.0
org.apache.commons.math.linear.BlockRealMatrix:getData:640, 0.0
org.apache.commons.math.linear.BlockRealMatrix:getData:642, 0.0
org.apache.commons.math.optimization.univariate.BrentOptimizer:localMin:144, 0.0
org.apache.commons.math.optimization.univariate.BrentOptimizer:localMin:122, 0.0
org.apache.commons.math.optimization.univariate.BrentOptimizer:localMin:139, 0.0
org.apache.commons.math.optimization.univariate.BrentOptimizer:localMin:151, 0.0
org.apache.commons.math.optimization.univariate.AbstractUnivariateRealOptimizer:setResult:100, 0.0
org.apache.commons.math.optimization.univariate.AbstractUnivariateRealOptimizer:setResult:101, 0.0
org.apache.commons.math.optimization.univariate.AbstractUnivariateRealOptimizer:setResult:98, 0.0
org.apache.commons.math.optimization.univariate.AbstractUnivariateRealOptimizer:setResult:99, 0.0
org.apache.commons.math.optimization.univariate.AbstractUnivariateRealOptimizer:setResult:97, 0.0
org.apache.commons.math.optimization.univariate.BrentOptimizer:localMin:176, 0.0
org.apache.commons.math.optimization.univariate.BrentOptimizer:localMin:175, 0.0
org.apache.commons.math.ConvergingAlgorithmImpl:getIterationCount:73, 0.0
org.apache.commons.math.optimization.univariate.BrentOptimizer:localMin:180, 0.0
org.apache.commons.math.optimization.univariate.BrentOptimizer:localMin:169, 0.0
org.apache.commons.math.optimization.univariate.BrentOptimizer:localMin:100, 0.0
org.apache.commons.math.optimization.univariate.BrentOptimizer:optimize:58, 0.0
org.apache.commons.math.optimization.univariate.BrentOptimizer:optimize:57, 0.0
org.apache.commons.math.optimization.univariate.AbstractUnivariateRealOptimizer:getEvaluations:122, 0.0
org.apache.commons.math.optimization.univariate.BrentOptimizer:localMin:120, 0.0
org.apache.commons.math.optimization.univariate.BrentOptimizer:localMin:162, 0.0
org.apache.commons.math.optimization.univariate.BrentOptimizer:localMin:161, 0.0
org.apache.commons.math.optimization.univariate.BrentOptimizer:localMin:160, 0.0
org.apache.commons.math.optimization.univariate.BrentOptimizer:localMin:157, 0.0
org.apache.commons.math.optimization.univariate.BrentOptimizer:localMin:158, 0.0
org.apache.commons.math.optimization.univariate.BrentOptimizer:localMin:159, 0.0
org.apache.commons.math.optimization.univariate.AbstractUnivariateRealOptimizer:computeObjectiveValue:137, 0.0
org.apache.commons.math.optimization.univariate.BrentOptimizer:<init>:43, 0.0
org.apache.commons.math.optimization.univariate.BrentOptimizer:<init>:44, 0.0
org.apache.commons.math.optimization.univariate.BrentOptimizer:localMin:126, 0.0
org.apache.commons.math.optimization.univariate.BrentOptimizer:localMin:125, 0.0
org.apache.commons.math.optimization.univariate.AbstractUnivariateRealOptimizer:<init>:64, 0.0
org.apache.commons.math.optimization.univariate.AbstractUnivariateRealOptimizer:<init>:63, 0.0
org.apache.commons.math.optimization.univariate.AbstractUnivariateRealOptimizer:<init>:65, 0.0
org.apache.commons.math.optimization.univariate.AbstractUnivariateRealOptimizer:<init>:62, 0.0
org.apache.commons.math.optimization.univariate.AbstractUnivariateRealOptimizer:clearResult:108, 0.0
org.apache.commons.math.optimization.univariate.AbstractUnivariateRealOptimizer:clearResult:107, 0.0
org.apache.commons.math.optimization.univariate.BrentOptimizer:localMin:171, 0.0
org.apache.commons.math.optimization.univariate.BrentOptimizer:localMin:170, 0.0
org.apache.commons.math.optimization.univariate.BrentOptimizer:localMin:173, 0.0
org.apache.commons.math.optimization.univariate.BrentOptimizer:localMin:172, 0.0
org.apache.commons.math.optimization.univariate.BrentOptimizer:localMin:93, 0.0
org.apache.commons.math.optimization.univariate.BrentOptimizer:localMin:92, 0.0
org.apache.commons.math.optimization.univariate.BrentOptimizer:localMin:89, 0.0
org.apache.commons.math.optimization.univariate.BrentOptimizer:localMin:88, 0.0
org.apache.commons.math.optimization.univariate.BrentOptimizer:localMin:91, 0.0
org.apache.commons.math.optimization.univariate.BrentOptimizer:localMin:90, 0.0
org.apache.commons.math.optimization.univariate.BrentOptimizer:localMin:152, 0.0
org.apache.commons.math.optimization.univariate.BrentOptimizer:localMin:102, 0.0
org.apache.commons.math.optimization.univariate.BrentOptimizer:localMin:103, 0.0
org.apache.commons.math.optimization.univariate.BrentOptimizer:localMin:101, 0.0
org.apache.commons.math.optimization.univariate.BrentOptimizer:localMin:106, 0.0
org.apache.commons.math.ConvergingAlgorithmImpl:getAbsoluteAccuracy:83, 0.0
org.apache.commons.math.optimization.univariate.BrentOptimizer:localMin:174, 0.0
org.apache.commons.math.MathRuntimeException:createIllegalStateException:347, 0.0
org.apache.commons.math.optimization.univariate.BrentOptimizer:localMin:164, 0.0
org.apache.commons.math.optimization.univariate.AbstractUnivariateRealOptimizer:computeObjectiveValue:140, 0.0
org.apache.commons.math.optimization.univariate.BrentOptimizer:localMin:145, 0.0
org.apache.commons.math.optimization.univariate.BrentOptimizer:localMin:146, 0.0
org.apache.commons.math.optimization.univariate.BrentOptimizer:localMin:153, 0.0
org.apache.commons.math.optimization.univariate.AbstractUnivariateRealOptimizer:getResult:78, 0.0
org.apache.commons.math.optimization.univariate.AbstractUnivariateRealOptimizer:getResult:79, 0.0
org.apache.commons.math.optimization.univariate.BrentOptimizer:localMin:184, 0.0
org.apache.commons.math.optimization.univariate.BrentOptimizer:localMin:185, 0.0
org.apache.commons.math.optimization.univariate.AbstractUnivariateRealOptimizer:checkResultComputed:72, 0.0
org.apache.commons.math.optimization.univariate.AbstractUnivariateRealOptimizer:setMaxEvaluations:113, 0.0
org.apache.commons.math.optimization.univariate.AbstractUnivariateRealOptimizer:setMaxEvaluations:112, 0.0
org.apache.commons.math.optimization.univariate.BrentOptimizer:localMin:165, 0.0
org.apache.commons.math.optimization.univariate.AbstractUnivariateRealOptimizer:getMaxEvaluations:117, 0.0
org.apache.commons.math.optimization.univariate.BrentOptimizer:localMin:110, 0.0
org.apache.commons.math.optimization.univariate.BrentOptimizer:localMin:111, 0.0
org.apache.commons.math.optimization.univariate.BrentOptimizer:localMin:108, 0.0
org.apache.commons.math.optimization.univariate.BrentOptimizer:localMin:109, 0.0
org.apache.commons.math.optimization.univariate.BrentOptimizer:localMin:107, 0.0
org.apache.commons.math.optimization.univariate.BrentOptimizer:localMin:113, 0.0
org.apache.commons.math.MathRuntimeException$5:<init>:347, 0.0
org.apache.commons.math.optimization.univariate.BrentOptimizer:localMin:129, 0.0
org.apache.commons.math.optimization.univariate.BrentOptimizer:localMin:155, 0.0
org.apache.commons.math.optimization.univariate.BrentOptimizer:localMin:140, 0.0
org.apache.commons.math.optimization.univariate.BrentOptimizer:localMin:99, 0.0
org.apache.commons.math.optimization.univariate.BrentOptimizer:localMin:96, 0.0
org.apache.commons.math.optimization.univariate.BrentOptimizer:localMin:97, 0.0
org.apache.commons.math.optimization.univariate.BrentOptimizer:localMin:181, 0.0
org.apache.commons.math.optimization.univariate.AbstractUnivariateRealOptimizer:computeObjectiveValue:136, 0.0
org.apache.commons.math.optimization.univariate.AbstractUnivariateRealOptimizer:checkResultComputed:71, 0.0
org.apache.commons.math.optimization.univariate.BrentOptimizer:localMin:179, 0.0
org.apache.commons.math.optimization.univariate.BrentOptimizer:localMin:167, 0.0
org.apache.commons.math.optimization.univariate.BrentOptimizer:localMin:119, 0.0
org.apache.commons.math.optimization.univariate.BrentOptimizer:localMin:117, 0.0
org.apache.commons.math.optimization.univariate.BrentOptimizer:localMin:116, 0.0
org.apache.commons.math.optimization.univariate.BrentOptimizer:localMin:115, 0.0
org.apache.commons.math.optimization.univariate.BrentOptimizer:localMin:114, 0.0
org.apache.commons.math.MathException:printStackTrace:189, 0.0
org.apache.commons.math.MathException:printStackTrace:187, 0.0
org.apache.commons.math.MathException:printStackTrace:184, 0.0
org.apache.commons.math.MathException:printStackTrace:185, 0.0
org.apache.commons.math.MathException:printStackTrace:183, 0.0
org.apache.commons.math.MathException:printStackTrace:188, 0.0
org.apache.commons.math.analysis.polynomials.PolynomialFunctionLagrangeForm:evaluate:176, 0.0
org.apache.commons.math.analysis.polynomials.PolynomialFunctionLagrangeForm:evaluate:184, 0.0
org.apache.commons.math.analysis.polynomials.PolynomialFunctionLagrangeForm:evaluate:183, 0.0
org.apache.commons.math.analysis.polynomials.PolynomialFunctionLagrangeForm:evaluate:192, 0.0
org.apache.commons.math.analysis.polynomials.PolynomialFunctionLagrangeForm:<init>:71, 0.0
org.apache.commons.math.analysis.polynomials.PolynomialFunctionLagrangeForm:<init>:76, 0.0
org.apache.commons.math.analysis.polynomials.PolynomialFunctionLagrangeForm:<init>:77, 0.0
org.apache.commons.math.analysis.polynomials.PolynomialFunctionLagrangeForm:<init>:78, 0.0
org.apache.commons.math.analysis.polynomials.PolynomialFunctionLagrangeForm:<init>:79, 0.0
org.apache.commons.math.analysis.polynomials.PolynomialFunctionLagrangeForm:<init>:73, 0.0
org.apache.commons.math.analysis.polynomials.PolynomialFunctionLagrangeForm:<init>:74, 0.0
org.apache.commons.math.analysis.polynomials.PolynomialFunctionLagrangeForm:<init>:75, 0.0
org.apache.commons.math.analysis.polynomials.PolynomialFunctionLagrangeForm:evaluate:191, 0.0
org.apache.commons.math.analysis.polynomials.PolynomialFunctionLagrangeForm:evaluate:189, 0.0
org.apache.commons.math.analysis.polynomials.PolynomialFunctionLagrangeForm:evaluate:198, 0.0
org.apache.commons.math.analysis.polynomials.PolynomialFunctionLagrangeForm:value:93, 0.0
org.apache.commons.math.analysis.polynomials.PolynomialFunctionLagrangeForm:value:92, 0.0
org.apache.commons.math.analysis.polynomials.PolynomialFunctionLagrangeForm:evaluate:171, 0.0
org.apache.commons.math.analysis.polynomials.PolynomialFunctionLagrangeForm:evaluate:169, 0.0
org.apache.commons.math.analysis.polynomials.PolynomialFunctionLagrangeForm:evaluate:175, 0.0
org.apache.commons.math.analysis.polynomials.PolynomialFunctionLagrangeForm:evaluate:174, 0.0
org.apache.commons.math.analysis.polynomials.PolynomialFunctionLagrangeForm:evaluate:173, 0.0
org.apache.commons.math.analysis.polynomials.PolynomialFunctionLagrangeForm:evaluate:172, 0.0
org.apache.commons.math.analysis.polynomials.PolynomialFunctionLagrangeForm:verifyInterpolationArray:308, 0.0
org.apache.commons.math.analysis.polynomials.PolynomialFunctionLagrangeForm:evaluate:178, 0.0
org.apache.commons.math.analysis.polynomials.PolynomialFunctionLagrangeForm:evaluate:179, 0.0
org.apache.commons.math.analysis.polynomials.PolynomialFunctionLagrangeForm:evaluate:182, 0.0
org.apache.commons.math.analysis.polynomials.PolynomialFunctionLagrangeForm:evaluate:181, 0.0
org.apache.commons.math.analysis.polynomials.PolynomialFunctionLagrangeForm:verifyInterpolationArray:303, 0.0
org.apache.commons.math.analysis.polynomials.PolynomialFunctionLagrangeForm:verifyInterpolationArray:298, 0.0
org.apache.commons.math.analysis.interpolation.NevilleInterpolator:interpolate:52, 0.0
org.apache.commons.math.analysis.polynomials.PolynomialFunctionLagrangeForm:evaluate:201, 0.0
org.apache.commons.math.analysis.polynomials.PolynomialFunctionLagrangeForm:evaluate:203, 0.0
org.apache.commons.math.analysis.polynomials.PolynomialFunctionLagrangeForm:evaluate:202, 0.0
org.apache.commons.math.analysis.polynomials.PolynomialFunctionLagrangeForm:evaluate:196, 0.0
org.apache.commons.math.analysis.polynomials.PolynomialFunctionLagrangeForm:evaluate:193, 0.0
org.apache.commons.math.analysis.polynomials.PolynomialFunctionLagrangeForm:evaluate:195, 0.0
org.apache.commons.math.analysis.polynomials.PolynomialFunctionLagrangeForm:evaluate:194, 0.0
org.apache.commons.math.analysis.interpolation.NevilleInterpolator:<init>:36, 0.0
org.apache.commons.math.analysis.polynomials.PolynomialFunctionLagrangeForm:value:91, 0.0
org.apache.commons.math.analysis.polynomials.PolynomialSplineFunction:derivative:157, 0.0
org.apache.commons.math.analysis.polynomials.PolynomialFunction:evaluate:133, 0.0
org.apache.commons.math.analysis.polynomials.PolynomialFunction:evaluate:132, 0.0
org.apache.commons.math.analysis.polynomials.PolynomialFunction:differentiate:244, 0.0
org.apache.commons.math.analysis.polynomials.PolynomialFunction:differentiate:243, 0.0
org.apache.commons.math.analysis.polynomials.PolynomialFunction:differentiate:237, 0.0
org.apache.commons.math.analysis.polynomials.PolynomialFunction:differentiate:236, 0.0
org.apache.commons.math.analysis.polynomials.PolynomialSplineFunction:polynomialSplineDerivative:168, 0.0
org.apache.commons.math.analysis.polynomials.PolynomialSplineFunction:polynomialSplineDerivative:167, 0.0
org.apache.commons.math.analysis.polynomials.PolynomialSplineFunction:value:137, 0.0
org.apache.commons.math.analysis.polynomials.PolynomialFunction:polynomialDerivative:256, 0.0
org.apache.commons.math.analysis.polynomials.PolynomialSplineFunction:<init>:118, 0.0
org.apache.commons.math.analysis.polynomials.PolynomialSplineFunction:<init>:117, 0.0
org.apache.commons.math.analysis.polynomials.PolynomialSplineFunction:<init>:116, 0.0
org.apache.commons.math.analysis.polynomials.PolynomialSplineFunction:<init>:115, 0.0
org.apache.commons.math.analysis.polynomials.PolynomialSplineFunction:<init>:114, 0.0
org.apache.commons.math.analysis.polynomials.PolynomialSplineFunction:<init>:113, 0.0
org.apache.commons.math.analysis.polynomials.PolynomialSplineFunction:isStrictlyIncreasing:220, 0.0
org.apache.commons.math.analysis.polynomials.PolynomialFunction:evaluate:135, 0.0
org.apache.commons.math.analysis.polynomials.PolynomialSplineFunction:value:149, 0.0
org.apache.commons.math.analysis.polynomials.PolynomialFunction:<init>:71, 0.0
org.apache.commons.math.analysis.polynomials.PolynomialFunction:evaluate:131, 0.0
org.apache.commons.math.analysis.polynomials.PolynomialFunction:differentiate:245, 0.0
org.apache.commons.math.analysis.polynomials.PolynomialSplineFunction:<init>:103, 0.0
org.apache.commons.math.analysis.polynomials.PolynomialSplineFunction:value:139, 0.0
org.apache.commons.math.analysis.polynomials.PolynomialSplineFunction:value:140, 0.0
org.apache.commons.math.analysis.polynomials.PolynomialFunction:<init>:76, 0.0
org.apache.commons.math.analysis.polynomials.PolynomialFunction:<init>:77, 0.0
org.apache.commons.math.analysis.polynomials.PolynomialFunction:<init>:75, 0.0
org.apache.commons.math.analysis.polynomials.PolynomialSplineFunction:value:141, 0.0
org.apache.commons.math.analysis.polynomials.PolynomialFunction:differentiate:240, 0.0
org.apache.commons.math.analysis.polynomials.PolynomialSplineFunction:polynomialSplineDerivative:166, 0.0
org.apache.commons.math.analysis.polynomials.PolynomialFunction:<init>:72, 0.0
org.apache.commons.math.analysis.polynomials.PolynomialFunction:<init>:68, 0.0
org.apache.commons.math.analysis.polynomials.PolynomialFunction:<init>:67, 0.0
org.apache.commons.math.analysis.polynomials.PolynomialFunction:differentiate:247, 0.0
org.apache.commons.math.analysis.polynomials.PolynomialSplineFunction:value:136, 0.0
org.apache.commons.math.analysis.polynomials.PolynomialSplineFunction:isStrictlyIncreasing:225, 0.0
org.apache.commons.math.analysis.polynomials.PolynomialFunction:value:91, 0.0
org.apache.commons.math.analysis.polynomials.PolynomialSplineFunction:value:146, 0.0
org.apache.commons.math.analysis.polynomials.PolynomialFunction:evaluate:127, 0.0
org.apache.commons.math.analysis.polynomials.PolynomialFunction:evaluate:128, 0.0
org.apache.commons.math.analysis.polynomials.PolynomialSplineFunction:isStrictlyIncreasing:221, 0.0
org.apache.commons.math.analysis.polynomials.PolynomialSplineFunction:polynomialSplineDerivative:170, 0.0
org.apache.commons.math.analysis.polynomials.PolynomialSplineFunction:<init>:98, 0.0
org.apache.commons.math.analysis.polynomials.PolynomialSplineFunction:<init>:97, 0.0
org.apache.commons.math.analysis.polynomials.PolynomialSplineFunction:<init>:108, 0.0
org.apache.commons.math.util.MathUtils:checkOrder:1830, 0.0
org.apache.commons.math.util.MathUtils:checkOrder:1803, 0.0
org.apache.commons.math.analysis.interpolation.BicubicSplineInterpolatingFunction:computeSplineCoefficients:332, 0.0
org.apache.commons.math.analysis.interpolation.BicubicSplineInterpolatingFunction:computeSplineCoefficients:333, 0.0
org.apache.commons.math.analysis.interpolation.BicubicSplineInterpolatingFunction:computeSplineCoefficients:331, 0.0
org.apache.commons.math.analysis.interpolation.BicubicSplineInterpolatingFunction:<init>:133, 0.0
org.apache.commons.math.analysis.interpolation.BicubicSplineFunction:<init>:364, 0.0
org.apache.commons.math.analysis.interpolation.BicubicSplineInterpolatingFunction:<init>:127, 0.0
org.apache.commons.math.analysis.interpolation.BicubicSplineInterpolatingFunction:<init>:100, 0.0
org.apache.commons.math.analysis.interpolation.BicubicSplineInterpolatingFunction:<init>:139, 0.0
org.apache.commons.math.analysis.interpolation.BicubicSplineInterpolatingFunction:<init>:140, 0.0
org.apache.commons.math.util.MathUtils:checkOrder:1806, 0.0
org.apache.commons.math.analysis.interpolation.BicubicSplineInterpolatingFunction:<init>:109, 0.0
org.apache.commons.math.analysis.interpolation.BicubicSplineFunction:<init>:365, 0.0
org.apache.commons.math.analysis.interpolation.BicubicSplineFunction:<init>:366, 0.0
org.apache.commons.math.analysis.interpolation.BicubicSplineInterpolatingFunction:computeSplineCoefficients:330, 0.0
org.apache.commons.math.analysis.interpolation.BicubicSplineInterpolatingFunction:computeSplineCoefficients:336, 0.0
org.apache.commons.math.analysis.interpolation.BicubicSplineInterpolatingFunction:<init>:103, 0.0
org.apache.commons.math.analysis.interpolation.BicubicSplineFunction:<init>:356, 0.0
org.apache.commons.math.analysis.interpolation.BicubicSplineFunction:<init>:357, 0.0
org.apache.commons.math.analysis.interpolation.BicubicSplineFunction:<init>:358, 0.0
org.apache.commons.math.analysis.interpolation.BicubicSplineFunction:<init>:352, 0.0
org.apache.commons.math.analysis.interpolation.BicubicSplineFunction:<init>:354, 0.0
org.apache.commons.math.analysis.interpolation.BicubicSplineFunction:<init>:355, 0.0
org.apache.commons.math.analysis.interpolation.BicubicSplineFunction:<init>:363, 0.0
org.apache.commons.math.analysis.interpolation.BicubicSplineInterpolatingFunction:<init>:152, 0.0
org.apache.commons.math.util.MathUtils:checkOrder:1802, 0.0
org.apache.commons.math.util.MathUtils:checkOrder:1800, 0.0
org.apache.commons.math.util.MathUtils:checkOrder:1832, 0.0
org.apache.commons.math.analysis.interpolation.BicubicSplineInterpolatingFunction:<init>:134, 0.0
org.apache.commons.math.analysis.interpolation.BicubicSplineInterpolatingFunction:<init>:98, 0.0
org.apache.commons.math.analysis.interpolation.BicubicSplineInterpolatingFunction:<init>:73, 0.0
org.apache.commons.math.analysis.interpolation.BicubicSplineInterpolatingFunction:<init>:96, 0.0
org.apache.commons.math.analysis.interpolation.BicubicSplineInterpolatingFunction:<init>:97, 0.0
org.apache.commons.math.analysis.interpolation.BicubicSplineInterpolatingFunction:<init>:128, 0.0
org.apache.commons.math.util.MathUtils:checkOrder:1805, 0.0
org.apache.commons.math.analysis.interpolation.BicubicSplineInterpolatingFunction:<init>:107, 0.0
org.apache.commons.math.analysis.interpolation.BicubicSplineInterpolatingFunction:computeSplineCoefficients:339, 0.0
org.apache.commons.math.analysis.interpolation.BicubicSplineInterpolatingFunction:computeSplineCoefficients:334, 0.0
org.apache.commons.math.analysis.interpolation.BicubicSplineInterpolatingFunction:<init>:130, 0.0
org.apache.commons.math.analysis.interpolation.BicubicSplineInterpolatingFunction:<init>:113, 0.0
org.apache.commons.math.analysis.interpolation.BicubicSplineInterpolatingFunction:<init>:119, 0.0
org.apache.commons.math.analysis.interpolation.BicubicSplineInterpolatingFunction:<init>:117, 0.0
org.apache.commons.math.analysis.interpolation.BicubicSplineInterpolatingFunction:<init>:116, 0.0
org.apache.commons.math.analysis.interpolation.BicubicSplineInterpolatingFunction:<init>:126, 0.0
org.apache.commons.math.analysis.interpolation.BicubicSplineInterpolatingFunction:<init>:124, 0.0
org.apache.commons.math.analysis.interpolation.BicubicSplineInterpolatingFunction:<init>:123, 0.0
org.apache.commons.math.analysis.interpolation.BicubicSplineInterpolatingFunction:<init>:122, 0.0
org.apache.commons.math.analysis.interpolation.BicubicSplineInterpolatingFunction:<init>:120, 0.0
org.apache.commons.math.analysis.interpolation.BicubicSplineInterpolatingFunction:<init>:112, 0.0
org.apache.commons.math.analysis.interpolation.BicubicSplineInterpolatingFunction:computeSplineCoefficients:328, 0.0
org.apache.commons.math.analysis.interpolation.BicubicSplineInterpolatingFunction:<init>:136, 0.0
org.apache.commons.math.MathRuntimeException$4:<init>:305, 0.0
org.apache.commons.math.util.MathUtils:checkOrder:1804, 0.0
org.apache.commons.math.analysis.interpolation.BicubicSplineInterpolatingFunction:<init>:141, 0.0
org.apache.commons.math.analysis.interpolation.BicubicSplineInterpolatingFunction:<init>:149, 0.0
org.apache.commons.math.analysis.interpolation.BicubicSplineInterpolatingFunction:<init>:142, 0.0
org.apache.commons.math.analysis.interpolation.BicubicSplineInterpolatingFunction:<init>:106, 0.0
org.apache.commons.math.analysis.interpolation.BicubicSplineInterpolatingFunction:<init>:131, 0.0
org.apache.commons.math.MathRuntimeException:createIllegalArgumentException:305, 0.0
org.apache.commons.math.DimensionMismatchException:<init>:42, 0.0
org.apache.commons.math.DimensionMismatchException:<init>:43, 0.0
org.apache.commons.math.DimensionMismatchException:<init>:44, 0.0
org.apache.commons.math.DimensionMismatchException:<init>:45, 0.0
org.apache.commons.math.analysis.interpolation.BicubicSplineFunction:<init>:369, 0.0
org.apache.commons.math.analysis.interpolation.BicubicSplineInterpolatingFunction:<init>:110, 0.0
org.apache.commons.math.util.MathUtils:checkOrder:1807, 0.0
org.apache.commons.math.analysis.interpolation.BicubicSplineInterpolatingFunction:<init>:137, 0.0
org.apache.commons.math.analysis.interpolation.BicubicSplineInterpolatingFunction:<init>:104, 0.0
org.apache.commons.math.analysis.interpolation.SplineInterpolator:interpolate:103, 0.0
org.apache.commons.math.analysis.interpolation.SplineInterpolator:interpolate:100, 0.0
org.apache.commons.math.analysis.interpolation.SplineInterpolator:interpolate:101, 0.0
org.apache.commons.math.analysis.interpolation.SplineInterpolator:interpolate:106, 0.0
org.apache.commons.math.analysis.interpolation.SplineInterpolator:interpolate:99, 0.0
org.apache.commons.math.analysis.interpolation.SplineInterpolator:interpolate:104, 0.0
org.apache.commons.math.analysis.interpolation.BicubicSplineInterpolator:interpolate:74, 0.0
org.apache.commons.math.analysis.interpolation.SplineInterpolator:interpolate:73, 0.0
org.apache.commons.math.analysis.interpolation.BicubicSplineInterpolator:interpolate:41, 0.0
org.apache.commons.math.analysis.interpolation.BicubicSplineInterpolator:interpolate:96, 0.0
org.apache.commons.math.analysis.interpolation.BicubicSplineInterpolator:interpolate:89, 0.0
org.apache.commons.math.analysis.interpolation.BicubicSplineInterpolator:interpolate:69, 0.0
org.apache.commons.math.analysis.interpolation.BicubicSplineInterpolator:interpolate:73, 0.0
org.apache.commons.math.analysis.interpolation.SplineInterpolator:interpolate:93, 0.0
org.apache.commons.math.analysis.interpolation.SplineInterpolator:interpolate:92, 0.0
org.apache.commons.math.analysis.interpolation.SplineInterpolator:interpolate:94, 0.0
org.apache.commons.math.analysis.interpolation.SplineInterpolator:interpolate:91, 0.0
org.apache.commons.math.analysis.interpolation.SplineInterpolator:interpolate:72, 0.0
org.apache.commons.math.analysis.interpolation.BicubicSplineInterpolator:interpolate:104, 0.0
org.apache.commons.math.analysis.interpolation.BicubicSplineInterpolator:interpolate:105, 0.0
org.apache.commons.math.analysis.interpolation.BicubicSplineInterpolator:interpolate:88, 0.0
org.apache.commons.math.analysis.interpolation.SplineInterpolator:interpolate:70, 0.0
org.apache.commons.math.analysis.interpolation.BicubicSplineInterpolator:previousIndex:143, 0.0
org.apache.commons.math.analysis.interpolation.BicubicSplineInterpolator:previousIndex:142, 0.0
org.apache.commons.math.analysis.interpolation.BicubicSplineInterpolator:interpolate:59, 0.0
org.apache.commons.math.analysis.interpolation.BicubicSplineInterpolator:interpolate:98, 0.0
org.apache.commons.math.analysis.interpolation.SplineInterpolator:interpolate:119, 0.0
org.apache.commons.math.analysis.interpolation.SplineInterpolator:interpolate:118, 0.0
org.apache.commons.math.analysis.interpolation.SplineInterpolator:interpolate:117, 0.0
org.apache.commons.math.analysis.interpolation.SplineInterpolator:interpolate:116, 0.0
org.apache.commons.math.analysis.interpolation.SplineInterpolator:interpolate:115, 0.0
org.apache.commons.math.analysis.interpolation.SplineInterpolator:interpolate:114, 0.0
org.apache.commons.math.analysis.interpolation.BicubicSplineInterpolator:nextIndex:132, 0.0
org.apache.commons.math.analysis.interpolation.SplineInterpolator:interpolate:87, 0.0
org.apache.commons.math.analysis.interpolation.SplineInterpolator:interpolate:86, 0.0
org.apache.commons.math.analysis.interpolation.SplineInterpolator:interpolate:89, 0.0
org.apache.commons.math.analysis.interpolation.SplineInterpolator:interpolate:88, 0.0
org.apache.commons.math.analysis.interpolation.SplineInterpolator:interpolate:90, 0.0
org.apache.commons.math.analysis.interpolation.BicubicSplineInterpolator:interpolate:87, 0.0
org.apache.commons.math.analysis.interpolation.BicubicSplineInterpolator:interpolate:64, 0.0
org.apache.commons.math.analysis.interpolation.BicubicSplineInterpolator:interpolate:65, 0.0
org.apache.commons.math.analysis.interpolation.BicubicSplineInterpolator:interpolate:118, 0.0
org.apache.commons.math.analysis.polynomials.PolynomialFunction:differentiate:241, 0.0
org.apache.commons.math.analysis.interpolation.SplineInterpolator:<init>:50, 0.0
org.apache.commons.math.analysis.interpolation.BicubicSplineInterpolator:interpolate:99, 0.0
org.apache.commons.math.analysis.interpolation.SplineInterpolator:interpolate:122, 0.0
org.apache.commons.math.analysis.interpolation.BicubicSplineInterpolator:interpolate:86, 0.0
org.apache.commons.math.analysis.interpolation.SplineInterpolator:interpolate:83, 0.0
org.apache.commons.math.analysis.interpolation.SplineInterpolator:interpolate:82, 0.0
org.apache.commons.math.analysis.interpolation.BicubicSplineInterpolator:interpolate:108, 0.0
org.apache.commons.math.analysis.polynomials.PolynomialSplineFunction:value:147, 0.0
org.apache.commons.math.analysis.interpolation.SplineInterpolator:interpolate:64, 0.0
org.apache.commons.math.analysis.interpolation.BicubicSplineInterpolator:interpolate:81, 0.0
org.apache.commons.math.analysis.interpolation.BicubicSplineInterpolator:interpolate:82, 0.0
org.apache.commons.math.analysis.interpolation.BicubicSplineInterpolator:interpolate:44, 0.0
org.apache.commons.math.analysis.interpolation.BicubicSplineInterpolator:nextIndex:131, 0.0
org.apache.commons.math.analysis.interpolation.SplineInterpolator:interpolate:113, 0.0
org.apache.commons.math.analysis.interpolation.SplineInterpolator:interpolate:112, 0.0
org.apache.commons.math.analysis.polynomials.PolynomialFunction:<init>:73, 0.0
org.apache.commons.math.analysis.interpolation.BicubicSplineInterpolator:interpolate:110, 0.0
org.apache.commons.math.analysis.interpolation.BicubicSplineInterpolator:interpolate:111, 0.0
org.apache.commons.math.analysis.interpolation.BicubicSplineInterpolator:interpolate:109, 0.0
org.apache.commons.math.analysis.interpolation.SplineInterpolator:interpolate:81, 0.0
org.apache.commons.math.analysis.interpolation.BicubicSplineInterpolator:interpolate:45, 0.0
org.apache.commons.math.analysis.interpolation.BicubicSplineInterpolator:interpolate:97, 0.0
org.apache.commons.math.analysis.interpolation.BicubicSplineInterpolator:interpolate:90, 0.0
org.apache.commons.math.analysis.interpolation.BicubicSplineInterpolator:interpolate:61, 0.0
org.apache.commons.math.analysis.interpolation.SplineInterpolator:interpolate:59, 0.0
org.apache.commons.math.analysis.interpolation.BicubicSplineInterpolator:interpolate:80, 0.0
org.apache.commons.math.analysis.interpolation.BicubicSplineInterpolator:interpolate:51, 0.0
org.apache.commons.math.analysis.interpolation.BicubicSplineInterpolator:interpolate:58, 0.0
org.apache.commons.math.analysis.interpolation.BicubicSplineInterpolator:interpolate:49, 0.0
org.apache.commons.math.analysis.interpolation.BicubicSplineInterpolator:interpolate:48, 0.0
org.apache.commons.math.analysis.interpolation.BicubicSplineInterpolator:interpolate:52, 0.0
org.apache.commons.math.analysis.interpolation.BicubicSplineInterpolator:interpolate:106, 0.0
org.apache.commons.math.analysis.interpolation.BicubicSplineInterpolator:interpolate:107, 0.0
org.apache.commons.math.analysis.interpolation.BicubicSplineInterpolator:<init>:32, 0.0
org.apache.commons.math.analysis.interpolation.BicubicSplineInterpolator:interpolate:60, 0.0
org.apache.commons.math.analysis.interpolation.SplineInterpolator:interpolate:108, 0.0
org.apache.commons.math.analysis.interpolation.SplineInterpolator:interpolate:109, 0.0
org.apache.commons.math.analysis.interpolation.SplineInterpolator:interpolate:107, 0.0
org.apache.commons.math.analysis.interpolation.BicubicSplineInterpolator:interpolate:95, 0.0
org.apache.commons.math.analysis.interpolation.BicubicSplineInterpolator:interpolate:75, 0.0
org.apache.commons.math.analysis.interpolation.DividedDifferenceInterpolator:computeDividedDifference:103, 0.0
org.apache.commons.math.analysis.interpolation.DividedDifferenceInterpolator:computeDividedDifference:102, 0.0
org.apache.commons.math.analysis.interpolation.DividedDifferenceInterpolator:computeDividedDifference:100, 0.0
org.apache.commons.math.analysis.interpolation.DividedDifferenceInterpolator:computeDividedDifference:101, 0.0
org.apache.commons.math.analysis.interpolation.DividedDifferenceInterpolator:computeDividedDifference:98, 0.0
org.apache.commons.math.analysis.interpolation.DividedDifferenceInterpolator:computeDividedDifference:96, 0.0
org.apache.commons.math.analysis.interpolation.DividedDifferenceInterpolator:interpolate:70, 0.0
org.apache.commons.math.analysis.interpolation.DividedDifferenceInterpolator:interpolate:71, 0.0
org.apache.commons.math.analysis.interpolation.DividedDifferenceInterpolator:interpolate:73, 0.0
org.apache.commons.math.analysis.interpolation.DividedDifferenceInterpolator:interpolate:74, 0.0
org.apache.commons.math.analysis.interpolation.DividedDifferenceInterpolator:interpolate:60, 0.0
org.apache.commons.math.analysis.interpolation.DividedDifferenceInterpolator:computeDividedDifference:104, 0.0
org.apache.commons.math.analysis.interpolation.DividedDifferenceInterpolator:<init>:38, 0.0
org.apache.commons.math.analysis.interpolation.DividedDifferenceInterpolator:computeDividedDifference:110, 0.0
org.apache.commons.math.analysis.interpolation.DividedDifferenceInterpolator:computeDividedDifference:108, 0.0
org.apache.commons.math.analysis.interpolation.DividedDifferenceInterpolator:computeDividedDifference:106, 0.0
org.apache.commons.math.analysis.interpolation.DividedDifferenceInterpolator:computeDividedDifference:105, 0.0
org.apache.commons.math.analysis.interpolation.LoessInterpolator:<init>:146, 0.0
org.apache.commons.math.analysis.interpolation.LoessInterpolator:<init>:147, 0.0
org.apache.commons.math.analysis.interpolation.LoessInterpolator:<init>:148, 0.0
org.apache.commons.math.analysis.interpolation.LoessInterpolator:smooth:211, 0.0
org.apache.commons.math.analysis.interpolation.LoessInterpolator:smooth:367, 0.0
org.apache.commons.math.analysis.interpolation.LoessInterpolator:<init>:93, 0.0
org.apache.commons.math.analysis.interpolation.LoessInterpolator:<init>:92, 0.0
org.apache.commons.math.analysis.interpolation.LoessInterpolator:<init>:95, 0.0
org.apache.commons.math.analysis.interpolation.LoessInterpolator:<init>:94, 0.0
org.apache.commons.math.analysis.interpolation.LoessInterpolator:<init>:96, 0.0
org.apache.commons.math.analysis.interpolation.LoessInterpolator:smooth:375, 0.0
org.apache.commons.math.analysis.interpolation.LoessInterpolator:smooth:376, 0.0
org.apache.commons.math.analysis.interpolation.LoessInterpolator:smooth:378, 0.0
org.apache.commons.math.analysis.interpolation.LoessInterpolator:smooth:208, 0.0
org.apache.commons.math.analysis.interpolation.LoessInterpolator:smooth:210, 0.0
org.apache.commons.math.analysis.interpolation.LoessInterpolator:smooth:200, 0.0
org.apache.commons.math.analysis.interpolation.LoessInterpolator:smooth:220, 0.0
org.apache.commons.math.analysis.interpolation.LoessInterpolator:smooth:214, 0.0
org.apache.commons.math.analysis.interpolation.LoessInterpolator:smooth:215, 0.0
org.apache.commons.math.analysis.interpolation.LoessInterpolator:smooth:216, 0.0
org.apache.commons.math.analysis.interpolation.LoessInterpolator:smooth:218, 0.0
org.apache.commons.math.analysis.interpolation.LoessInterpolator:checkAllFiniteReal:447, 0.0
org.apache.commons.math.analysis.interpolation.LoessInterpolator:smooth:224, 0.0
org.apache.commons.math.analysis.interpolation.LoessInterpolator:checkAllFiniteReal:449, 0.0
org.apache.commons.math.analysis.interpolation.LoessInterpolator:checkAllFiniteReal:448, 0.0
org.apache.commons.math.analysis.interpolation.LoessInterpolator:smooth:230, 0.0
org.apache.commons.math.analysis.interpolation.LoessInterpolator:smooth:228, 0.0
org.apache.commons.math.analysis.interpolation.LoessInterpolator:checkStrictlyIncreasing:466, 0.0
org.apache.commons.math.analysis.interpolation.LoessInterpolator:checkStrictlyIncreasing:465, 0.0
org.apache.commons.math.analysis.interpolation.LoessInterpolator:checkAllFiniteReal:453, 0.0
org.apache.commons.math.analysis.interpolation.LoessInterpolator:checkStrictlyIncreasing:474, 0.0
org.apache.commons.math.analysis.interpolation.LoessInterpolator:<init>:152, 0.0
org.apache.commons.math.analysis.interpolation.LoessInterpolator:<init>:151, 0.0
org.apache.commons.math.analysis.interpolation.LoessInterpolator:<init>:157, 0.0
org.apache.commons.math.analysis.interpolation.LoessInterpolator:<init>:158, 0.0
org.apache.commons.math.analysis.interpolation.LoessInterpolator:<init>:159, 0.0
org.apache.commons.math.analysis.interpolation.LoessInterpolator:smooth:231, 0.0
org.apache.commons.math.analysis.interpolation.LoessInterpolator:checkStrictlyIncreasing:467, 0.0
org.apache.commons.math.analysis.interpolation.LoessInterpolator:checkAllFiniteReal:450, 0.0
org.apache.commons.math.analysis.interpolation.LoessInterpolator:smooth:368, 0.0
org.apache.commons.math.analysis.interpolation.SmoothingBicubicSplineInterpolator:interpolate:107, 0.0
org.apache.commons.math.analysis.interpolation.SmoothingBicubicSplineInterpolator:interpolate:100, 0.0
org.apache.commons.math.analysis.interpolation.SmoothingBicubicSplineInterpolator:interpolate:99, 0.0
org.apache.commons.math.analysis.interpolation.SmoothingBicubicSplineInterpolator:interpolate:78, 0.0
org.apache.commons.math.analysis.interpolation.SmoothingBicubicSplineInterpolator:interpolate:83, 0.0
org.apache.commons.math.analysis.interpolation.SmoothingBicubicSplineInterpolator:interpolate:82, 0.0
org.apache.commons.math.analysis.interpolation.SmoothingBicubicSplineInterpolator:interpolate:127, 0.0
org.apache.commons.math.analysis.interpolation.SmoothingBicubicSplineInterpolator:interpolate:126, 0.0
org.apache.commons.math.analysis.interpolation.SmoothingBicubicSplineInterpolator:interpolate:53, 0.0
org.apache.commons.math.analysis.interpolation.SmoothingBicubicSplineInterpolator:interpolate:134, 0.0
org.apache.commons.math.analysis.interpolation.SmoothingBicubicSplineInterpolator:interpolate:54, 0.0
org.apache.commons.math.analysis.interpolation.SmoothingBicubicSplineInterpolator:interpolate:110, 0.0
org.apache.commons.math.analysis.interpolation.SmoothingBicubicSplineInterpolator:interpolate:109, 0.0
org.apache.commons.math.analysis.interpolation.SmoothingBicubicSplineInterpolator:interpolate:90, 0.0
org.apache.commons.math.analysis.interpolation.SmoothingBicubicSplineInterpolator:interpolate:68, 0.0
org.apache.commons.math.analysis.interpolation.SmoothingBicubicSplineInterpolator:interpolate:58, 0.0
org.apache.commons.math.analysis.interpolation.SmoothingBicubicSplineInterpolator:interpolate:57, 0.0
org.apache.commons.math.analysis.interpolation.SmoothingBicubicSplineInterpolator:interpolate:61, 0.0
org.apache.commons.math.analysis.interpolation.SmoothingBicubicSplineInterpolator:interpolate:67, 0.0
org.apache.commons.math.analysis.interpolation.SmoothingBicubicSplineInterpolator:interpolate:60, 0.0
org.apache.commons.math.analysis.interpolation.SmoothingBicubicSplineInterpolator:interpolate:147, 0.0
org.apache.commons.math.analysis.interpolation.SmoothingBicubicSplineInterpolator:interpolate:116, 0.0
org.apache.commons.math.analysis.interpolation.SmoothingBicubicSplineInterpolator:interpolate:101, 0.0
org.apache.commons.math.analysis.interpolation.SmoothingBicubicSplineInterpolator:interpolate:125, 0.0
org.apache.commons.math.analysis.interpolation.SmoothingBicubicSplineInterpolator:interpolate:124, 0.0
org.apache.commons.math.analysis.interpolation.SmoothingBicubicSplineInterpolator:interpolate:50, 0.0
org.apache.commons.math.analysis.interpolation.SmoothingBicubicSplineInterpolator:interpolate:84, 0.0
org.apache.commons.math.analysis.interpolation.SmoothingBicubicSplineInterpolator:interpolate:137, 0.0
org.apache.commons.math.analysis.interpolation.SmoothingBicubicSplineInterpolator:interpolate:115, 0.0
org.apache.commons.math.analysis.interpolation.SmoothingBicubicSplineInterpolator:interpolate:89, 0.0
org.apache.commons.math.analysis.interpolation.SmoothingBicubicSplineInterpolator:interpolate:139, 0.0
org.apache.commons.math.analysis.interpolation.SmoothingBicubicSplineInterpolator:interpolate:138, 0.0
org.apache.commons.math.analysis.interpolation.SmoothingBicubicSplineInterpolator:interpolate:140, 0.0
org.apache.commons.math.analysis.interpolation.SmoothingBicubicSplineInterpolator:interpolate:69, 0.0
org.apache.commons.math.analysis.interpolation.SmoothingBicubicSplineInterpolator:interpolate:118, 0.0
org.apache.commons.math.analysis.interpolation.SmoothingBicubicSplineInterpolator:interpolate:70, 0.0
org.apache.commons.math.analysis.interpolation.SmoothingBicubicSplineInterpolator:nextIndex:161, 0.0
org.apache.commons.math.analysis.interpolation.SmoothingBicubicSplineInterpolator:nextIndex:160, 0.0
org.apache.commons.math.analysis.interpolation.SmoothingBicubicSplineInterpolator:interpolate:133, 0.0
org.apache.commons.math.analysis.interpolation.SmoothingBicubicSplineInterpolator:interpolate:106, 0.0
org.apache.commons.math.analysis.interpolation.SmoothingBicubicSplineInterpolator:interpolate:136, 0.0
org.apache.commons.math.analysis.interpolation.SmoothingBicubicSplineInterpolator:interpolate:135, 0.0
org.apache.commons.math.analysis.interpolation.SmoothingBicubicSplineInterpolator:interpolate:117, 0.0
org.apache.commons.math.analysis.interpolation.SmoothingBicubicSplineInterpolator:<init>:41, 0.0
org.apache.commons.math.analysis.interpolation.SmoothingBicubicSplineInterpolator:interpolate:73, 0.0
org.apache.commons.math.analysis.interpolation.SmoothingBicubicSplineInterpolator:interpolate:92, 0.0
org.apache.commons.math.analysis.interpolation.SmoothingBicubicSplineInterpolator:interpolate:91, 0.0
org.apache.commons.math.analysis.interpolation.SmoothingBicubicSplineInterpolator:previousIndex:171, 0.0
org.apache.commons.math.analysis.interpolation.SmoothingBicubicSplineInterpolator:previousIndex:172, 0.0
org.apache.commons.math.analysis.interpolation.SmoothingBicubicSplineInterpolator:interpolate:128, 0.0
org.apache.commons.math.analysis.interpolation.SmoothingBicubicSplineInterpolator:interpolate:108, 0.0
org.apache.commons.math.analysis.interpolation.SmoothingBicubicSplineInterpolator:interpolate:119, 0.0
org.apache.commons.math.analysis.interpolation.SmoothingBicubicSplineInterpolator:interpolate:74, 0.0
org.apache.commons.math.analysis.interpolation.SmoothingBicubicSplineInterpolator:interpolate:93, 0.0
org.apache.commons.math.linear.QRDecompositionImpl:<init>:102, 0.0
org.apache.commons.math.linear.QRDecompositionImpl:<init>:103, 0.0
org.apache.commons.math.linear.QRDecompositionImpl:<init>:105, 0.0
org.apache.commons.math.linear.QRDecompositionImpl$Solver:solve:313, 0.0
org.apache.commons.math.linear.QRDecompositionImpl$Solver:solve:314, 0.0
org.apache.commons.math.analysis.interpolation.SmoothingPolynomialBicubicSplineInterpolator:interpolate:98, 0.0
org.apache.commons.math.analysis.interpolation.SmoothingPolynomialBicubicSplineInterpolator:interpolate:97, 0.0
org.apache.commons.math.optimization.fitting.PolynomialFitter$ParametricPolynomial:value:102, 0.0
org.apache.commons.math.optimization.fitting.PolynomialFitter$ParametricPolynomial:value:101, 0.0
org.apache.commons.math.linear.QRDecompositionImpl:<init>:129, 0.0
org.apache.commons.math.linear.QRDecompositionImpl:<init>:115, 0.0
org.apache.commons.math.analysis.interpolation.SmoothingPolynomialBicubicSplineInterpolator:interpolate:95, 0.0
org.apache.commons.math.analysis.interpolation.SmoothingPolynomialBicubicSplineInterpolator:interpolate:101, 0.0
org.apache.commons.math.linear.QRDecompositionImpl$Solver:<init>:270, 0.0
org.apache.commons.math.linear.QRDecompositionImpl$Solver:<init>:271, 0.0
org.apache.commons.math.linear.QRDecompositionImpl$Solver:<init>:268, 0.0
org.apache.commons.math.linear.QRDecompositionImpl$Solver:<init>:269, 0.0
org.apache.commons.math.linear.QRDecompositionImpl$Solver:solve:320, 0.0
org.apache.commons.math.optimization.fitting.PolynomialFitter:fit:77, 0.0
org.apache.commons.math.analysis.interpolation.SmoothingPolynomialBicubicSplineInterpolator:interpolate:96, 0.0
org.apache.commons.math.linear.QRDecompositionImpl$Solver:solve:304, 0.0
org.apache.commons.math.optimization.fitting.PolynomialFitter$ParametricPolynomial:<init>:85, 0.0
org.apache.commons.math.optimization.fitting.PolynomialFitter$ParametricPolynomial:value:105, 0.0
org.apache.commons.math.optimization.fitting.PolynomialFitter:clearObservations:68, 0.0
org.apache.commons.math.optimization.fitting.PolynomialFitter:clearObservations:67, 0.0
org.apache.commons.math.linear.QRDecompositionImpl:<init>:100, 0.0
org.apache.commons.math.linear.QRDecompositionImpl:<init>:98, 0.0
org.apache.commons.math.linear.QRDecompositionImpl:<init>:99, 0.0
org.apache.commons.math.linear.QRDecompositionImpl$Solver:isNonSingular:277, 0.0
org.apache.commons.math.linear.QRDecompositionImpl$Solver:isNonSingular:276, 0.0
org.apache.commons.math.optimization.fitting.PolynomialFitter$ParametricPolynomial:gradient:92, 0.0
org.apache.commons.math.linear.QRDecompositionImpl$Solver:solve:308, 0.0
org.apache.commons.math.optimization.fitting.WeightedObservedPoint:getX:64, 0.0
org.apache.commons.math.analysis.interpolation.SmoothingPolynomialBicubicSplineInterpolator:interpolate:94, 0.0
org.apache.commons.math.analysis.interpolation.SmoothingPolynomialBicubicSplineInterpolator:interpolate:89, 0.0
org.apache.commons.math.analysis.interpolation.SmoothingPolynomialBicubicSplineInterpolator:interpolate:90, 0.0
org.apache.commons.math.optimization.fitting.PolynomialFitter$ParametricPolynomial:gradient:91, 0.0
org.apache.commons.math.optimization.fitting.PolynomialFitter$ParametricPolynomial:gradient:90, 0.0
org.apache.commons.math.linear.QRDecompositionImpl$Solver:solve:307, 0.0
org.apache.commons.math.linear.QRDecompositionImpl$Solver:solve:306, 0.0
org.apache.commons.math.optimization.fitting.CurveFitter:fit:137, 0.0
org.apache.commons.math.optimization.fitting.CurveFitter:fit:136, 0.0
org.apache.commons.math.optimization.fitting.CurveFitter:fit:135, 0.0
org.apache.commons.math.optimization.fitting.CurveFitter:fit:134, 0.0
org.apache.commons.math.linear.QRDecompositionImpl$Solver:solve:311, 0.0
org.apache.commons.math.analysis.interpolation.SmoothingPolynomialBicubicSplineInterpolator:interpolate:85, 0.0
org.apache.commons.math.linear.QRDecompositionImpl:<init>:86, 0.0
org.apache.commons.math.optimization.fitting.PolynomialFitter$ParametricPolynomial:value:103, 0.0
org.apache.commons.math.linear.QRDecompositionImpl$Solver:isNonSingular:281, 0.0
org.apache.commons.math.optimization.fitting.CurveFitter:fit:145, 0.0
org.apache.commons.math.optimization.fitting.CurveFitter:fit:141, 0.0
org.apache.commons.math.linear.QRDecompositionImpl$Solver:solve:309, 0.0
org.apache.commons.math.analysis.interpolation.SmoothingPolynomialBicubicSplineInterpolator:interpolate:83, 0.0
org.apache.commons.math.optimization.VectorialPointValuePair:getValueRef:93, 0.0
org.apache.commons.math.linear.QRDecompositionImpl:<init>:88, 0.0
org.apache.commons.math.linear.QRDecompositionImpl:<init>:97, 0.0
org.apache.commons.math.optimization.SimpleVectorialValueChecker:converged:77, 0.0
org.apache.commons.math.optimization.SimpleVectorialValueChecker:converged:78, 0.0
org.apache.commons.math.optimization.SimpleVectorialValueChecker:converged:79, 0.0
org.apache.commons.math.optimization.SimpleVectorialValueChecker:converged:81, 0.0
org.apache.commons.math.optimization.SimpleVectorialValueChecker:converged:80, 0.0
org.apache.commons.math.linear.QRDecompositionImpl:<init>:70, 0.0
org.apache.commons.math.linear.QRDecompositionImpl:<init>:76, 0.0
org.apache.commons.math.linear.QRDecompositionImpl:<init>:77, 0.0
org.apache.commons.math.linear.QRDecompositionImpl:<init>:78, 0.0
org.apache.commons.math.linear.QRDecompositionImpl:<init>:79, 0.0
org.apache.commons.math.linear.QRDecompositionImpl:<init>:72, 0.0
org.apache.commons.math.linear.QRDecompositionImpl:<init>:73, 0.0
org.apache.commons.math.linear.QRDecompositionImpl:<init>:74, 0.0
org.apache.commons.math.linear.QRDecompositionImpl:<init>:75, 0.0
org.apache.commons.math.linear.QRDecompositionImpl$Solver:solve:296, 0.0
org.apache.commons.math.analysis.interpolation.SmoothingPolynomialBicubicSplineInterpolator:interpolate:84, 0.0
org.apache.commons.math.optimization.SimpleVectorialValueChecker:converged:76, 0.0
org.apache.commons.math.optimization.SimpleVectorialValueChecker:converged:74, 0.0
org.apache.commons.math.optimization.SimpleVectorialValueChecker:converged:75, 0.0
org.apache.commons.math.optimization.fitting.PolynomialFitter:<init>:51, 0.0
org.apache.commons.math.optimization.fitting.PolynomialFitter:<init>:50, 0.0
org.apache.commons.math.optimization.fitting.PolynomialFitter:<init>:49, 0.0
org.apache.commons.math.optimization.fitting.PolynomialFitter:<init>:48, 0.0
org.apache.commons.math.analysis.interpolation.SmoothingPolynomialBicubicSplineInterpolator:interpolate:77, 0.0
org.apache.commons.math.linear.QRDecompositionImpl$Solver:<init>:250, 0.0
org.apache.commons.math.optimization.fitting.WeightedObservedPoint:getY:71, 0.0
org.apache.commons.math.linear.QRDecompositionImpl$Solver:solve:300, 0.0
org.apache.commons.math.linear.QRDecompositionImpl$Solver:solve:301, 0.0
org.apache.commons.math.analysis.interpolation.SmoothingPolynomialBicubicSplineInterpolator:interpolate:81, 0.0
org.apache.commons.math.analysis.interpolation.SmoothingPolynomialBicubicSplineInterpolator:interpolate:80, 0.0
org.apache.commons.math.optimization.fitting.CurveFitter:<init>:57, 0.0
org.apache.commons.math.optimization.fitting.CurveFitter:<init>:56, 0.0
org.apache.commons.math.optimization.fitting.CurveFitter:<init>:55, 0.0
org.apache.commons.math.optimization.fitting.CurveFitter:<init>:54, 0.0
org.apache.commons.math.optimization.SimpleVectorialValueChecker:converged:86, 0.0
org.apache.commons.math.linear.QRDecompositionImpl:getSolver:246, 0.0
org.apache.commons.math.optimization.fitting.CurveFitter:clearObservations:110, 0.0
org.apache.commons.math.optimization.fitting.CurveFitter:clearObservations:111, 0.0
org.apache.commons.math.analysis.interpolation.SmoothingPolynomialBicubicSplineInterpolator:<init>:51, 0.0
org.apache.commons.math.analysis.interpolation.SmoothingPolynomialBicubicSplineInterpolator:<init>:52, 0.0
org.apache.commons.math.optimization.fitting.WeightedObservedPoint:<init>:51, 0.0
org.apache.commons.math.optimization.fitting.WeightedObservedPoint:<init>:50, 0.0
org.apache.commons.math.optimization.fitting.WeightedObservedPoint:<init>:49, 0.0
org.apache.commons.math.optimization.fitting.WeightedObservedPoint:<init>:48, 0.0
org.apache.commons.math.optimization.fitting.WeightedObservedPoint:<init>:47, 0.0
org.apache.commons.math.optimization.fitting.CurveFitter$TheoreticalValuesFunction$1:value:176, 0.0
org.apache.commons.math.analysis.interpolation.SmoothingPolynomialBicubicSplineInterpolator:interpolate:76, 0.0
org.apache.commons.math.optimization.fitting.CurveFitter$TheoreticalValuesFunction$1:value:173, 0.0
org.apache.commons.math.optimization.fitting.CurveFitter$TheoreticalValuesFunction$1:value:172, 0.0
org.apache.commons.math.analysis.interpolation.SmoothingPolynomialBicubicSplineInterpolator:interpolate:73, 0.0
org.apache.commons.math.linear.QRDecompositionImpl$Solver:solve:289, 0.0
org.apache.commons.math.linear.QRDecompositionImpl$Solver:solve:290, 0.0
org.apache.commons.math.linear.QRDecompositionImpl$Solver:solve:291, 0.0
org.apache.commons.math.analysis.interpolation.SmoothingPolynomialBicubicSplineInterpolator:interpolate:131, 0.0
org.apache.commons.math.analysis.interpolation.SmoothingPolynomialBicubicSplineInterpolator:interpolate:132, 0.0
org.apache.commons.math.optimization.fitting.CurveFitter$TheoreticalValuesFunction:jacobian:165, 0.0
org.apache.commons.math.linear.BlockRealMatrix:createBlocksLayout:275, 0.0
org.apache.commons.math.linear.BlockRealMatrix:createBlocksLayout:274, 0.0
org.apache.commons.math.linear.BlockRealMatrix:createBlocksLayout:273, 0.0
org.apache.commons.math.linear.BlockRealMatrix:createBlocksLayout:276, 0.0
org.apache.commons.math.linear.BlockRealMatrix:createBlocksLayout:272, 0.0
org.apache.commons.math.analysis.interpolation.SmoothingPolynomialBicubicSplineInterpolator:interpolate:130, 0.0
org.apache.commons.math.linear.BlockRealMatrix:createBlocksLayout:267, 0.0
org.apache.commons.math.linear.BlockRealMatrix:createBlocksLayout:270, 0.0
org.apache.commons.math.linear.BlockRealMatrix:createBlocksLayout:271, 0.0
org.apache.commons.math.linear.BlockRealMatrix:createBlocksLayout:268, 0.0
org.apache.commons.math.linear.BlockRealMatrix:<init>:103, 0.0
org.apache.commons.math.linear.BlockRealMatrix:<init>:100, 0.0
org.apache.commons.math.linear.BlockRealMatrix:<init>:98, 0.0
org.apache.commons.math.linear.BlockRealMatrix:<init>:99, 0.0
org.apache.commons.math.linear.BlockRealMatrix:<init>:109, 0.0
org.apache.commons.math.linear.BlockRealMatrix:<init>:107, 0.0
org.apache.commons.math.linear.BlockRealMatrix:<init>:104, 0.0
org.apache.commons.math.analysis.interpolation.SmoothingPolynomialBicubicSplineInterpolator:interpolate:129, 0.0
org.apache.commons.math.optimization.fitting.CurveFitter$TheoreticalValuesFunction:access$100:150, 0.0
org.apache.commons.math.optimization.fitting.CurveFitter$TheoreticalValuesFunction$1:value:171, 0.0
org.apache.commons.math.optimization.fitting.CurveFitter$TheoreticalValuesFunction$1:value:169, 0.0
org.apache.commons.math.linear.BlockRealMatrix:transpose:1338, 0.0
org.apache.commons.math.analysis.interpolation.SmoothingPolynomialBicubicSplineInterpolator:interpolate:128, 0.0
org.apache.commons.math.optimization.general.GaussNewtonOptimizer:doOptimize:130, 0.0
org.apache.commons.math.linear.BlockRealMatrix:transpose:1311, 0.0
org.apache.commons.math.analysis.interpolation.SmoothingPolynomialBicubicSplineInterpolator:interpolate:117, 0.0
org.apache.commons.math.analysis.interpolation.SmoothingPolynomialBicubicSplineInterpolator:interpolate:123, 0.0
org.apache.commons.math.linear.BlockRealMatrix:createBlocksLayout:285, 0.0
org.apache.commons.math.optimization.fitting.CurveFitter$TheoreticalValuesFunction$1:<init>:165, 0.0
org.apache.commons.math.linear.BlockRealMatrix:transpose:1312, 0.0
org.apache.commons.math.linear.BlockRealMatrix:transpose:1333, 0.0
org.apache.commons.math.analysis.interpolation.SmoothingPolynomialBicubicSplineInterpolator:interpolate:136, 0.0
org.apache.commons.math.analysis.interpolation.SmoothingPolynomialBicubicSplineInterpolator:interpolate:119, 0.0
org.apache.commons.math.analysis.interpolation.SmoothingPolynomialBicubicSplineInterpolator:interpolate:120, 0.0
org.apache.commons.math.linear.QRDecompositionImpl:<init>:144, 0.0
org.apache.commons.math.optimization.fitting.WeightedObservedPoint:getWeight:57, 0.0
org.apache.commons.math.linear.BlockRealMatrix:transpose:1322, 0.0
org.apache.commons.math.optimization.fitting.CurveFitter$TheoreticalValuesFunction:<init>:161, 0.0
org.apache.commons.math.optimization.fitting.CurveFitter$TheoreticalValuesFunction:<init>:160, 0.0
org.apache.commons.math.optimization.fitting.CurveFitter$TheoreticalValuesFunction:<init>:159, 0.0
org.apache.commons.math.linear.BlockRealMatrix:createBlocksLayout:281, 0.0
org.apache.commons.math.linear.BlockRealMatrix:createBlocksLayout:280, 0.0
org.apache.commons.math.linear.BlockRealMatrix:createBlocksLayout:279, 0.0
org.apache.commons.math.linear.BlockRealMatrix:createBlocksLayout:278, 0.0
org.apache.commons.math.linear.BlockRealMatrix:createBlocksLayout:277, 0.0
org.apache.commons.math.linear.BlockRealMatrix:transpose:1328, 0.0
org.apache.commons.math.linear.BlockRealMatrix:transpose:1325, 0.0
org.apache.commons.math.linear.BlockRealMatrix:transpose:1326, 0.0
org.apache.commons.math.linear.BlockRealMatrix:transpose:1327, 0.0
org.apache.commons.math.optimization.fitting.CurveFitter:access$000:43, 0.0
org.apache.commons.math.linear.QRDecompositionImpl$Solver:solve:330, 0.0
org.apache.commons.math.analysis.interpolation.SmoothingPolynomialBicubicSplineInterpolator:interpolate:118, 0.0
org.apache.commons.math.analysis.interpolation.SmoothingPolynomialBicubicSplineInterpolator:interpolate:116, 0.0
org.apache.commons.math.linear.BlockRealMatrix:transpose:1323, 0.0
org.apache.commons.math.linear.BlockRealMatrix:transpose:1324, 0.0
org.apache.commons.math.optimization.fitting.CurveFitter:fit:131, 0.0
org.apache.commons.math.optimization.fitting.CurveFitter:fit:133, 0.0
org.apache.commons.math.optimization.fitting.CurveFitter:fit:132, 0.0
org.apache.commons.math.analysis.interpolation.SmoothingPolynomialBicubicSplineInterpolator:interpolate:107, 0.0
org.apache.commons.math.analysis.interpolation.SmoothingPolynomialBicubicSplineInterpolator:interpolate:110, 0.0
org.apache.commons.math.analysis.interpolation.SmoothingPolynomialBicubicSplineInterpolator:interpolate:109, 0.0
org.apache.commons.math.linear.BlockRealMatrix:transpose:1320, 0.0
org.apache.commons.math.linear.BlockRealMatrix:transpose:1321, 0.0
org.apache.commons.math.linear.BlockRealMatrix:transpose:1315, 0.0
org.apache.commons.math.linear.BlockRealMatrix:transpose:1316, 0.0
org.apache.commons.math.linear.BlockRealMatrix:transpose:1317, 0.0
org.apache.commons.math.linear.BlockRealMatrix:transpose:1318, 0.0
org.apache.commons.math.linear.BlockRealMatrix:transpose:1319, 0.0
org.apache.commons.math.optimization.fitting.PolynomialFitter$ParametricPolynomial:gradient:93, 0.0
org.apache.commons.math.optimization.fitting.PolynomialFitter$ParametricPolynomial:gradient:94, 0.0
org.apache.commons.math.optimization.fitting.PolynomialFitter:addObservedPoint:61, 0.0
org.apache.commons.math.optimization.fitting.PolynomialFitter:addObservedPoint:60, 0.0
org.apache.commons.math.optimization.fitting.CurveFitter$TheoreticalValuesFunction:value:190, 0.0
org.apache.commons.math.optimization.fitting.CurveFitter$TheoreticalValuesFunction:value:189, 0.0
org.apache.commons.math.optimization.fitting.PolynomialFitter$ParametricPolynomial:gradient:96, 0.0
org.apache.commons.math.analysis.interpolation.SmoothingPolynomialBicubicSplineInterpolator:interpolate:108, 0.0
org.apache.commons.math.linear.QRDecompositionImpl$Solver:solve:324, 0.0
org.apache.commons.math.linear.QRDecompositionImpl$Solver:solve:325, 0.0
org.apache.commons.math.linear.QRDecompositionImpl$Solver:solve:322, 0.0
org.apache.commons.math.linear.QRDecompositionImpl$Solver:solve:323, 0.0
org.apache.commons.math.linear.QRDecompositionImpl$Solver:solve:321, 0.0
org.apache.commons.math.optimization.fitting.CurveFitter$TheoreticalValuesFunction:value:193, 0.0
org.apache.commons.math.optimization.fitting.CurveFitter:addObservedPoint:84, 0.0
org.apache.commons.math.optimization.fitting.CurveFitter:addObservedPoint:83, 0.0
org.apache.commons.math.optimization.fitting.CurveFitter$TheoreticalValuesFunction:value:187, 0.0
org.apache.commons.math.optimization.fitting.CurveFitter$TheoreticalValuesFunction:value:188, 0.0
org.apache.commons.math.analysis.interpolation.SmoothingPolynomialBicubicSplineInterpolator:<init>:64, 0.0
org.apache.commons.math.analysis.interpolation.SmoothingPolynomialBicubicSplineInterpolator:<init>:63, 0.0
org.apache.commons.math.analysis.interpolation.SmoothingPolynomialBicubicSplineInterpolator:<init>:62, 0.0
org.apache.commons.math.analysis.interpolation.SmoothingPolynomialBicubicSplineInterpolator:<init>:61, 0.0
org.apache.commons.math.analysis.interpolation.SmoothingPolynomialBicubicSplineInterpolator:interpolate:106, 0.0
org.apache.commons.math.linear.BlockRealMatrix:transpose:1307, 0.0
org.apache.commons.math.linear.BlockRealMatrix:transpose:1306, 0.0
org.apache.commons.math.linear.BlockRealMatrix:transpose:1305, 0.0
org.apache.commons.math.linear.BlockRealMatrix:transpose:1310, 0.0
org.apache.commons.math.analysis.interpolation.TricubicSplineFunction:<init>:436, 0.0
org.apache.commons.math.analysis.interpolation.TricubicSplineInterpolatingFunction:<init>:177, 0.0
org.apache.commons.math.analysis.interpolation.TricubicSplineInterpolatingFunction:<init>:201, 0.0
org.apache.commons.math.analysis.interpolation.TricubicSplineInterpolatingFunction:<init>:230, 0.0
org.apache.commons.math.analysis.interpolation.TricubicSplineInterpolatingFunction:<init>:213, 0.0
org.apache.commons.math.analysis.interpolation.TricubicSplineInterpolatingFunction:<init>:242, 0.0
org.apache.commons.math.analysis.interpolation.TricubicSplineInterpolatingFunction:<init>:200, 0.0
org.apache.commons.math.analysis.interpolation.TricubicSplineInterpolatingFunction:computeSplineCoefficients:408, 0.0
org.apache.commons.math.analysis.interpolation.TricubicSplineInterpolatingFunction:computeSplineCoefficients:409, 0.0
org.apache.commons.math.analysis.interpolation.TricubicSplineInterpolatingFunction:computeSplineCoefficients:407, 0.0
org.apache.commons.math.analysis.interpolation.TricubicSplineInterpolatingFunction:<init>:254, 0.0
org.apache.commons.math.analysis.interpolation.TricubicSplineInterpolatingFunction:<init>:298, 0.0
org.apache.commons.math.analysis.interpolation.TricubicSplineInterpolatingFunction:<init>:256, 0.0
org.apache.commons.math.analysis.interpolation.TricubicSplineInterpolatingFunction:<init>:253, 0.0
org.apache.commons.math.analysis.interpolation.TricubicSplineInterpolatingFunction:<init>:165, 0.0
org.apache.commons.math.analysis.interpolation.TricubicSplineInterpolatingFunction:<init>:164, 0.0
org.apache.commons.math.analysis.interpolation.TricubicSplineFunction:<init>:435, 0.0
org.apache.commons.math.analysis.interpolation.TricubicSplineInterpolatingFunction:<init>:176, 0.0
org.apache.commons.math.analysis.interpolation.TricubicSplineInterpolatingFunction:<init>:228, 0.0
org.apache.commons.math.analysis.interpolation.TricubicSplineInterpolatingFunction:<init>:203, 0.0
org.apache.commons.math.analysis.interpolation.TricubicSplineInterpolatingFunction:<init>:240, 0.0
org.apache.commons.math.analysis.interpolation.TricubicSplineInterpolatingFunction:<init>:215, 0.0
org.apache.commons.math.analysis.interpolation.TricubicSplineInterpolatingFunction:<init>:226, 0.0
org.apache.commons.math.analysis.interpolation.TricubicSplineInterpolatingFunction:computeSplineCoefficients:406, 0.0
org.apache.commons.math.analysis.interpolation.TricubicSplineInterpolatingFunction:<init>:162, 0.0
org.apache.commons.math.analysis.interpolation.TricubicSplineFunction:<init>:442, 0.0
org.apache.commons.math.analysis.interpolation.TricubicSplineInterpolatingFunction:<init>:233, 0.0
org.apache.commons.math.analysis.interpolation.TricubicSplineFunction:<init>:434, 0.0
org.apache.commons.math.analysis.interpolation.TricubicSplineFunction:<init>:429, 0.0
org.apache.commons.math.analysis.interpolation.TricubicSplineInterpolatingFunction:<init>:174, 0.0
org.apache.commons.math.analysis.interpolation.TricubicSplineInterpolatingFunction:<init>:186, 0.0
org.apache.commons.math.analysis.interpolation.TricubicSplineInterpolatingFunction:<init>:187, 0.0
org.apache.commons.math.analysis.interpolation.TricubicSplineInterpolatingFunction:<init>:190, 0.0
org.apache.commons.math.analysis.interpolation.TricubicSplineInterpolatingFunction:<init>:191, 0.0
org.apache.commons.math.analysis.interpolation.TricubicSplineInterpolatingFunction:<init>:188, 0.0
org.apache.commons.math.analysis.interpolation.TricubicSplineInterpolatingFunction:<init>:197, 0.0
org.apache.commons.math.analysis.interpolation.TricubicSplineInterpolatingFunction:<init>:196, 0.0
org.apache.commons.math.analysis.interpolation.TricubicSplineInterpolatingFunction:<init>:199, 0.0
org.apache.commons.math.analysis.interpolation.TricubicSplineInterpolatingFunction:<init>:192, 0.0
org.apache.commons.math.analysis.interpolation.TricubicSplineInterpolatingFunction:<init>:195, 0.0
org.apache.commons.math.analysis.interpolation.TricubicSplineInterpolatingFunction:<init>:194, 0.0
org.apache.commons.math.analysis.interpolation.TricubicSplineInterpolatingFunction:<init>:245, 0.0
org.apache.commons.math.analysis.interpolation.TricubicSplineInterpolatingFunction:<init>:152, 0.0
org.apache.commons.math.analysis.interpolation.TricubicSplineInterpolatingFunction:<init>:153, 0.0
org.apache.commons.math.analysis.interpolation.TricubicSplineInterpolatingFunction:<init>:154, 0.0
org.apache.commons.math.analysis.interpolation.TricubicSplineInterpolatingFunction:<init>:155, 0.0
org.apache.commons.math.analysis.interpolation.TricubicSplineInterpolatingFunction:<init>:157, 0.0
org.apache.commons.math.analysis.interpolation.TricubicSplineInterpolatingFunction:<init>:210, 0.0
org.apache.commons.math.analysis.interpolation.TricubicSplineInterpolatingFunction:computeSplineCoefficients:410, 0.0
org.apache.commons.math.analysis.interpolation.TricubicSplineInterpolatingFunction:<init>:161, 0.0
org.apache.commons.math.analysis.interpolation.TricubicSplineInterpolatingFunction:<init>:231, 0.0
org.apache.commons.math.analysis.interpolation.TricubicSplineInterpolatingFunction:<init>:173, 0.0
org.apache.commons.math.analysis.interpolation.TricubicSplineInterpolatingFunction:<init>:243, 0.0
org.apache.commons.math.analysis.interpolation.TricubicSplineInterpolatingFunction:<init>:212, 0.0
org.apache.commons.math.analysis.interpolation.TricubicSplineInterpolatingFunction:<init>:302, 0.0
org.apache.commons.math.analysis.interpolation.TricubicSplineInterpolatingFunction:<init>:207, 0.0
org.apache.commons.math.analysis.interpolation.TricubicSplineInterpolatingFunction:<init>:183, 0.0
org.apache.commons.math.analysis.interpolation.TricubicSplineInterpolatingFunction:<init>:246, 0.0
org.apache.commons.math.analysis.interpolation.TricubicSplineInterpolatingFunction:computeSplineCoefficients:415, 0.0
org.apache.commons.math.analysis.interpolation.TricubicSplineInterpolatingFunction:<init>:171, 0.0
org.apache.commons.math.analysis.interpolation.TricubicSplineInterpolatingFunction:<init>:236, 0.0
org.apache.commons.math.analysis.interpolation.TricubicSplineFunction:<init>:437, 0.0
org.apache.commons.math.analysis.interpolation.TricubicSplineFunction:<init>:438, 0.0
org.apache.commons.math.analysis.interpolation.TricubicSplineInterpolatingFunction:<init>:225, 0.0
org.apache.commons.math.analysis.interpolation.TricubicSplineInterpolatingFunction:<init>:219, 0.0
org.apache.commons.math.analysis.interpolation.TricubicSplineInterpolatingFunction:computeSplineCoefficients:412, 0.0
org.apache.commons.math.analysis.interpolation.TricubicSplineInterpolatingFunction:<init>:209, 0.0
org.apache.commons.math.analysis.interpolation.TricubicSplineInterpolatingFunction:<init>:248, 0.0
org.apache.commons.math.analysis.interpolation.TricubicSplineInterpolatingFunction:<init>:182, 0.0
org.apache.commons.math.analysis.interpolation.TricubicSplineInterpolatingFunction:<init>:234, 0.0
org.apache.commons.math.analysis.interpolation.TricubicSplineInterpolatingFunction:<init>:249, 0.0
org.apache.commons.math.analysis.interpolation.TricubicSplineInterpolatingFunction:<init>:170, 0.0
org.apache.commons.math.analysis.interpolation.TricubicSplineInterpolatingFunction:<init>:221, 0.0
org.apache.commons.math.analysis.interpolation.TricubicSplineInterpolatingFunction:<init>:222, 0.0
org.apache.commons.math.analysis.interpolation.TricubicSplineInterpolatingFunction:<init>:227, 0.0
org.apache.commons.math.analysis.interpolation.TricubicSplineInterpolatingFunction:<init>:204, 0.0
org.apache.commons.math.analysis.interpolation.TricubicSplineInterpolatingFunction:<init>:180, 0.0
org.apache.commons.math.analysis.interpolation.TricubicSplineInterpolatingFunction:<init>:168, 0.0
org.apache.commons.math.analysis.interpolation.TricubicSplineInterpolatingFunction:computeSplineCoefficients:403, 0.0
org.apache.commons.math.analysis.interpolation.TricubicSplineInterpolatingFunction:computeSplineCoefficients:404, 0.0
org.apache.commons.math.analysis.interpolation.TricubicSplineInterpolatingFunction:<init>:252, 0.0
org.apache.commons.math.analysis.interpolation.TricubicSplineInterpolatingFunction:<init>:239, 0.0
org.apache.commons.math.analysis.interpolation.TricubicSplineInterpolatingFunction:<init>:216, 0.0
org.apache.commons.math.analysis.interpolation.TricubicSplineInterpolatingFunction:<init>:206, 0.0
org.apache.commons.math.analysis.interpolation.TricubicSplineInterpolatingFunction:<init>:179, 0.0
org.apache.commons.math.analysis.interpolation.TricubicSplineInterpolatingFunction:<init>:167, 0.0
org.apache.commons.math.analysis.interpolation.TricubicSplineInterpolatingFunction:<init>:218, 0.0
org.apache.commons.math.analysis.interpolation.TricubicSplineInterpolatingFunction:<init>:237, 0.0
org.apache.commons.math.analysis.interpolation.TricubicSplineInterpolator:interpolate:123, 0.0
org.apache.commons.math.analysis.interpolation.TricubicSplineInterpolator:interpolate:62, 0.0
org.apache.commons.math.analysis.interpolation.TricubicSplineInterpolator:interpolate:102, 0.0
org.apache.commons.math.analysis.interpolation.TricubicSplineInterpolator:interpolate:103, 0.0
org.apache.commons.math.analysis.interpolation.TricubicSplineInterpolator:interpolate:104, 0.0
org.apache.commons.math.analysis.interpolation.TricubicSplineInterpolator:interpolate:105, 0.0
org.apache.commons.math.analysis.interpolation.BicubicSplineFunction:partialDerivativeXX:438, 0.0
org.apache.commons.math.analysis.interpolation.BicubicSplineFunction$5:value:540, 0.0
org.apache.commons.math.analysis.interpolation.BicubicSplineFunction$5:value:535, 0.0
org.apache.commons.math.analysis.interpolation.BicubicSplineFunction$5:value:534, 0.0
org.apache.commons.math.analysis.interpolation.BicubicSplineFunction$5:value:537, 0.0
org.apache.commons.math.analysis.interpolation.BicubicSplineFunction$5:value:538, 0.0
org.apache.commons.math.analysis.interpolation.TricubicSplineInterpolator:interpolate:151, 0.0
org.apache.commons.math.analysis.interpolation.TricubicSplineInterpolator:interpolate:121, 0.0
org.apache.commons.math.analysis.interpolation.TricubicSplineInterpolator:interpolate:65, 0.0
org.apache.commons.math.analysis.interpolation.BicubicSplineFunction:apply:411, 0.0
org.apache.commons.math.analysis.interpolation.TricubicSplineInterpolator:interpolate:148, 0.0
org.apache.commons.math.analysis.interpolation.BicubicSplineFunction$2:<init>:498, 0.0
org.apache.commons.math.analysis.interpolation.TricubicSplineInterpolator:interpolate:98, 0.0
org.apache.commons.math.analysis.interpolation.TricubicSplineInterpolator:interpolate:97, 0.0
org.apache.commons.math.analysis.interpolation.BicubicSplineFunction:apply:405, 0.0
org.apache.commons.math.analysis.interpolation.BicubicSplineFunction$1:value:493, 0.0
org.apache.commons.math.analysis.interpolation.BicubicSplineFunction$1:value:492, 0.0
org.apache.commons.math.analysis.interpolation.BicubicSplineFunction$1:value:495, 0.0
org.apache.commons.math.analysis.interpolation.BicubicSplineFunction$1:value:489, 0.0
org.apache.commons.math.analysis.interpolation.BicubicSplineFunction$1:value:488, 0.0
org.apache.commons.math.analysis.interpolation.BicubicSplineFunction$1:value:491, 0.0
org.apache.commons.math.analysis.interpolation.TricubicSplineInterpolator:interpolate:125, 0.0
org.apache.commons.math.analysis.interpolation.BicubicSplineFunction$2:value:500, 0.0
org.apache.commons.math.analysis.interpolation.BicubicSplineFunction$2:value:501, 0.0
org.apache.commons.math.analysis.interpolation.BicubicSplineFunction$2:value:502, 0.0
org.apache.commons.math.analysis.interpolation.BicubicSplineFunction$2:value:504, 0.0
org.apache.commons.math.analysis.interpolation.BicubicSplineFunction$2:value:505, 0.0
org.apache.commons.math.analysis.interpolation.BicubicSplineFunction$2:value:507, 0.0
org.apache.commons.math.analysis.interpolation.TricubicSplineInterpolator:interpolate:169, 0.0
org.apache.commons.math.analysis.interpolation.TricubicSplineInterpolator:previousIndex:196, 0.0
org.apache.commons.math.analysis.interpolation.BicubicSplineInterpolatingFunction:partialDerivativeY:191, 0.0
org.apache.commons.math.analysis.interpolation.BicubicSplineFunction:partialDerivativeX:418, 0.0
org.apache.commons.math.analysis.interpolation.BicubicSplineFunction$5:<init>:532, 0.0
org.apache.commons.math.analysis.interpolation.BicubicSplineFunction:apply:406, 0.0
org.apache.commons.math.analysis.interpolation.BicubicSplineFunction:apply:407, 0.0
org.apache.commons.math.analysis.interpolation.TricubicSplineInterpolator:interpolate:66, 0.0
org.apache.commons.math.analysis.interpolation.TricubicSplineInterpolator:interpolate:127, 0.0
org.apache.commons.math.analysis.interpolation.TricubicSplineInterpolator:interpolate:128, 0.0
org.apache.commons.math.analysis.interpolation.TricubicSplineInterpolator:interpolate:126, 0.0
org.apache.commons.math.analysis.interpolation.TricubicSplineInterpolator:interpolate:95, 0.0
org.apache.commons.math.analysis.interpolation.BicubicSplineInterpolatingFunction:partialDerivativeX:182, 0.0
org.apache.commons.math.analysis.interpolation.BicubicSplineFunction:computePartialDerivatives:475, 0.0
org.apache.commons.math.analysis.interpolation.TricubicSplineInterpolator:interpolate:44, 0.0
org.apache.commons.math.analysis.interpolation.BicubicSplineFunction:partialDerivativeY:432, 0.0
org.apache.commons.math.analysis.interpolation.TricubicSplineInterpolator:interpolate:91, 0.0
org.apache.commons.math.analysis.interpolation.TricubicSplineInterpolator:interpolate:90, 0.0
org.apache.commons.math.analysis.interpolation.BicubicSplineFunction:partialDerivativeX:422, 0.0
org.apache.commons.math.analysis.interpolation.TricubicSplineInterpolator:interpolate:124, 0.0
org.apache.commons.math.analysis.interpolation.BicubicSplineFunction:computePartialDerivatives:532, 0.0
org.apache.commons.math.analysis.interpolation.BicubicSplineFunction:computePartialDerivatives:543, 0.0
org.apache.commons.math.analysis.interpolation.BicubicSplineFunction:computePartialDerivatives:510, 0.0
org.apache.commons.math.analysis.interpolation.BicubicSplineFunction:computePartialDerivatives:486, 0.0
org.apache.commons.math.analysis.interpolation.BicubicSplineFunction:computePartialDerivatives:521, 0.0
org.apache.commons.math.analysis.interpolation.BicubicSplineFunction:computePartialDerivatives:498, 0.0
org.apache.commons.math.analysis.interpolation.BicubicSplineFunction$3:<init>:510, 0.0
org.apache.commons.math.analysis.interpolation.TricubicSplineInterpolator:interpolate:51, 0.0
org.apache.commons.math.analysis.interpolation.TricubicSplineInterpolator:interpolate:49, 0.0
org.apache.commons.math.analysis.interpolation.TricubicSplineInterpolator:interpolate:48, 0.0
org.apache.commons.math.analysis.interpolation.TricubicSplineInterpolator:interpolate:53, 0.0
org.apache.commons.math.analysis.interpolation.TricubicSplineInterpolator:interpolate:52, 0.0
org.apache.commons.math.analysis.interpolation.TricubicSplineInterpolator:interpolate:59, 0.0
org.apache.commons.math.analysis.interpolation.TricubicSplineInterpolator:interpolate:58, 0.0
org.apache.commons.math.analysis.interpolation.TricubicSplineInterpolator:interpolate:47, 0.0
org.apache.commons.math.analysis.interpolation.TricubicSplineInterpolator:interpolate:60, 0.0
org.apache.commons.math.analysis.interpolation.BicubicSplineFunction:partialDerivativeX:419, 0.0
org.apache.commons.math.analysis.interpolation.BicubicSplineFunction:partialDerivativeY:428, 0.0
org.apache.commons.math.analysis.interpolation.BicubicSplineFunction$1:<init>:486, 0.0
org.apache.commons.math.analysis.interpolation.BicubicSplineFunction:partialDerivativeYY:452, 0.0
org.apache.commons.math.analysis.interpolation.TricubicSplineInterpolator:interpolate:88, 0.0
org.apache.commons.math.analysis.interpolation.TricubicSplineInterpolator:interpolate:122, 0.0
org.apache.commons.math.analysis.interpolation.BicubicSplineFunction:apply:404, 0.0
org.apache.commons.math.analysis.interpolation.TricubicSplineInterpolator:interpolate:61, 0.0
org.apache.commons.math.analysis.interpolation.BicubicSplineInterpolatingFunction:partialDerivative:227, 0.0
org.apache.commons.math.analysis.interpolation.TricubicSplineInterpolator:<init>:30, 0.0
org.apache.commons.math.analysis.interpolation.TricubicSplineInterpolator:interpolate:84, 0.0
org.apache.commons.math.analysis.interpolation.TricubicSplineInterpolator:interpolate:83, 0.0
org.apache.commons.math.analysis.interpolation.TricubicSplineInterpolator:interpolate:40, 0.0
org.apache.commons.math.analysis.interpolation.BicubicSplineFunction:partialDerivativeYY:448, 0.0
org.apache.commons.math.analysis.interpolation.TricubicSplineInterpolator:interpolate:139, 0.0
org.apache.commons.math.analysis.interpolation.TricubicSplineInterpolator:interpolate:141, 0.0
org.apache.commons.math.analysis.interpolation.TricubicSplineInterpolator:interpolate:140, 0.0
org.apache.commons.math.analysis.interpolation.TricubicSplineInterpolator:interpolate:135, 0.0
org.apache.commons.math.analysis.interpolation.BicubicSplineInterpolatingFunction:computePartialDerivatives:266, 0.0
org.apache.commons.math.analysis.interpolation.BicubicSplineInterpolatingFunction:computePartialDerivatives:267, 0.0
org.apache.commons.math.analysis.interpolation.BicubicSplineInterpolatingFunction:computePartialDerivatives:265, 0.0
org.apache.commons.math.analysis.interpolation.BicubicSplineInterpolatingFunction:computePartialDerivatives:270, 0.0
org.apache.commons.math.analysis.interpolation.BicubicSplineInterpolatingFunction:computePartialDerivatives:271, 0.0
org.apache.commons.math.analysis.interpolation.BicubicSplineInterpolatingFunction:computePartialDerivatives:268, 0.0
org.apache.commons.math.analysis.interpolation.BicubicSplineInterpolatingFunction:computePartialDerivatives:269, 0.0
org.apache.commons.math.analysis.interpolation.BicubicSplineInterpolatingFunction:searchIndex:289, 0.0
org.apache.commons.math.analysis.interpolation.BicubicSplineInterpolatingFunction:partialDerivative:228, 0.0
org.apache.commons.math.analysis.interpolation.BicubicSplineFunction$4:<init>:521, 0.0
org.apache.commons.math.analysis.interpolation.TricubicSplineInterpolator:interpolate:119, 0.0
org.apache.commons.math.analysis.interpolation.TricubicSplineInterpolator:interpolate:120, 0.0
org.apache.commons.math.analysis.interpolation.TricubicSplineInterpolator:interpolate:107, 0.0
org.apache.commons.math.analysis.interpolation.TricubicSplineInterpolator:interpolate:137, 0.0
org.apache.commons.math.analysis.interpolation.TricubicSplineInterpolator:interpolate:147, 0.0
org.apache.commons.math.analysis.interpolation.BicubicSplineInterpolatingFunction:computePartialDerivatives:264, 0.0
org.apache.commons.math.analysis.interpolation.BicubicSplineInterpolatingFunction:partialDerivative:231, 0.0
org.apache.commons.math.analysis.interpolation.BicubicSplineInterpolatingFunction:partialDerivative:232, 0.0
org.apache.commons.math.analysis.interpolation.BicubicSplineInterpolatingFunction:searchIndex:288, 0.0
org.apache.commons.math.analysis.interpolation.BicubicSplineFunction:computePartialDerivatives:476, 0.0
org.apache.commons.math.analysis.interpolation.TricubicSplineInterpolator:interpolate:110, 0.0
org.apache.commons.math.analysis.interpolation.TricubicSplineInterpolator:interpolate:111, 0.0
org.apache.commons.math.analysis.interpolation.TricubicSplineInterpolator:interpolate:109, 0.0
org.apache.commons.math.analysis.interpolation.TricubicSplineInterpolator:interpolate:113, 0.0
org.apache.commons.math.analysis.interpolation.TricubicSplineInterpolator:interpolate:112, 0.0
org.apache.commons.math.analysis.interpolation.TricubicSplineInterpolator:interpolate:43, 0.0
org.apache.commons.math.analysis.interpolation.BicubicSplineInterpolatingFunction:computePartialDerivatives:274, 0.0
org.apache.commons.math.analysis.interpolation.TricubicSplineInterpolator:nextIndex:184, 0.0
org.apache.commons.math.analysis.interpolation.TricubicSplineInterpolator:nextIndex:185, 0.0
org.apache.commons.math.analysis.interpolation.TricubicSplineInterpolator:interpolate:138, 0.0
org.apache.commons.math.analysis.interpolation.TricubicSplineInterpolator:interpolate:78, 0.0
org.apache.commons.math.analysis.interpolation.TricubicSplineInterpolator:interpolate:81, 0.0
org.apache.commons.math.analysis.interpolation.TricubicSplineInterpolator:interpolate:149, 0.0
org.apache.commons.math.analysis.interpolation.TricubicSplineInterpolator:interpolate:150, 0.0
org.apache.commons.math.analysis.interpolation.BicubicSplineInterpolatingFunction:searchIndex:284, 0.0
org.apache.commons.math.analysis.interpolation.BicubicSplineFunction:access$000:348, 0.0
org.apache.commons.math.analysis.interpolation.BicubicSplineFunction:computePartialDerivatives:478, 0.0
org.apache.commons.math.analysis.interpolation.BicubicSplineFunction:computePartialDerivatives:479, 0.0
org.apache.commons.math.analysis.interpolation.BicubicSplineFunction:computePartialDerivatives:477, 0.0
org.apache.commons.math.analysis.interpolation.BicubicSplineFunction:computePartialDerivatives:481, 0.0
org.apache.commons.math.analysis.interpolation.BicubicSplineFunction:computePartialDerivatives:480, 0.0
org.apache.commons.math.analysis.interpolation.BicubicSplineFunction:computePartialDerivatives:482, 0.0
org.apache.commons.math.analysis.interpolation.BicubicSplineInterpolatingFunction:partialDerivative:237, 0.0
org.apache.commons.math.analysis.interpolation.BicubicSplineInterpolatingFunction:partialDerivative:236, 0.0
org.apache.commons.math.analysis.interpolation.TricubicSplineInterpolator:interpolate:108, 0.0
org.apache.commons.math.analysis.interpolation.TricubicSplineInterpolator:interpolate:67, 0.0
org.apache.commons.math.analysis.interpolation.BicubicSplineInterpolatingFunction:computePartialDerivatives:262, 0.0
org.apache.commons.math.analysis.interpolation.BicubicSplineInterpolatingFunction:computePartialDerivatives:260, 0.0
org.apache.commons.math.analysis.interpolation.BicubicSplineInterpolatingFunction:computePartialDerivatives:261, 0.0
org.apache.commons.math.analysis.interpolation.TricubicSplineInterpolator:interpolate:136, 0.0
org.apache.commons.math.analysis.interpolation.TricubicSplineInterpolator:interpolate:152, 0.0
org.apache.commons.math.analysis.interpolation.TricubicSplineInterpolator:interpolate:153, 0.0
org.apache.commons.math.analysis.interpolation.TricubicSplineInterpolator:interpolate:154, 0.0
org.apache.commons.math.analysis.interpolation.BicubicSplineFunction:partialDerivativeXY:462, 0.0
org.apache.commons.math.analysis.interpolation.TricubicSplineInterpolator:previousIndex:195, 0.0
org.apache.commons.math.analysis.interpolation.TricubicSplineInterpolator:interpolate:70, 0.0
org.apache.commons.math.analysis.interpolation.BicubicSplineInterpolatingFunction:partialDerivative:245, 0.0
org.apache.commons.math.analysis.interpolation.BicubicSplineInterpolatingFunction:partialDerivative:242, 0.0
org.apache.commons.math.analysis.interpolation.BicubicSplineInterpolatingFunction:partialDerivative:251, 0.0
org.apache.commons.math.analysis.interpolation.BicubicSplineInterpolatingFunction:partialDerivative:243, 0.0
org.apache.commons.math.analysis.interpolation.BicubicSplineInterpolatingFunction:partialDerivative:248, 0.0
org.apache.commons.math.analysis.interpolation.BicubicSplineInterpolatingFunction:partialDerivativeXY:217, 0.0
org.apache.commons.math.analysis.interpolation.TricubicSplineInterpolator:interpolate:106, 0.0
org.apache.commons.math.analysis.interpolation.BicubicSplineFunction:partialDerivativeXX:442, 0.0
org.apache.commons.math.analysis.interpolation.TricubicSplineInterpolator:interpolate:134, 0.0
org.apache.commons.math.analysis.interpolation.BicubicSplineInterpolatingFunction:searchIndex:291, 0.0
org.apache.commons.math.analysis.interpolation.TricubicSplineInterpolator:interpolate:155, 0.0
org.apache.commons.math.analysis.interpolation.TricubicSplineInterpolator:interpolate:156, 0.0
org.apache.commons.math.analysis.interpolation.TricubicSplineInterpolator:interpolate:159, 0.0
org.apache.commons.math.analysis.interpolation.BicubicSplineFunction:partialDerivativeXY:458, 0.0
org.apache.commons.math.analysis.interpolation.TricubicSplineInterpolator:interpolate:71, 0.0
org.apache.commons.math.analysis.interpolation.TricubicSplineInterpolator:interpolate:72, 0.0
org.apache.commons.math.analysis.interpolation.TricubicSplineInterpolator:interpolate:73, 0.0
org.apache.commons.math.analysis.interpolation.BicubicSplineInterpolatingFunction:partialDerivative:253, 0.0
org.apache.commons.math.analysis.interpolation.BicubicSplineInterpolatingFunction:searchIndex:290, 0.0
org.apache.commons.math.analysis.interpolation.BicubicSplineFunction:computePartialDerivatives:470, 0.0
org.apache.commons.math.analysis.interpolation.BicubicSplineFunction:computePartialDerivatives:471, 0.0
org.apache.commons.math.analysis.interpolation.BicubicSplineFunction:computePartialDerivatives:469, 0.0
org.apache.commons.math.analysis.interpolation.BicubicSplineFunction:computePartialDerivatives:472, 0.0
org.apache.commons.math.analysis.interpolation.BicubicSplineFunction:computePartialDerivatives:473, 0.0
org.apache.commons.math.estimation.GaussNewtonEstimator:estimate:217, 0.0
org.apache.commons.math.linear.Array2DRowRealMatrix:add:221, 0.0
org.apache.commons.math.linear.Array2DRowRealMatrix:add:222, 0.0
org.apache.commons.math.linear.ArrayRealVector:add:292, 0.0
org.apache.commons.math.linear.ArrayRealVector:add:293, 0.0
org.apache.commons.math.estimation.GaussNewtonEstimator:estimate:178, 0.0
org.apache.commons.math.estimation.GaussNewtonEstimator:estimate:215, 0.0
org.apache.commons.math.estimation.GaussNewtonEstimator:estimate:216, 0.0
org.apache.commons.math.linear.Array2DRowRealMatrix:add:217, 0.0
org.apache.commons.math.linear.ArrayRealVector:add:295, 0.0
org.apache.commons.math.estimation.GaussNewtonEstimator:estimate:176, 0.0
org.apache.commons.math.estimation.GaussNewtonEstimator:estimate:177, 0.0
org.apache.commons.math.estimation.GaussNewtonEstimator:estimate:175, 0.0
org.apache.commons.math.estimation.AbstractEstimator:getCostEvaluations:109, 0.0
org.apache.commons.math.linear.ArrayRealVector:<init>:108, 0.0
org.apache.commons.math.linear.Array2DRowRealMatrix:copyOut:619, 0.0
org.apache.commons.math.linear.Array2DRowRealMatrix:copyOut:616, 0.0
org.apache.commons.math.linear.Array2DRowRealMatrix:copyOut:617, 0.0
org.apache.commons.math.estimation.GaussNewtonEstimator:estimate:220, 0.0
org.apache.commons.math.estimation.GaussNewtonEstimator:estimate:221, 0.0
org.apache.commons.math.estimation.GaussNewtonEstimator:estimate:223, 0.0
org.apache.commons.math.linear.Array2DRowRealMatrix:add:226, 0.0
org.apache.commons.math.estimation.GaussNewtonEstimator:estimate:185, 0.0
org.apache.commons.math.estimation.GaussNewtonEstimator:estimate:182, 0.0
org.apache.commons.math.estimation.GaussNewtonEstimator:estimate:181, 0.0
org.apache.commons.math.estimation.AbstractEstimator:incrementJacobianEvaluationsCounter:141, 0.0
org.apache.commons.math.estimation.AbstractEstimator:incrementJacobianEvaluationsCounter:142, 0.0
org.apache.commons.math.linear.MatrixUtils:createRealMatrix:61, 0.0
org.apache.commons.math.linear.ArrayRealVector:<init>:109, 0.0
org.apache.commons.math.estimation.GaussNewtonEstimator:estimate:179, 0.0
org.apache.commons.math.estimation.AbstractEstimator:updateResidualsAndCost:167, 0.0
org.apache.commons.math.estimation.AbstractEstimator:updateResidualsAndCost:165, 0.0
org.apache.commons.math.linear.Array2DRowRealMatrix:copyOut:620, 0.0
org.apache.commons.math.linear.LUDecompositionImpl:<init>:137, 0.0
org.apache.commons.math.linear.LUDecompositionImpl:<init>:138, 0.0
org.apache.commons.math.linear.MatrixUtils:checkAdditionCompatible:616, 0.0
org.apache.commons.math.estimation.GaussNewtonEstimator:estimate:199, 0.0
org.apache.commons.math.estimation.GaussNewtonEstimator:estimate:200, 0.0
org.apache.commons.math.linear.Array2DRowRealMatrix:copyOut:622, 0.0
org.apache.commons.math.estimation.GaussNewtonEstimator:estimate:208, 0.0
org.apache.commons.math.estimation.GaussNewtonEstimator:estimate:211, 0.0
org.apache.commons.math.estimation.WeightedMeasurement:getResidual:125, 0.0
org.apache.commons.math.linear.Array2DRowRealMatrix:getData:317, 0.0
org.apache.commons.math.linear.Array2DRowRealMatrix:setEntry:391, 0.0
org.apache.commons.math.linear.ArrayRealVector:add:306, 0.0
org.apache.commons.math.estimation.EstimationException:<init>:46, 0.0
org.apache.commons.math.estimation.EstimationException:<init>:45, 0.0
org.apache.commons.math.linear.ArrayRealVector:add:273, 0.0
org.apache.commons.math.linear.InvalidMatrixException:<init>:40, 0.0
org.apache.commons.math.linear.InvalidMatrixException:<init>:41, 0.0
org.apache.commons.math.estimation.GaussNewtonEstimator:estimate:171, 0.0
org.apache.commons.math.estimation.GaussNewtonEstimator:estimate:162, 0.0
org.apache.commons.math.estimation.GaussNewtonEstimator:estimate:168, 0.0
org.apache.commons.math.estimation.GaussNewtonEstimator:estimate:167, 0.0
org.apache.commons.math.estimation.GaussNewtonEstimator:estimate:166, 0.0
org.apache.commons.math.estimation.GaussNewtonEstimator:estimate:165, 0.0
org.apache.commons.math.linear.ArrayRealVector:add:290, 0.0
org.apache.commons.math.linear.ArrayRealVector:add:291, 0.0
org.apache.commons.math.linear.ArrayRealVector:<init>:64, 0.0
org.apache.commons.math.linear.ArrayRealVector:<init>:65, 0.0
org.apache.commons.math.linear.ArrayRealVector:<init>:66, 0.0
org.apache.commons.math.MathRuntimeException:<init>:61, 0.0
org.apache.commons.math.linear.MatrixUtils:checkAdditionCompatible:623, 0.0
org.apache.commons.math.estimation.GaussNewtonEstimator:estimate:212, 0.0
org.apache.commons.math.linear.ArrayRealVector:add:272, 0.0
org.apache.commons.math.estimation.EstimatedParameter:<init>:64, 0.0
org.apache.commons.math.estimation.EstimatedParameter:<init>:63, 0.0
org.apache.commons.math.estimation.EstimatedParameter:<init>:62, 0.0
org.apache.commons.math.estimation.EstimatedParameter:<init>:61, 0.0
org.apache.commons.math.estimation.EstimatedParameter:<init>:60, 0.0
org.apache.commons.math.linear.Array2DRowRealMatrix:setEntry:386, 0.0
org.apache.commons.math.linear.Array2DRowRealMatrix:setEntry:390, 0.0
org.apache.commons.math.MathRuntimeException:<init>:62, 0.0
org.apache.commons.math.estimation.WeightedMeasurement:isIgnored:169, 0.0
org.apache.commons.math.estimation.GaussNewtonEstimator:estimate:193, 0.0
org.apache.commons.math.estimation.AbstractEstimator:updateResidualsAndCost:152, 0.0
org.apache.commons.math.MathRuntimeException:<init>:59, 0.0
org.apache.commons.math.MathRuntimeException:<init>:60, 0.0
org.apache.commons.math.estimation.AbstractEstimator:initializeEstimate:290, 0.0
org.apache.commons.math.estimation.AbstractEstimator:initializeEstimate:291, 0.0
org.apache.commons.math.estimation.AbstractEstimator:initializeEstimate:292, 0.0
org.apache.commons.math.estimation.AbstractEstimator:initializeEstimate:293, 0.0
org.apache.commons.math.estimation.AbstractEstimator:initializeEstimate:295, 0.0
org.apache.commons.math.estimation.AbstractEstimator:initializeEstimate:283, 0.0
org.apache.commons.math.estimation.AbstractEstimator:initializeEstimate:297, 0.0
org.apache.commons.math.estimation.AbstractEstimator:initializeEstimate:282, 0.0
org.apache.commons.math.estimation.AbstractEstimator:initializeEstimate:287, 0.0
org.apache.commons.math.estimation.AbstractEstimator:initializeEstimate:286, 0.0
org.apache.commons.math.linear.SingularMatrixException:<init>:35, 0.0
org.apache.commons.math.linear.SingularMatrixException:<init>:36, 0.0
org.apache.commons.math.estimation.GaussNewtonEstimator:estimate:192, 0.0
org.apache.commons.math.estimation.GaussNewtonEstimator:<init>:108, 0.0
org.apache.commons.math.estimation.GaussNewtonEstimator:<init>:109, 0.0
org.apache.commons.math.estimation.GaussNewtonEstimator:<init>:106, 0.0
org.apache.commons.math.estimation.GaussNewtonEstimator:<init>:107, 0.0
org.apache.commons.math.estimation.GaussNewtonEstimator:<init>:105, 0.0
org.apache.commons.math.estimation.WeightedMeasurement:<init>:79, 0.0
org.apache.commons.math.estimation.WeightedMeasurement:<init>:81, 0.0
org.apache.commons.math.estimation.WeightedMeasurement:<init>:80, 0.0
org.apache.commons.math.estimation.WeightedMeasurement:<init>:83, 0.0
org.apache.commons.math.estimation.WeightedMeasurement:<init>:82, 0.0
org.apache.commons.math.estimation.EstimatedParameter:setEstimate:95, 0.0
org.apache.commons.math.estimation.EstimatedParameter:setEstimate:96, 0.0
org.apache.commons.math.estimation.GaussNewtonEstimator:estimate:191, 0.0
org.apache.commons.math.estimation.AbstractEstimator:setMaxCostEval:100, 0.0
org.apache.commons.math.estimation.AbstractEstimator:setMaxCostEval:101, 0.0
org.apache.commons.math.linear.ArrayRealVector:getDataRef:690, 0.0
org.apache.commons.math.estimation.GaussNewtonEstimator:estimate:194, 0.0
org.apache.commons.math.estimation.AbstractEstimator:<init>:89, 0.0
org.apache.commons.math.estimation.AbstractEstimator:<init>:91, 0.0
org.apache.commons.math.estimation.AbstractEstimator:<init>:90, 0.0
org.apache.commons.math.linear.ArrayRealVector:<init>:102, 0.0
org.apache.commons.math.linear.ArrayRealVector:<init>:101, 0.0
org.apache.commons.math.estimation.WeightedMeasurement:getWeight:106, 0.0
org.apache.commons.math.estimation.AbstractEstimator:updateResidualsAndCost:163, 0.0
org.apache.commons.math.estimation.AbstractEstimator:updateResidualsAndCost:162, 0.0
org.apache.commons.math.estimation.AbstractEstimator:updateResidualsAndCost:161, 0.0
org.apache.commons.math.estimation.AbstractEstimator:updateResidualsAndCost:160, 0.0
org.apache.commons.math.estimation.AbstractEstimator:updateResidualsAndCost:159, 0.0
org.apache.commons.math.linear.LUDecompositionImpl$Solver:solve:357, 0.0
org.apache.commons.math.estimation.GaussNewtonEstimator:estimate:186, 0.0
org.apache.commons.math.estimation.GaussNewtonEstimator:estimate:187, 0.0
org.apache.commons.math.linear.ArrayRealVector:checkVectorDimensions:1136, 0.0
org.apache.commons.math.linear.Array2DRowRealMatrix:add:212, 0.0
org.apache.commons.math.linear.Array2DRowRealMatrix:add:214, 0.0
org.apache.commons.math.linear.Array2DRowRealMatrix:add:215, 0.0
org.apache.commons.math.linear.Array2DRowRealMatrix:add:216, 0.0
org.apache.commons.math.linear.Array2DRowRealMatrix:add:195, 0.0
org.apache.commons.math.linear.LUDecompositionImpl$Solver:solve:272, 0.0
org.apache.commons.math.linear.ArrayRealVector:<init>:105, 0.0
org.apache.commons.math.linear.LUDecompositionImpl$Solver:solve:307, 0.0
org.apache.commons.math.estimation.AbstractEstimator:updateResidualsAndCost:157, 0.0
org.apache.commons.math.estimation.AbstractEstimator:updateResidualsAndCost:158, 0.0
org.apache.commons.math.estimation.EstimatedParameter:<init>:85, 0.0
org.apache.commons.math.estimation.EstimatedParameter:<init>:87, 0.0
org.apache.commons.math.estimation.EstimatedParameter:<init>:86, 0.0
org.apache.commons.math.estimation.EstimatedParameter:<init>:89, 0.0
org.apache.commons.math.estimation.EstimatedParameter:<init>:88, 0.0
org.apache.commons.math.linear.Array2DRowRealMatrix:add:220, 0.0
org.apache.commons.math.linear.Array2DRowRealMatrix:add:218, 0.0
org.apache.commons.math.linear.Array2DRowRealMatrix:add:219, 0.0
org.apache.commons.math.linear.ArrayRealVector:checkVectorDimensions:1141, 0.0
org.apache.commons.math.estimation.EstimatedParameter:getEstimate:102, 0.0
org.apache.commons.math.linear.Array2DRowRealMatrix:<init>:98, 0.0
org.apache.commons.math.linear.Array2DRowRealMatrix:<init>:96, 0.0
org.apache.commons.math.linear.Array2DRowRealMatrix:<init>:97, 0.0
org.apache.commons.math.estimation.AbstractEstimator:updateResidualsAndCost:153, 0.0
org.apache.commons.math.linear.LUDecompositionImpl:<init>:152, 0.0
org.apache.commons.math.linear.LUDecompositionImpl:<init>:153, 0.0
org.apache.commons.math.linear.LUDecompositionImpl:<init>:154, 0.0
org.apache.commons.math.linear.LUDecompositionImpl:<init>:151, 0.0
org.apache.commons.math.estimation.SimpleEstimationProblem:getUnboundParameters:76, 0.0
org.apache.commons.math.estimation.SimpleEstimationProblem:getUnboundParameters:77, 0.0
org.apache.commons.math.estimation.SimpleEstimationProblem:getMeasurements:93, 0.0
org.apache.commons.math.estimation.SimpleEstimationProblem:getUnboundParameters:78, 0.0
org.apache.commons.math.estimation.SimpleEstimationProblem:addMeasurement:108, 0.0
org.apache.commons.math.estimation.SimpleEstimationProblem:addMeasurement:109, 0.0
org.apache.commons.math.estimation.WeightedMeasurement:setIgnored:161, 0.0
org.apache.commons.math.estimation.WeightedMeasurement:setIgnored:160, 0.0
org.apache.commons.math.estimation.SimpleEstimationProblem:<init>:59, 0.0
org.apache.commons.math.estimation.SimpleEstimationProblem:<init>:58, 0.0
org.apache.commons.math.estimation.SimpleEstimationProblem:<init>:57, 0.0
org.apache.commons.math.estimation.SimpleEstimationProblem:<init>:56, 0.0
org.apache.commons.math.estimation.SimpleEstimationProblem:getUnboundParameters:79, 0.0
org.apache.commons.math.linear.LUDecompositionImpl:<init>:144, 0.0
org.apache.commons.math.linear.LUDecompositionImpl:<init>:145, 0.0
org.apache.commons.math.linear.LUDecompositionImpl:<init>:146, 0.0
org.apache.commons.math.linear.LUDecompositionImpl:<init>:143, 0.0
org.apache.commons.math.estimation.WeightedMeasurement:<init>:95, 0.0
org.apache.commons.math.estimation.WeightedMeasurement:<init>:94, 0.0
org.apache.commons.math.estimation.WeightedMeasurement:<init>:98, 0.0
org.apache.commons.math.estimation.WeightedMeasurement:<init>:96, 0.0
org.apache.commons.math.estimation.WeightedMeasurement:<init>:97, 0.0
org.apache.commons.math.estimation.SimpleEstimationProblem:getUnboundParameters:84, 0.0
org.apache.commons.math.estimation.EstimatedParameter:isBound:123, 0.0
org.apache.commons.math.linear.LUDecompositionImpl:<init>:147, 0.0
org.apache.commons.math.linear.LUDecompositionImpl:<init>:148, 0.0
org.apache.commons.math.linear.LUDecompositionImpl:<init>:149, 0.0
org.apache.commons.math.linear.LUDecompositionImpl:<init>:112, 0.0
org.apache.commons.math.estimation.SimpleEstimationProblem:addParameter:100, 0.0
org.apache.commons.math.estimation.SimpleEstimationProblem:addParameter:101, 0.0
org.apache.commons.math.estimation.LevenbergMarquardtEstimator:qrDecomposition:843, 0.0
org.apache.commons.math.estimation.LevenbergMarquardtEstimator:qrDecomposition:849, 0.0
org.apache.commons.math.estimation.LevenbergMarquardtEstimator:qrDecomposition:848, 0.0
org.apache.commons.math.estimation.LevenbergMarquardtEstimator:qrDecomposition:844, 0.0
org.apache.commons.math.estimation.LevenbergMarquardtEstimator:qrDecomposition:852, 0.0
org.apache.commons.math.estimation.LevenbergMarquardtEstimator:qrDecomposition:845, 0.0
org.apache.commons.math.estimation.LevenbergMarquardtEstimator:determineLMParameter:566, 0.0
org.apache.commons.math.estimation.LevenbergMarquardtEstimator:determineLMParameter:565, 0.0
org.apache.commons.math.estimation.LevenbergMarquardtEstimator:determineLMParameter:564, 0.0
org.apache.commons.math.estimation.LevenbergMarquardtEstimator:estimate:392, 0.0
org.apache.commons.math.estimation.LevenbergMarquardtEstimator:estimate:391, 0.0
org.apache.commons.math.estimation.LevenbergMarquardtEstimator:determineLMDirection:691, 0.0
org.apache.commons.math.estimation.LevenbergMarquardtEstimator:estimate:441, 0.0
org.apache.commons.math.estimation.LevenbergMarquardtEstimator:estimate:338, 0.0
org.apache.commons.math.estimation.LevenbergMarquardtEstimator:estimate:273, 0.0
org.apache.commons.math.estimation.LevenbergMarquardtEstimator:estimate:272, 0.0
org.apache.commons.math.estimation.LevenbergMarquardtEstimator:estimate:254, 0.0
org.apache.commons.math.estimation.LevenbergMarquardtEstimator:estimate:255, 0.0
org.apache.commons.math.estimation.LevenbergMarquardtEstimator:estimate:259, 0.0
org.apache.commons.math.estimation.LevenbergMarquardtEstimator:estimate:256, 0.0
org.apache.commons.math.estimation.LevenbergMarquardtEstimator:estimate:252, 0.0
org.apache.commons.math.estimation.LevenbergMarquardtEstimator:estimate:253, 0.0
org.apache.commons.math.estimation.LevenbergMarquardtEstimator:estimate:262, 0.0
org.apache.commons.math.estimation.LevenbergMarquardtEstimator:estimate:251, 0.0
org.apache.commons.math.estimation.LevenbergMarquardtEstimator:estimate:263, 0.0
org.apache.commons.math.estimation.LevenbergMarquardtEstimator:estimate:248, 0.0
org.apache.commons.math.estimation.LevenbergMarquardtEstimator:estimate:260, 0.0
org.apache.commons.math.estimation.LevenbergMarquardtEstimator:estimate:261, 0.0
org.apache.commons.math.estimation.LevenbergMarquardtEstimator:estimate:266, 0.0
org.apache.commons.math.estimation.LevenbergMarquardtEstimator:estimate:264, 0.0
org.apache.commons.math.estimation.LevenbergMarquardtEstimator:estimate:265, 0.0
org.apache.commons.math.estimation.LevenbergMarquardtEstimator:estimate:269, 0.0
org.apache.commons.math.estimation.LevenbergMarquardtEstimator:determineLMDirection:768, 0.0
org.apache.commons.math.estimation.LevenbergMarquardtEstimator:determineLMParameter:639, 0.0
org.apache.commons.math.estimation.LevenbergMarquardtEstimator:qrDecomposition:810, 0.0
org.apache.commons.math.estimation.LevenbergMarquardtEstimator:qrDecomposition:800, 0.0
org.apache.commons.math.estimation.LevenbergMarquardtEstimator:qrDecomposition:801, 0.0
org.apache.commons.math.estimation.LevenbergMarquardtEstimator:qrDecomposition:802, 0.0
org.apache.commons.math.estimation.LevenbergMarquardtEstimator:estimate:419, 0.0
org.apache.commons.math.estimation.LevenbergMarquardtEstimator:determineLMParameter:585, 0.0
org.apache.commons.math.estimation.LevenbergMarquardtEstimator:determineLMParameter:644, 0.0
org.apache.commons.math.estimation.LevenbergMarquardtEstimator:determineLMParameter:519, 0.0
org.apache.commons.math.estimation.LevenbergMarquardtEstimator:determineLMParameter:520, 0.0
org.apache.commons.math.estimation.LevenbergMarquardtEstimator:determineLMParameter:521, 0.0
org.apache.commons.math.estimation.LevenbergMarquardtEstimator:determineLMParameter:522, 0.0
org.apache.commons.math.estimation.LevenbergMarquardtEstimator:determineLMParameter:523, 0.0
org.apache.commons.math.estimation.LevenbergMarquardtEstimator:estimate:307, 0.0
org.apache.commons.math.estimation.LevenbergMarquardtEstimator:determineLMDirection:693, 0.0
org.apache.commons.math.estimation.LevenbergMarquardtEstimator:determineLMDirection:698, 0.0
org.apache.commons.math.estimation.LevenbergMarquardtEstimator:determineLMDirection:699, 0.0
org.apache.commons.math.estimation.LevenbergMarquardtEstimator:estimate:281, 0.0
org.apache.commons.math.estimation.LevenbergMarquardtEstimator:estimate:278, 0.0
org.apache.commons.math.estimation.LevenbergMarquardtEstimator:estimate:285, 0.0
org.apache.commons.math.estimation.LevenbergMarquardtEstimator:estimate:277, 0.0
org.apache.commons.math.estimation.LevenbergMarquardtEstimator:determineLMParameter:638, 0.0
org.apache.commons.math.estimation.LevenbergMarquardtEstimator:determineLMParameter:640, 0.0
org.apache.commons.math.estimation.LevenbergMarquardtEstimator:determineLMDirection:752, 0.0
org.apache.commons.math.estimation.LevenbergMarquardtEstimator:determineLMParameter:525, 0.0
org.apache.commons.math.estimation.LevenbergMarquardtEstimator:determineLMParameter:526, 0.0
org.apache.commons.math.estimation.LevenbergMarquardtEstimator:determineLMParameter:527, 0.0
org.apache.commons.math.estimation.LevenbergMarquardtEstimator:estimate:334, 0.0
org.apache.commons.math.estimation.LevenbergMarquardtEstimator:estimate:333, 0.0
org.apache.commons.math.estimation.LevenbergMarquardtEstimator:estimate:414, 0.0
org.apache.commons.math.estimation.LevenbergMarquardtEstimator:estimate:415, 0.0
org.apache.commons.math.estimation.LevenbergMarquardtEstimator:determineLMParameter:537, 0.0
org.apache.commons.math.estimation.LevenbergMarquardtEstimator:determineLMParameter:536, 0.0
org.apache.commons.math.estimation.LevenbergMarquardtEstimator:determineLMDirection:684, 0.0
org.apache.commons.math.estimation.LevenbergMarquardtEstimator:estimate:387, 0.0
org.apache.commons.math.estimation.LevenbergMarquardtEstimator:estimate:386, 0.0
org.apache.commons.math.estimation.LevenbergMarquardtEstimator:estimate:388, 0.0
org.apache.commons.math.estimation.LevenbergMarquardtEstimator:setParRelativeTolerance:203, 0.0
org.apache.commons.math.estimation.LevenbergMarquardtEstimator:setParRelativeTolerance:202, 0.0
org.apache.commons.math.estimation.LevenbergMarquardtEstimator:determineLMParameter:573, 0.0
org.apache.commons.math.estimation.LevenbergMarquardtEstimator:determineLMParameter:572, 0.0
org.apache.commons.math.estimation.LevenbergMarquardtEstimator:determineLMParameter:571, 0.0
org.apache.commons.math.estimation.LevenbergMarquardtEstimator:determineLMDirection:769, 0.0
org.apache.commons.math.estimation.LevenbergMarquardtEstimator:determineLMParameter:601, 0.0
org.apache.commons.math.estimation.LevenbergMarquardtEstimator:determineLMParameter:600, 0.0
org.apache.commons.math.estimation.LevenbergMarquardtEstimator:determineLMParameter:603, 0.0
org.apache.commons.math.estimation.LevenbergMarquardtEstimator:determineLMParameter:602, 0.0
org.apache.commons.math.estimation.LevenbergMarquardtEstimator:determineLMParameter:599, 0.0
org.apache.commons.math.estimation.LevenbergMarquardtEstimator:estimate:341, 0.0
org.apache.commons.math.estimation.LevenbergMarquardtEstimator:determineLMParameter:529, 0.0
org.apache.commons.math.estimation.LevenbergMarquardtEstimator:determineLMParameter:528, 0.0
org.apache.commons.math.estimation.LevenbergMarquardtEstimator:estimate:413, 0.0
org.apache.commons.math.estimation.LevenbergMarquardtEstimator:qrDecomposition:799, 0.0
org.apache.commons.math.estimation.LevenbergMarquardtEstimator:qrDecomposition:804, 0.0
org.apache.commons.math.estimation.LevenbergMarquardtEstimator:qrDecomposition:803, 0.0
org.apache.commons.math.estimation.LevenbergMarquardtEstimator:determineLMParameter:634, 0.0
org.apache.commons.math.estimation.LevenbergMarquardtEstimator:determineLMParameter:637, 0.0
org.apache.commons.math.estimation.LevenbergMarquardtEstimator:determineLMParameter:632, 0.0
org.apache.commons.math.estimation.LevenbergMarquardtEstimator:determineLMParameter:631, 0.0
org.apache.commons.math.estimation.LevenbergMarquardtEstimator:determineLMParameter:630, 0.0
org.apache.commons.math.estimation.LevenbergMarquardtEstimator:estimate:313, 0.0
org.apache.commons.math.estimation.LevenbergMarquardtEstimator:estimate:312, 0.0
org.apache.commons.math.estimation.LevenbergMarquardtEstimator:determineLMParameter:538, 0.0
org.apache.commons.math.estimation.LevenbergMarquardtEstimator:determineLMParameter:611, 0.0
org.apache.commons.math.estimation.LevenbergMarquardtEstimator:determineLMDirection:690, 0.0
org.apache.commons.math.estimation.LevenbergMarquardtEstimator:determineLMDirection:688, 0.0
org.apache.commons.math.estimation.LevenbergMarquardtEstimator:determineLMDirection:689, 0.0
org.apache.commons.math.estimation.LevenbergMarquardtEstimator:qrDecomposition:842, 0.0
org.apache.commons.math.estimation.LevenbergMarquardtEstimator:qrDecomposition:841, 0.0
org.apache.commons.math.estimation.LevenbergMarquardtEstimator:qrDecomposition:838, 0.0
org.apache.commons.math.estimation.LevenbergMarquardtEstimator:qrDecomposition:836, 0.0
org.apache.commons.math.estimation.LevenbergMarquardtEstimator:qrDecomposition:837, 0.0
org.apache.commons.math.estimation.LevenbergMarquardtEstimator:estimate:381, 0.0
org.apache.commons.math.estimation.LevenbergMarquardtEstimator:determineLMDirection:772, 0.0
org.apache.commons.math.estimation.LevenbergMarquardtEstimator:determineLMParameter:569, 0.0
org.apache.commons.math.estimation.LevenbergMarquardtEstimator:determineLMParameter:560, 0.0
org.apache.commons.math.estimation.LevenbergMarquardtEstimator:determineLMParameter:568, 0.0
org.apache.commons.math.estimation.LevenbergMarquardtEstimator:determineLMParameter:605, 0.0
org.apache.commons.math.estimation.LevenbergMarquardtEstimator:determineLMParameter:607, 0.0
org.apache.commons.math.estimation.LevenbergMarquardtEstimator:determineLMParameter:606, 0.0
org.apache.commons.math.estimation.LevenbergMarquardtEstimator:setOrthoTolerance:213, 0.0
org.apache.commons.math.estimation.LevenbergMarquardtEstimator:setOrthoTolerance:214, 0.0
org.apache.commons.math.estimation.LevenbergMarquardtEstimator:estimate:445, 0.0
org.apache.commons.math.estimation.LevenbergMarquardtEstimator:qrDecomposition:806, 0.0
org.apache.commons.math.estimation.AbstractEstimator:updateJacobian:129, 0.0
org.apache.commons.math.estimation.AbstractEstimator:updateJacobian:131, 0.0
org.apache.commons.math.estimation.AbstractEstimator:updateJacobian:130, 0.0
org.apache.commons.math.estimation.LevenbergMarquardtEstimator:estimate:294, 0.0
org.apache.commons.math.estimation.LevenbergMarquardtEstimator:estimate:295, 0.0
org.apache.commons.math.estimation.LevenbergMarquardtEstimator:estimate:296, 0.0
org.apache.commons.math.estimation.LevenbergMarquardtEstimator:estimate:297, 0.0
org.apache.commons.math.estimation.LevenbergMarquardtEstimator:determineLMParameter:559, 0.0
org.apache.commons.math.estimation.LevenbergMarquardtEstimator:determineLMDirection:679, 0.0
org.apache.commons.math.estimation.LevenbergMarquardtEstimator:determineLMDirection:674, 0.0
org.apache.commons.math.estimation.LevenbergMarquardtEstimator:determineLMDirection:680, 0.0
org.apache.commons.math.estimation.LevenbergMarquardtEstimator:determineLMParameter:499, 0.0
org.apache.commons.math.estimation.LevenbergMarquardtEstimator:qrDecomposition:856, 0.0
org.apache.commons.math.estimation.LevenbergMarquardtEstimator:qrDecomposition:855, 0.0
org.apache.commons.math.estimation.LevenbergMarquardtEstimator:estimate:385, 0.0
org.apache.commons.math.estimation.LevenbergMarquardtEstimator:estimate:383, 0.0
org.apache.commons.math.estimation.LevenbergMarquardtEstimator:estimate:384, 0.0
org.apache.commons.math.estimation.LevenbergMarquardtEstimator:estimate:382, 0.0
org.apache.commons.math.estimation.LevenbergMarquardtEstimator:determineLMParameter:509, 0.0
org.apache.commons.math.estimation.LevenbergMarquardtEstimator:determineLMParameter:510, 0.0
org.apache.commons.math.estimation.LevenbergMarquardtEstimator:determineLMParameter:511, 0.0
org.apache.commons.math.estimation.LevenbergMarquardtEstimator:estimate:450, 0.0
org.apache.commons.math.estimation.LevenbergMarquardtEstimator:estimate:411, 0.0
org.apache.commons.math.estimation.LevenbergMarquardtEstimator:estimate:412, 0.0
org.apache.commons.math.estimation.LevenbergMarquardtEstimator:qrDecomposition:817, 0.0
org.apache.commons.math.estimation.LevenbergMarquardtEstimator:qrDecomposition:816, 0.0
org.apache.commons.math.estimation.LevenbergMarquardtEstimator:qrDecomposition:818, 0.0
org.apache.commons.math.estimation.LevenbergMarquardtEstimator:determineLMParameter:596, 0.0
org.apache.commons.math.estimation.LevenbergMarquardtEstimator:determineLMParameter:598, 0.0
org.apache.commons.math.estimation.LevenbergMarquardtEstimator:determineLMDirection:749, 0.0
org.apache.commons.math.estimation.LevenbergMarquardtEstimator:determineLMParameter:555, 0.0
org.apache.commons.math.estimation.LevenbergMarquardtEstimator:determineLMParameter:629, 0.0
org.apache.commons.math.estimation.LevenbergMarquardtEstimator:estimate:328, 0.0
org.apache.commons.math.estimation.LevenbergMarquardtEstimator:determineLMParameter:505, 0.0
org.apache.commons.math.estimation.LevenbergMarquardtEstimator:determineLMParameter:513, 0.0
org.apache.commons.math.estimation.LevenbergMarquardtEstimator:estimate:409, 0.0
org.apache.commons.math.estimation.LevenbergMarquardtEstimator:determineLMDirection:748, 0.0
org.apache.commons.math.estimation.LevenbergMarquardtEstimator:estimate:300, 0.0
org.apache.commons.math.estimation.LevenbergMarquardtEstimator:estimate:301, 0.0
org.apache.commons.math.estimation.LevenbergMarquardtEstimator:estimate:302, 0.0
org.apache.commons.math.estimation.LevenbergMarquardtEstimator:determineLMParameter:563, 0.0
org.apache.commons.math.estimation.LevenbergMarquardtEstimator:determineLMParameter:562, 0.0
org.apache.commons.math.estimation.LevenbergMarquardtEstimator:determineLMParameter:561, 0.0
org.apache.commons.math.estimation.LevenbergMarquardtEstimator:determineLMParameter:621, 0.0
org.apache.commons.math.estimation.LevenbergMarquardtEstimator:determineLMDirection:676, 0.0
org.apache.commons.math.estimation.LevenbergMarquardtEstimator:qrDecomposition:854, 0.0
org.apache.commons.math.estimation.LevenbergMarquardtEstimator:qrDecomposition:853, 0.0
org.apache.commons.math.estimation.AbstractEstimator:updateJacobian:127, 0.0
org.apache.commons.math.estimation.AbstractEstimator:updateJacobian:128, 0.0
org.apache.commons.math.estimation.AbstractEstimator:updateJacobian:126, 0.0
org.apache.commons.math.estimation.AbstractEstimator:updateJacobian:125, 0.0
org.apache.commons.math.estimation.LevenbergMarquardtEstimator:determineLMParameter:518, 0.0
org.apache.commons.math.estimation.LevenbergMarquardtEstimator:determineLMParameter:592, 0.0
org.apache.commons.math.estimation.LevenbergMarquardtEstimator:determineLMDirection:747, 0.0
org.apache.commons.math.estimation.LevenbergMarquardtEstimator:estimate:408, 0.0
org.apache.commons.math.estimation.LevenbergMarquardtEstimator:qrDecomposition:813, 0.0
org.apache.commons.math.estimation.LevenbergMarquardtEstimator:qrDecomposition:814, 0.0
org.apache.commons.math.estimation.LevenbergMarquardtEstimator:qrDecomposition:815, 0.0
org.apache.commons.math.estimation.LevenbergMarquardtEstimator:estimate:290, 0.0
org.apache.commons.math.estimation.LevenbergMarquardtEstimator:estimate:304, 0.0
org.apache.commons.math.estimation.LevenbergMarquardtEstimator:determineLMParameter:626, 0.0
org.apache.commons.math.estimation.LevenbergMarquardtEstimator:determineLMParameter:625, 0.0
org.apache.commons.math.estimation.LevenbergMarquardtEstimator:determineLMDirection:677, 0.0
org.apache.commons.math.estimation.LevenbergMarquardtEstimator:determineLMDirection:739, 0.0
org.apache.commons.math.estimation.LevenbergMarquardtEstimator:determineLMDirection:741, 0.0
org.apache.commons.math.estimation.LevenbergMarquardtEstimator:determineLMDirection:740, 0.0
org.apache.commons.math.estimation.LevenbergMarquardtEstimator:determineLMParameter:593, 0.0
org.apache.commons.math.estimation.LevenbergMarquardtEstimator:determineLMParameter:594, 0.0
org.apache.commons.math.estimation.LevenbergMarquardtEstimator:estimate:406, 0.0
org.apache.commons.math.estimation.LevenbergMarquardtEstimator:estimate:287, 0.0
org.apache.commons.math.estimation.LevenbergMarquardtEstimator:estimate:286, 0.0
org.apache.commons.math.estimation.LevenbergMarquardtEstimator:qTy:876, 0.0
org.apache.commons.math.estimation.LevenbergMarquardtEstimator:determineLMDirection:728, 0.0
org.apache.commons.math.estimation.LevenbergMarquardtEstimator:determineLMDirection:729, 0.0
org.apache.commons.math.estimation.LevenbergMarquardtEstimator:determineLMDirection:730, 0.0
org.apache.commons.math.estimation.LevenbergMarquardtEstimator:determineLMDirection:731, 0.0
org.apache.commons.math.estimation.LevenbergMarquardtEstimator:determineLMDirection:727, 0.0
org.apache.commons.math.estimation.LevenbergMarquardtEstimator:qrDecomposition:822, 0.0
org.apache.commons.math.estimation.LevenbergMarquardtEstimator:estimate:455, 0.0
org.apache.commons.math.estimation.LevenbergMarquardtEstimator:determineLMParameter:547, 0.0
org.apache.commons.math.estimation.LevenbergMarquardtEstimator:estimate:320, 0.0
org.apache.commons.math.estimation.LevenbergMarquardtEstimator:determineLMDirection:763, 0.0
org.apache.commons.math.estimation.LevenbergMarquardtEstimator:determineLMDirection:757, 0.0
org.apache.commons.math.estimation.LevenbergMarquardtEstimator:estimate:366, 0.0
org.apache.commons.math.estimation.LevenbergMarquardtEstimator:estimate:356, 0.0
org.apache.commons.math.estimation.LevenbergMarquardtEstimator:estimate:357, 0.0
org.apache.commons.math.estimation.LevenbergMarquardtEstimator:estimate:358, 0.0
org.apache.commons.math.estimation.LevenbergMarquardtEstimator:estimate:359, 0.0
org.apache.commons.math.estimation.LevenbergMarquardtEstimator:estimate:360, 0.0
org.apache.commons.math.estimation.LevenbergMarquardtEstimator:estimate:355, 0.0
org.apache.commons.math.estimation.LevenbergMarquardtEstimator:determineLMParameter:591, 0.0
org.apache.commons.math.estimation.LevenbergMarquardtEstimator:estimate:456, 0.0
org.apache.commons.math.estimation.LevenbergMarquardtEstimator:qTy:892, 0.0
org.apache.commons.math.estimation.LevenbergMarquardtEstimator:qrDecomposition:859, 0.0
org.apache.commons.math.estimation.LevenbergMarquardtEstimator:qrDecomposition:860, 0.0
org.apache.commons.math.estimation.LevenbergMarquardtEstimator:estimate:322, 0.0
org.apache.commons.math.estimation.LevenbergMarquardtEstimator:estimate:321, 0.0
org.apache.commons.math.estimation.LevenbergMarquardtEstimator:determineLMParameter:624, 0.0
org.apache.commons.math.estimation.LevenbergMarquardtEstimator:determineLMParameter:622, 0.0
org.apache.commons.math.estimation.LevenbergMarquardtEstimator:determineLMParameter:623, 0.0
org.apache.commons.math.estimation.LevenbergMarquardtEstimator:determineLMDirection:760, 0.0
org.apache.commons.math.estimation.LevenbergMarquardtEstimator:determineLMDirection:761, 0.0
org.apache.commons.math.estimation.LevenbergMarquardtEstimator:determineLMParameter:546, 0.0
org.apache.commons.math.estimation.LevenbergMarquardtEstimator:determineLMParameter:544, 0.0
org.apache.commons.math.estimation.LevenbergMarquardtEstimator:determineLMParameter:545, 0.0
org.apache.commons.math.estimation.LevenbergMarquardtEstimator:estimate:435, 0.0
org.apache.commons.math.estimation.LevenbergMarquardtEstimator:estimate:436, 0.0
org.apache.commons.math.estimation.LevenbergMarquardtEstimator:estimate:437, 0.0
org.apache.commons.math.estimation.LevenbergMarquardtEstimator:estimate:365, 0.0
org.apache.commons.math.estimation.LevenbergMarquardtEstimator:estimate:362, 0.0
org.apache.commons.math.estimation.LevenbergMarquardtEstimator:qrDecomposition:827, 0.0
org.apache.commons.math.estimation.AbstractEstimator:updateJacobian:135, 0.0
org.apache.commons.math.estimation.LevenbergMarquardtEstimator:qrDecomposition:820, 0.0
org.apache.commons.math.estimation.LevenbergMarquardtEstimator:qrDecomposition:819, 0.0
org.apache.commons.math.estimation.LevenbergMarquardtEstimator:determineLMDirection:721, 0.0
org.apache.commons.math.estimation.LevenbergMarquardtEstimator:determineLMDirection:722, 0.0
org.apache.commons.math.estimation.LevenbergMarquardtEstimator:determineLMDirection:723, 0.0
org.apache.commons.math.estimation.LevenbergMarquardtEstimator:determineLMDirection:724, 0.0
org.apache.commons.math.estimation.LevenbergMarquardtEstimator:determineLMParameter:508, 0.0
org.apache.commons.math.estimation.LevenbergMarquardtEstimator:determineLMParameter:506, 0.0
org.apache.commons.math.estimation.LevenbergMarquardtEstimator:determineLMParameter:507, 0.0
org.apache.commons.math.estimation.LevenbergMarquardtEstimator:estimate:402, 0.0
org.apache.commons.math.estimation.LevenbergMarquardtEstimator:estimate:405, 0.0
org.apache.commons.math.estimation.LevenbergMarquardtEstimator:estimate:324, 0.0
org.apache.commons.math.estimation.LevenbergMarquardtEstimator:estimate:460, 0.0
org.apache.commons.math.estimation.LevenbergMarquardtEstimator:setInitialStepBoundFactor:182, 0.0
org.apache.commons.math.estimation.LevenbergMarquardtEstimator:setInitialStepBoundFactor:181, 0.0
org.apache.commons.math.estimation.LevenbergMarquardtEstimator:estimate:432, 0.0
org.apache.commons.math.estimation.LevenbergMarquardtEstimator:estimate:433, 0.0
org.apache.commons.math.estimation.LevenbergMarquardtEstimator:estimate:431, 0.0
org.apache.commons.math.estimation.LevenbergMarquardtEstimator:determineLMParameter:551, 0.0
org.apache.commons.math.estimation.LevenbergMarquardtEstimator:determineLMParameter:543, 0.0
org.apache.commons.math.estimation.LevenbergMarquardtEstimator:determineLMParameter:552, 0.0
org.apache.commons.math.estimation.LevenbergMarquardtEstimator:determineLMParameter:553, 0.0
org.apache.commons.math.estimation.LevenbergMarquardtEstimator:determineLMDirection:675, 0.0
org.apache.commons.math.estimation.LevenbergMarquardtEstimator:determineLMDirection:715, 0.0
org.apache.commons.math.estimation.LevenbergMarquardtEstimator:determineLMDirection:714, 0.0
org.apache.commons.math.estimation.LevenbergMarquardtEstimator:determineLMDirection:716, 0.0
org.apache.commons.math.estimation.LevenbergMarquardtEstimator:estimate:375, 0.0
org.apache.commons.math.estimation.LevenbergMarquardtEstimator:estimate:376, 0.0
org.apache.commons.math.estimation.LevenbergMarquardtEstimator:estimate:314, 0.0
org.apache.commons.math.estimation.LevenbergMarquardtEstimator:determineLMParameter:588, 0.0
org.apache.commons.math.estimation.LevenbergMarquardtEstimator:determineLMDirection:758, 0.0
org.apache.commons.math.estimation.LevenbergMarquardtEstimator:determineLMDirection:759, 0.0
org.apache.commons.math.estimation.LevenbergMarquardtEstimator:qrDecomposition:858, 0.0
org.apache.commons.math.estimation.LevenbergMarquardtEstimator:determineLMParameter:548, 0.0
org.apache.commons.math.estimation.LevenbergMarquardtEstimator:determineLMParameter:549, 0.0
org.apache.commons.math.estimation.AbstractEstimator:updateJacobian:132, 0.0
org.apache.commons.math.estimation.LevenbergMarquardtEstimator:estimate:373, 0.0
org.apache.commons.math.estimation.LevenbergMarquardtEstimator:estimate:374, 0.0
org.apache.commons.math.estimation.LevenbergMarquardtEstimator:estimate:370, 0.0
org.apache.commons.math.estimation.LevenbergMarquardtEstimator:qTy:881, 0.0
org.apache.commons.math.estimation.LevenbergMarquardtEstimator:qTy:883, 0.0
org.apache.commons.math.estimation.LevenbergMarquardtEstimator:qTy:882, 0.0
org.apache.commons.math.estimation.LevenbergMarquardtEstimator:estimate:427, 0.0
org.apache.commons.math.estimation.LevenbergMarquardtEstimator:qTy:887, 0.0
org.apache.commons.math.estimation.LevenbergMarquardtEstimator:determineLMParameter:500, 0.0
org.apache.commons.math.estimation.LevenbergMarquardtEstimator:estimate:343, 0.0
org.apache.commons.math.estimation.LevenbergMarquardtEstimator:estimate:342, 0.0
org.apache.commons.math.estimation.LevenbergMarquardtEstimator:determineLMDirection:709, 0.0
org.apache.commons.math.estimation.LevenbergMarquardtEstimator:determineLMDirection:708, 0.0
org.apache.commons.math.estimation.LevenbergMarquardtEstimator:determineLMParameter:618, 0.0
org.apache.commons.math.estimation.LevenbergMarquardtEstimator:determineLMParameter:619, 0.0
org.apache.commons.math.estimation.LevenbergMarquardtEstimator:determineLMParameter:617, 0.0
org.apache.commons.math.estimation.LevenbergMarquardtEstimator:qrDecomposition:832, 0.0
org.apache.commons.math.estimation.LevenbergMarquardtEstimator:<init>:169, 0.0
org.apache.commons.math.estimation.LevenbergMarquardtEstimator:<init>:158, 0.0
org.apache.commons.math.estimation.LevenbergMarquardtEstimator:<init>:161, 0.0
org.apache.commons.math.estimation.LevenbergMarquardtEstimator:<init>:167, 0.0
org.apache.commons.math.estimation.LevenbergMarquardtEstimator:<init>:166, 0.0
org.apache.commons.math.estimation.LevenbergMarquardtEstimator:<init>:165, 0.0
org.apache.commons.math.estimation.LevenbergMarquardtEstimator:<init>:164, 0.0
org.apache.commons.math.estimation.LevenbergMarquardtEstimator:determineLMParameter:540, 0.0
org.apache.commons.math.estimation.LevenbergMarquardtEstimator:determineLMParameter:539, 0.0
org.apache.commons.math.estimation.LevenbergMarquardtEstimator:estimate:430, 0.0
org.apache.commons.math.estimation.LevenbergMarquardtEstimator:estimate:466, 0.0
org.apache.commons.math.estimation.LevenbergMarquardtEstimator:qTy:885, 0.0
org.apache.commons.math.estimation.LevenbergMarquardtEstimator:qTy:886, 0.0
org.apache.commons.math.estimation.LevenbergMarquardtEstimator:estimate:425, 0.0
org.apache.commons.math.estimation.LevenbergMarquardtEstimator:estimate:424, 0.0
org.apache.commons.math.estimation.LevenbergMarquardtEstimator:estimate:423, 0.0
org.apache.commons.math.estimation.LevenbergMarquardtEstimator:determineLMParameter:502, 0.0
org.apache.commons.math.estimation.LevenbergMarquardtEstimator:determineLMDirection:713, 0.0
org.apache.commons.math.estimation.LevenbergMarquardtEstimator:determineLMDirection:712, 0.0
org.apache.commons.math.estimation.LevenbergMarquardtEstimator:determineLMDirection:711, 0.0
org.apache.commons.math.estimation.LevenbergMarquardtEstimator:determineLMDirection:710, 0.0
org.apache.commons.math.estimation.LevenbergMarquardtEstimator:estimate:468, 0.0
org.apache.commons.math.estimation.LevenbergMarquardtEstimator:determineLMDirection:756, 0.0
org.apache.commons.math.estimation.LevenbergMarquardtEstimator:qrDecomposition:866, 0.0
org.apache.commons.math.estimation.LevenbergMarquardtEstimator:qrDecomposition:868, 0.0
org.apache.commons.math.estimation.LevenbergMarquardtEstimator:qTy:880, 0.0
org.apache.commons.math.estimation.LevenbergMarquardtEstimator:qTy:877, 0.0
org.apache.commons.math.estimation.LevenbergMarquardtEstimator:qTy:878, 0.0
org.apache.commons.math.estimation.LevenbergMarquardtEstimator:qTy:879, 0.0
org.apache.commons.math.estimation.LevenbergMarquardtEstimator:estimate:393, 0.0
org.apache.commons.math.estimation.LevenbergMarquardtEstimator:setCostRelativeTolerance:192, 0.0
org.apache.commons.math.estimation.LevenbergMarquardtEstimator:setCostRelativeTolerance:191, 0.0
org.apache.commons.math.estimation.LevenbergMarquardtEstimator:qrDecomposition:829, 0.0
org.apache.commons.math.estimation.LevenbergMarquardtEstimator:qrDecomposition:828, 0.0
org.apache.commons.math.estimation.LevenbergMarquardtEstimator:estimate:315, 0.0
org.apache.commons.math.estimation.LevenbergMarquardtEstimator:estimate:317, 0.0
org.apache.commons.math.estimation.LevenbergMarquardtEstimator:estimate:316, 0.0
org.apache.commons.math.estimation.LevenbergMarquardtEstimator:determineLMParameter:580, 0.0
org.apache.commons.math.estimation.LevenbergMarquardtEstimator:determineLMParameter:581, 0.0
org.apache.commons.math.estimation.LevenbergMarquardtEstimator:qTy:889, 0.0
org.apache.commons.math.estimation.LevenbergMarquardtEstimator:qTy:888, 0.0
org.apache.commons.math.estimation.LevenbergMarquardtEstimator:estimate:421, 0.0
org.apache.commons.math.estimation.LevenbergMarquardtEstimator:estimate:422, 0.0
org.apache.commons.math.estimation.LevenbergMarquardtEstimator:estimate:354, 0.0
org.apache.commons.math.estimation.LevenbergMarquardtEstimator:estimate:351, 0.0
org.apache.commons.math.estimation.LevenbergMarquardtEstimator:estimate:348, 0.0
org.apache.commons.math.estimation.LevenbergMarquardtEstimator:estimate:347, 0.0
org.apache.commons.math.estimation.LevenbergMarquardtEstimator:estimate:346, 0.0
org.apache.commons.math.estimation.LevenbergMarquardtEstimator:estimate:345, 0.0
org.apache.commons.math.estimation.LevenbergMarquardtEstimator:estimate:395, 0.0
org.apache.commons.math.estimation.LevenbergMarquardtEstimator:estimate:399, 0.0
org.apache.commons.math.estimation.LevenbergMarquardtEstimator:estimate:398, 0.0
org.apache.commons.math.estimation.LevenbergMarquardtEstimator:estimate:397, 0.0
org.apache.commons.math.estimation.LevenbergMarquardtEstimator:estimate:396, 0.0
org.apache.commons.math.estimation.LevenbergMarquardtEstimator:determineLMDirection:704, 0.0
org.apache.commons.math.estimation.LevenbergMarquardtEstimator:determineLMDirection:700, 0.0
org.apache.commons.math.estimation.LevenbergMarquardtEstimator:determineLMParameter:613, 0.0
org.apache.commons.math.estimation.LevenbergMarquardtEstimator:determineLMParameter:542, 0.0
org.apache.commons.math.estimation.LevenbergMarquardtEstimator:estimate:319, 0.0
org.apache.commons.math.estimation.LevenbergMarquardtEstimator:estimate:318, 0.0
org.apache.commons.math.estimation.LevenbergMarquardtEstimator:qrDecomposition:823, 0.0
org.apache.commons.math.estimation.AbstractEstimator:getRMS:183, 0.0
org.apache.commons.math.estimation.AbstractEstimator:getCovariances:238, 0.0
org.apache.commons.math.estimation.AbstractEstimator:getCovariances:236, 0.0
org.apache.commons.math.linear.MatrixUtils:createRealIdentityMatrix:144, 0.0
org.apache.commons.math.linear.MatrixUtils:createRealIdentityMatrix:143, 0.0
org.apache.commons.math.estimation.AbstractEstimator:getRMS:182, 0.0
org.apache.commons.math.estimation.AbstractEstimator:getRMS:181, 0.0
org.apache.commons.math.estimation.AbstractEstimator:getCovariances:223, 0.0
org.apache.commons.math.linear.MatrixUtils:createRealIdentityMatrix:146, 0.0
org.apache.commons.math.linear.MatrixUtils:createRealMatrix:106, 0.0
org.apache.commons.math.linear.LUDecompositionImpl$Solver:getInverse:420, 0.0
org.apache.commons.math.linear.MatrixUtils:createRealIdentityMatrix:142, 0.0
org.apache.commons.math.linear.LUDecompositionImpl$Solver:solve:364, 0.0
org.apache.commons.math.linear.LUDecompositionImpl$Solver:solve:365, 0.0
org.apache.commons.math.estimation.AbstractEstimator:getCovariances:239, 0.0
org.apache.commons.math.estimation.AbstractEstimator:getCovariances:240, 0.0
org.apache.commons.math.linear.LUDecompositionImpl$Solver:solve:370, 0.0
org.apache.commons.math.estimation.LevenbergMarquardtEstimator:estimate:329, 0.0
org.apache.commons.math.estimation.AbstractEstimator:getRMS:187, 0.0
org.apache.commons.math.estimation.AbstractEstimator:getRMS:184, 0.0
org.apache.commons.math.estimation.AbstractEstimator:getRMS:185, 0.0
org.apache.commons.math.linear.LUDecompositionImpl$Solver:solve:371, 0.0
org.apache.commons.math.estimation.AbstractEstimator:getCovariances:220, 0.0
org.apache.commons.math.estimation.AbstractEstimator:getCovariances:221, 0.0
org.apache.commons.math.estimation.AbstractEstimator:getCovariances:222, 0.0
org.apache.commons.math.estimation.AbstractEstimator:getCovariances:216, 0.0
org.apache.commons.math.estimation.AbstractEstimator:getCovariances:219, 0.0
org.apache.commons.math.estimation.AbstractEstimator:getCovariances:224, 0.0
org.apache.commons.math.linear.Array2DRowRealMatrix:<init>:116, 0.0
org.apache.commons.math.linear.Array2DRowRealMatrix:<init>:115, 0.0
org.apache.commons.math.linear.Array2DRowRealMatrix:<init>:114, 0.0
org.apache.commons.math.estimation.AbstractEstimator:getCovariances:226, 0.0
org.apache.commons.math.estimation.AbstractEstimator:getCovariances:225, 0.0
org.apache.commons.math.estimation.AbstractEstimator:getCovariances:227, 0.0
org.apache.commons.math.estimation.AbstractEstimator:getCovariances:230, 0.0
org.apache.commons.math.estimation.AbstractEstimator:getCovariances:229, 0.0
org.apache.commons.math.estimation.AbstractEstimator:guessParametersErrors:258, 0.0
org.apache.commons.math.estimation.AbstractEstimator:guessParametersErrors:256, 0.0
org.apache.commons.math.estimation.AbstractEstimator:guessParametersErrors:257, 0.0
org.apache.commons.math.estimation.AbstractEstimator:guessParametersErrors:259, 0.0
org.apache.commons.math.fraction.BigFraction:<init>:311, 0.0
org.apache.commons.math.fraction.BigFraction:<init>:304, 0.0
org.apache.commons.math.fraction.BigFraction:<init>:295, 0.0
org.apache.commons.math.fraction.BigFraction:<init>:296, 0.0
org.apache.commons.math.fraction.BigFraction:<init>:297, 0.0
org.apache.commons.math.fraction.BigFraction:<init>:298, 0.0
org.apache.commons.math.fraction.BigFraction:<init>:300, 0.0
org.apache.commons.math.fraction.BigFraction:<init>:301, 0.0
org.apache.commons.math.fraction.BigFraction:<init>:303, 0.0
org.apache.commons.math.fraction.BigFraction:<init>:214, 0.0
org.apache.commons.math.fraction.BigFraction:getDenominatorAsLong:769, 0.0
org.apache.commons.math.fraction.BigFraction:<init>:203, 0.0
org.apache.commons.math.fraction.BigFraction:<init>:202, 0.0
org.apache.commons.math.fraction.BigFraction:<init>:391, 0.0
org.apache.commons.math.fraction.BigFraction:<init>:390, 0.0
org.apache.commons.math.fraction.BigFraction:<init>:316, 0.0
org.apache.commons.math.fraction.BigFraction:getNumeratorAsInt:791, 0.0
org.apache.commons.math.fraction.BigFraction:<init>:180, 0.0
org.apache.commons.math.fraction.BigFraction:<init>:181, 0.0
org.apache.commons.math.MathRuntimeException:createArithmeticException:201, 0.0
org.apache.commons.math.fraction.BigFraction:<init>:129, 0.0
org.apache.commons.math.fraction.BigFraction:<init>:330, 0.0
org.apache.commons.math.fraction.BigFraction:<init>:307, 0.0
org.apache.commons.math.fraction.BigFraction:<init>:306, 0.0
org.apache.commons.math.fraction.BigFraction:<init>:309, 0.0
org.apache.commons.math.fraction.BigFraction:<init>:308, 0.0
org.apache.commons.math.fraction.BigFraction:<init>:310, 0.0
org.apache.commons.math.fraction.BigFraction:<init>:324, 0.0
org.apache.commons.math.fraction.BigFraction:<init>:322, 0.0
org.apache.commons.math.fraction.BigFraction:<init>:323, 0.0
org.apache.commons.math.fraction.BigFraction:<init>:320, 0.0
org.apache.commons.math.fraction.BigFraction:<init>:319, 0.0
org.apache.commons.math.fraction.BigFraction:<init>:321, 0.0
org.apache.commons.math.fraction.BigFraction:<init>:206, 0.0
org.apache.commons.math.fraction.BigFraction:<init>:341, 0.0
org.apache.commons.math.MathRuntimeException:createNullPointerException:434, 0.0
org.apache.commons.math.MathRuntimeException$8:<init>:434, 0.0
org.apache.commons.math.fraction.BigFraction:<init>:193, 0.0
org.apache.commons.math.fraction.BigFraction:<init>:190, 0.0
org.apache.commons.math.fraction.BigFraction:<init>:192, 0.0
org.apache.commons.math.fraction.BigFraction:<init>:191, 0.0
org.apache.commons.math.fraction.BigFraction:<init>:189, 0.0
org.apache.commons.math.fraction.BigFraction:getNumeratorAsLong:802, 0.0
org.apache.commons.math.fraction.BigFraction:<init>:283, 0.0
org.apache.commons.math.fraction.BigFraction:<init>:282, 0.0
org.apache.commons.math.fraction.BigFraction:<init>:281, 0.0
org.apache.commons.math.fraction.BigFraction:<init>:280, 0.0
org.apache.commons.math.fraction.BigFraction:<init>:279, 0.0
org.apache.commons.math.fraction.FractionConversionException:<init>:53, 0.0
org.apache.commons.math.fraction.FractionConversionException:<init>:52, 0.0
org.apache.commons.math.fraction.BigFraction:<init>:200, 0.0
org.apache.commons.math.fraction.BigFraction:<init>:207, 0.0
org.apache.commons.math.fraction.BigFraction:<init>:208, 0.0
org.apache.commons.math.fraction.BigFraction:<init>:315, 0.0
org.apache.commons.math.fraction.BigFraction:<init>:326, 0.0
org.apache.commons.math.fraction.BigFraction:<init>:195, 0.0
org.apache.commons.math.fraction.BigFraction:<init>:132, 0.0
org.apache.commons.math.fraction.BigFraction:<init>:184, 0.0
org.apache.commons.math.fraction.BigFraction:<init>:126, 0.0
org.apache.commons.math.fraction.BigFraction:<init>:334, 0.0
org.apache.commons.math.fraction.BigFraction:<init>:284, 0.0
org.apache.commons.math.fraction.BigFraction:getDenominatorAsInt:758, 0.0
org.apache.commons.math.fraction.BigFraction:<init>:240, 0.0
org.apache.commons.math.fraction.BigFraction:<init>:241, 0.0
org.apache.commons.math.fraction.BigFraction:<init>:201, 0.0
org.apache.commons.math.fraction.BigFraction:<init>:106, 0.0
org.apache.commons.math.fraction.BigFraction:<init>:107, 0.0
org.apache.commons.math.MathRuntimeException$1:<init>:201, 0.0
org.apache.commons.math.fraction.BigFraction:<init>:290, 0.0
org.apache.commons.math.fraction.BigFraction:<init>:291, 0.0
org.apache.commons.math.fraction.BigFraction:<init>:292, 0.0
org.apache.commons.math.fraction.BigFraction:<init>:328, 0.0
org.apache.commons.math.fraction.BigFraction:<init>:197, 0.0
org.apache.commons.math.fraction.BigFraction:<init>:402, 0.0
org.apache.commons.math.fraction.BigFraction:<init>:403, 0.0
org.apache.commons.math.fraction.BigFraction:<init>:289, 0.0
org.apache.commons.math.fraction.BigFraction:<init>:335, 0.0
org.apache.commons.math.fraction.BigFraction:<init>:336, 0.0
org.apache.commons.math.fraction.BigFraction:<init>:417, 0.0
org.apache.commons.math.fraction.BigFraction:<init>:418, 0.0
org.apache.commons.math.fraction.FractionConversionException:<init>:42, 0.0
org.apache.commons.math.fraction.FractionConversionException:<init>:41, 0.0
org.apache.commons.math.fraction.BigFraction:<init>:331, 0.0
org.apache.commons.math.fraction.Fraction:<init>:223, 0.0
org.apache.commons.math.fraction.Fraction:<init>:229, 0.0
org.apache.commons.math.fraction.Fraction:<init>:228, 0.0
org.apache.commons.math.fraction.Fraction:<init>:227, 0.0
org.apache.commons.math.fraction.Fraction:<init>:226, 0.0
org.apache.commons.math.fraction.Fraction:<init>:225, 0.0
org.apache.commons.math.fraction.Fraction:<init>:224, 0.0
org.apache.commons.math.fraction.Fraction:<init>:186, 0.0
org.apache.commons.math.fraction.Fraction:<init>:187, 0.0
org.apache.commons.math.fraction.Fraction:<init>:190, 0.0
org.apache.commons.math.fraction.Fraction:<init>:188, 0.0
org.apache.commons.math.fraction.Fraction:<init>:189, 0.0
org.apache.commons.math.fraction.Fraction:<init>:218, 0.0
org.apache.commons.math.fraction.Fraction:<init>:205, 0.0
org.apache.commons.math.fraction.Fraction:<init>:204, 0.0
org.apache.commons.math.fraction.Fraction:<init>:207, 0.0
org.apache.commons.math.fraction.Fraction:<init>:203, 0.0
org.apache.commons.math.fraction.Fraction:<init>:202, 0.0
org.apache.commons.math.fraction.Fraction:<init>:208, 0.0
org.apache.commons.math.fraction.Fraction:<init>:210, 0.0
org.apache.commons.math.fraction.Fraction:<init>:211, 0.0
org.apache.commons.math.fraction.Fraction:<init>:213, 0.0
org.apache.commons.math.fraction.Fraction:<init>:214, 0.0
org.apache.commons.math.fraction.Fraction:<init>:215, 0.0
org.apache.commons.math.fraction.Fraction:<init>:216, 0.0
org.apache.commons.math.fraction.Fraction:<init>:217, 0.0
org.apache.commons.math.fraction.Fraction:<init>:196, 0.0
org.apache.commons.math.fraction.Fraction:<init>:233, 0.0
org.apache.commons.math.fraction.Fraction:<init>:236, 0.0
org.apache.commons.math.fraction.Fraction:<init>:235, 0.0
org.apache.commons.math.fraction.Fraction:<init>:131, 0.0
org.apache.commons.math.fraction.Fraction:<init>:130, 0.0
org.apache.commons.math.fraction.Fraction:<init>:231, 0.0
org.apache.commons.math.fraction.Fraction:<init>:222, 0.0
org.apache.commons.math.fraction.Fraction:<init>:191, 0.0
org.apache.commons.math.fraction.Fraction:<init>:219, 0.0
org.apache.commons.math.geometry.Rotation:<init>:258, 0.0
org.apache.commons.math.geometry.Rotation:<init>:259, 0.0
org.apache.commons.math.geometry.Rotation:<init>:256, 0.0
org.apache.commons.math.geometry.Rotation:<init>:257, 0.0
org.apache.commons.math.geometry.Rotation:<init>:260, 0.0
org.apache.commons.math.geometry.Rotation:<init>:261, 0.0
org.apache.commons.math.geometry.Rotation:orthogonalizeMatrix:1032, 0.0
org.apache.commons.math.geometry.Rotation:orthogonalizeMatrix:1034, 0.0
org.apache.commons.math.geometry.Rotation:orthogonalizeMatrix:1023, 0.0
org.apache.commons.math.geometry.Rotation:orthogonalizeMatrix:1024, 0.0
org.apache.commons.math.geometry.Rotation:orthogonalizeMatrix:1025, 0.0
org.apache.commons.math.geometry.Rotation:orthogonalizeMatrix:1026, 0.0
org.apache.commons.math.geometry.Rotation:orthogonalizeMatrix:1027, 0.0
org.apache.commons.math.geometry.Rotation:orthogonalizeMatrix:1028, 0.0
org.apache.commons.math.geometry.Rotation:orthogonalizeMatrix:1029, 0.0
org.apache.commons.math.geometry.Rotation:orthogonalizeMatrix:1030, 0.0
org.apache.commons.math.geometry.Rotation:orthogonalizeMatrix:1031, 0.0
org.apache.commons.math.geometry.Rotation:<init>:222, 0.0
org.apache.commons.math.geometry.Rotation:<init>:219, 0.0
org.apache.commons.math.geometry.Rotation:applyTo:881, 0.0
org.apache.commons.math.geometry.Rotation:applyTo:883, 0.0
org.apache.commons.math.geometry.Rotation:applyTo:877, 0.0
org.apache.commons.math.geometry.Rotation:applyTo:878, 0.0
org.apache.commons.math.geometry.Rotation:applyTo:879, 0.0
org.apache.commons.math.geometry.Rotation:applyInverseTo:937, 0.0
org.apache.commons.math.geometry.Rotation:<init>:254, 0.0
org.apache.commons.math.geometry.Rotation:<init>:253, 0.0
org.apache.commons.math.geometry.Rotation:getAngle:566, 0.0
org.apache.commons.math.geometry.Rotation:orthogonalizeMatrix:1037, 0.0
org.apache.commons.math.geometry.Rotation:<init>:132, 0.0
org.apache.commons.math.geometry.Rotation:<init>:134, 0.0
org.apache.commons.math.geometry.Rotation:<init>:237, 0.0
org.apache.commons.math.geometry.Rotation:<init>:283, 0.0
org.apache.commons.math.geometry.Rotation:<init>:282, 0.0
org.apache.commons.math.geometry.Rotation:<init>:281, 0.0
org.apache.commons.math.geometry.Rotation:<init>:286, 0.0
org.apache.commons.math.geometry.Rotation:<init>:285, 0.0
org.apache.commons.math.geometry.Rotation:<init>:284, 0.0
org.apache.commons.math.geometry.Rotation:getAngle:567, 0.0
org.apache.commons.math.geometry.Rotation:<init>:230, 0.0
org.apache.commons.math.geometry.Rotation:<init>:236, 0.0
org.apache.commons.math.geometry.Rotation:<init>:233, 0.0
org.apache.commons.math.geometry.Rotation:<init>:144, 0.0
org.apache.commons.math.geometry.Rotation:<init>:145, 0.0
org.apache.commons.math.geometry.Rotation:<init>:146, 0.0
org.apache.commons.math.geometry.Rotation:<init>:148, 0.0
org.apache.commons.math.geometry.Rotation:<init>:143, 0.0
org.apache.commons.math.geometry.Rotation:<init>:291, 0.0
org.apache.commons.math.geometry.Rotation:orthogonalizeMatrix:956, 0.0
org.apache.commons.math.geometry.Rotation:orthogonalizeMatrix:957, 0.0
org.apache.commons.math.geometry.Rotation:orthogonalizeMatrix:958, 0.0
org.apache.commons.math.geometry.Rotation:orthogonalizeMatrix:959, 0.0
org.apache.commons.math.geometry.Rotation:orthogonalizeMatrix:977, 0.0
org.apache.commons.math.geometry.Rotation:orthogonalizeMatrix:971, 0.0
org.apache.commons.math.geometry.Rotation:orthogonalizeMatrix:968, 0.0
org.apache.commons.math.geometry.Rotation:orthogonalizeMatrix:974, 0.0
org.apache.commons.math.geometry.Rotation:orthogonalizeMatrix:973, 0.0
org.apache.commons.math.geometry.Rotation:orthogonalizeMatrix:972, 0.0
org.apache.commons.math.geometry.Rotation:orthogonalizeMatrix:963, 0.0
org.apache.commons.math.geometry.Rotation:orthogonalizeMatrix:962, 0.0
org.apache.commons.math.geometry.Rotation:orthogonalizeMatrix:961, 0.0
org.apache.commons.math.geometry.Rotation:orthogonalizeMatrix:960, 0.0
org.apache.commons.math.geometry.Rotation:orthogonalizeMatrix:967, 0.0
org.apache.commons.math.geometry.Rotation:orthogonalizeMatrix:966, 0.0
org.apache.commons.math.geometry.Rotation:orthogonalizeMatrix:965, 0.0
org.apache.commons.math.geometry.Rotation:orthogonalizeMatrix:964, 0.0
org.apache.commons.math.geometry.Rotation:<init>:224, 0.0
org.apache.commons.math.geometry.Rotation:<init>:275, 0.0
org.apache.commons.math.geometry.Rotation:<init>:274, 0.0
org.apache.commons.math.geometry.Rotation:<init>:279, 0.0
org.apache.commons.math.geometry.Rotation:<init>:278, 0.0
org.apache.commons.math.geometry.Rotation:<init>:277, 0.0
org.apache.commons.math.geometry.Rotation:<init>:276, 0.0
org.apache.commons.math.geometry.Rotation:getAngle:568, 0.0
org.apache.commons.math.geometry.Vector3D:<init>:95, 0.0
org.apache.commons.math.geometry.Vector3D:<init>:94, 0.0
org.apache.commons.math.geometry.Vector3D:<init>:98, 0.0
org.apache.commons.math.geometry.Vector3D:<init>:96, 0.0
org.apache.commons.math.geometry.Vector3D:<init>:97, 0.0
org.apache.commons.math.geometry.Rotation:getMatrix:851, 0.0
org.apache.commons.math.geometry.Rotation:getMatrix:850, 0.0
org.apache.commons.math.geometry.Rotation:getMatrix:855, 0.0
org.apache.commons.math.geometry.Rotation:getMatrix:853, 0.0
org.apache.commons.math.geometry.Rotation:getMatrix:852, 0.0
org.apache.commons.math.geometry.Rotation:getMatrix:859, 0.0
org.apache.commons.math.geometry.Rotation:getMatrix:857, 0.0
org.apache.commons.math.geometry.Rotation:getMatrix:856, 0.0
org.apache.commons.math.geometry.Rotation:getMatrix:863, 0.0
org.apache.commons.math.geometry.Rotation:getMatrix:861, 0.0
org.apache.commons.math.geometry.Rotation:getMatrix:860, 0.0
org.apache.commons.math.geometry.Rotation:getMatrix:864, 0.0
org.apache.commons.math.geometry.Rotation:getMatrix:865, 0.0
org.apache.commons.math.geometry.Rotation:getMatrix:867, 0.0
org.apache.commons.math.geometry.Rotation:getMatrix:838, 0.0
org.apache.commons.math.geometry.Rotation:getMatrix:839, 0.0
org.apache.commons.math.geometry.Rotation:getMatrix:842, 0.0
org.apache.commons.math.geometry.Rotation:getMatrix:843, 0.0
org.apache.commons.math.geometry.Rotation:getMatrix:840, 0.0
org.apache.commons.math.geometry.Rotation:getMatrix:841, 0.0
org.apache.commons.math.geometry.Rotation:getMatrix:846, 0.0
org.apache.commons.math.geometry.Rotation:getMatrix:847, 0.0
org.apache.commons.math.geometry.Rotation:getMatrix:844, 0.0
org.apache.commons.math.geometry.Rotation:getMatrix:845, 0.0
org.apache.commons.math.geometry.NotARotationMatrixException:<init>:43, 0.0
org.apache.commons.math.geometry.NotARotationMatrixException:<init>:44, 0.0
org.apache.commons.math.geometry.Vector3D:subtract:267, 0.0
org.apache.commons.math.geometry.Rotation:orthogonalizeMatrix:978, 0.0
org.apache.commons.math.geometry.Rotation:<init>:272, 0.0
org.apache.commons.math.geometry.Rotation:<init>:271, 0.0
org.apache.commons.math.geometry.Vector3D:getX:182, 0.0
org.apache.commons.math.geometry.Rotation:<init>:266, 0.0
org.apache.commons.math.geometry.Rotation:<init>:267, 0.0
org.apache.commons.math.geometry.Rotation:<init>:265, 0.0
org.apache.commons.math.geometry.Rotation:<init>:270, 0.0
org.apache.commons.math.geometry.Rotation:<init>:268, 0.0
org.apache.commons.math.geometry.Rotation:<init>:269, 0.0
org.apache.commons.math.geometry.Rotation:orthogonalizeMatrix:1019, 0.0
org.apache.commons.math.geometry.Rotation:orthogonalizeMatrix:1008, 0.0
org.apache.commons.math.geometry.Rotation:orthogonalizeMatrix:1009, 0.0
org.apache.commons.math.geometry.Rotation:orthogonalizeMatrix:1010, 0.0
org.apache.commons.math.geometry.Rotation:orthogonalizeMatrix:1011, 0.0
org.apache.commons.math.geometry.Rotation:orthogonalizeMatrix:1014, 0.0
org.apache.commons.math.geometry.Rotation:orthogonalizeMatrix:1000, 0.0
org.apache.commons.math.geometry.Rotation:orthogonalizeMatrix:1003, 0.0
org.apache.commons.math.geometry.Rotation:orthogonalizeMatrix:1005, 0.0
org.apache.commons.math.geometry.Rotation:orthogonalizeMatrix:1004, 0.0
org.apache.commons.math.geometry.Rotation:orthogonalizeMatrix:1007, 0.0
org.apache.commons.math.geometry.Rotation:orthogonalizeMatrix:1006, 0.0
org.apache.commons.math.geometry.Rotation:orthogonalizeMatrix:993, 0.0
org.apache.commons.math.geometry.Rotation:orthogonalizeMatrix:992, 0.0
org.apache.commons.math.geometry.Rotation:orthogonalizeMatrix:995, 0.0
org.apache.commons.math.geometry.Rotation:orthogonalizeMatrix:994, 0.0
org.apache.commons.math.geometry.Rotation:orthogonalizeMatrix:997, 0.0
org.apache.commons.math.geometry.Rotation:orthogonalizeMatrix:996, 0.0
org.apache.commons.math.geometry.Rotation:orthogonalizeMatrix:999, 0.0
org.apache.commons.math.geometry.Rotation:orthogonalizeMatrix:998, 0.0
org.apache.commons.math.geometry.Rotation:orthogonalizeMatrix:986, 0.0
org.apache.commons.math.geometry.Rotation:orthogonalizeMatrix:987, 0.0
org.apache.commons.math.geometry.Rotation:orthogonalizeMatrix:984, 0.0
org.apache.commons.math.geometry.Rotation:orthogonalizeMatrix:985, 0.0
org.apache.commons.math.geometry.Rotation:orthogonalizeMatrix:988, 0.0
org.apache.commons.math.geometry.Rotation:orthogonalizeMatrix:989, 0.0
org.apache.commons.math.geometry.Rotation:orthogonalizeMatrix:982, 0.0
org.apache.commons.math.geometry.Rotation:orthogonalizeMatrix:983, 0.0
org.apache.commons.math.geometry.Rotation:orthogonalizeMatrix:981, 0.0
org.apache.commons.math.geometry.Rotation:getAngle:571, 0.0
org.apache.commons.math.geometry.Vector3D:getY:190, 0.0
org.apache.commons.math.util.MathUtils:normalizeAngle:1125, 0.0
org.apache.commons.math.geometry.Rotation:<init>:262, 0.0
org.apache.commons.math.geometry.Rotation:<init>:263, 0.0
org.apache.commons.math.geometry.Rotation:orthogonalizeMatrix:1020, 0.0
org.apache.commons.math.geometry.Rotation:distance:1067, 0.0
org.apache.commons.math.geometry.Vector3D:getZ:198, 0.0
org.apache.commons.math.geometry.Vector3D:getNorm:212, 0.0
org.apache.commons.math.geometry.RotationOrder:getA1:158, 0.0
org.apache.commons.math.geometry.Rotation:getAngles:658, 0.0
org.apache.commons.math.geometry.Rotation:getAngles:801, 0.0
org.apache.commons.math.geometry.Rotation:getAngles:729, 0.0
org.apache.commons.math.geometry.Rotation:getAngles:692, 0.0
org.apache.commons.math.geometry.Rotation:getAngles:693, 0.0
org.apache.commons.math.geometry.Rotation:getAngles:691, 0.0
org.apache.commons.math.geometry.Rotation:getAngles:619, 0.0
org.apache.commons.math.geometry.Rotation:getAngles:620, 0.0
org.apache.commons.math.geometry.Rotation:getAngles:621, 0.0
org.apache.commons.math.geometry.Rotation:getAngles:756, 0.0
org.apache.commons.math.geometry.Rotation:getAngles:747, 0.0
org.apache.commons.math.geometry.Rotation:getAngles:746, 0.0
org.apache.commons.math.geometry.Rotation:getAngles:745, 0.0
org.apache.commons.math.geometry.Rotation:getAngles:783, 0.0
org.apache.commons.math.geometry.Rotation:getAngles:702, 0.0
org.apache.commons.math.geometry.CardanEulerSingularityException:<init>:41, 0.0
org.apache.commons.math.geometry.Rotation:getAngles:819, 0.0
org.apache.commons.math.geometry.Rotation:getAngles:799, 0.0
org.apache.commons.math.geometry.Rotation:getAngles:800, 0.0
org.apache.commons.math.geometry.Rotation:getAngles:675, 0.0
org.apache.commons.math.geometry.Rotation:getAngles:674, 0.0
org.apache.commons.math.geometry.Rotation:getAngles:673, 0.0
org.apache.commons.math.geometry.Rotation:getAngles:630, 0.0
org.apache.commons.math.geometry.RotationOrder:getA2:165, 0.0
org.apache.commons.math.geometry.Rotation:getAngles:640, 0.0
org.apache.commons.math.geometry.Rotation:getAngles:728, 0.0
org.apache.commons.math.geometry.Rotation:getAngles:727, 0.0
org.apache.commons.math.geometry.Rotation:getAngles:766, 0.0
org.apache.commons.math.geometry.Rotation:getAngles:802, 0.0
org.apache.commons.math.geometry.Rotation:getAngles:657, 0.0
org.apache.commons.math.geometry.Rotation:<init>:171, 0.0
org.apache.commons.math.geometry.Rotation:<init>:174, 0.0
org.apache.commons.math.geometry.Rotation:<init>:173, 0.0
org.apache.commons.math.geometry.Rotation:getAngles:612, 0.0
org.apache.commons.math.geometry.Rotation:getAngles:738, 0.0
org.apache.commons.math.geometry.Rotation:getAngles:784, 0.0
org.apache.commons.math.geometry.Rotation:getAngles:720, 0.0
org.apache.commons.math.geometry.Rotation:getAngles:709, 0.0
org.apache.commons.math.geometry.Rotation:getAngles:711, 0.0
org.apache.commons.math.geometry.Rotation:getAngles:710, 0.0
org.apache.commons.math.geometry.Rotation:getAngles:820, 0.0
org.apache.commons.math.geometry.Rotation:applyInverseTo:902, 0.0
org.apache.commons.math.geometry.Rotation:applyInverseTo:900, 0.0
org.apache.commons.math.geometry.Rotation:applyInverseTo:899, 0.0
org.apache.commons.math.geometry.Rotation:applyInverseTo:897, 0.0
org.apache.commons.math.geometry.Rotation:applyInverseTo:895, 0.0
org.apache.commons.math.geometry.Rotation:applyInverseTo:896, 0.0
org.apache.commons.math.geometry.Rotation:getAngles:639, 0.0
org.apache.commons.math.geometry.Rotation:getAngles:622, 0.0
org.apache.commons.math.geometry.CardanEulerSingularityException:<init>:42, 0.0
org.apache.commons.math.geometry.Rotation:getAngles:765, 0.0
org.apache.commons.math.geometry.Rotation:getAngles:782, 0.0
org.apache.commons.math.geometry.Rotation:getAngles:781, 0.0
org.apache.commons.math.geometry.RotationOrder:getA3:172, 0.0
org.apache.commons.math.geometry.Rotation:getAngles:655, 0.0
org.apache.commons.math.geometry.Rotation:getAngles:656, 0.0
org.apache.commons.math.geometry.Rotation:getAngles:676, 0.0
org.apache.commons.math.geometry.Rotation:getAngles:748, 0.0
org.apache.commons.math.geometry.Rotation:getAngles:694, 0.0
org.apache.commons.math.geometry.Rotation:getAngles:817, 0.0
org.apache.commons.math.geometry.Rotation:getAngles:818, 0.0
org.apache.commons.math.geometry.Rotation:<init>:495, 0.0
org.apache.commons.math.geometry.Rotation:<init>:504, 0.0
org.apache.commons.math.geometry.Rotation:<init>:500, 0.0
org.apache.commons.math.geometry.Rotation:<init>:501, 0.0
org.apache.commons.math.geometry.Rotation:<init>:502, 0.0
org.apache.commons.math.geometry.Rotation:<init>:503, 0.0
org.apache.commons.math.geometry.Rotation:<init>:496, 0.0
org.apache.commons.math.geometry.Rotation:<init>:497, 0.0
org.apache.commons.math.geometry.Rotation:<init>:498, 0.0
org.apache.commons.math.geometry.Rotation:<init>:499, 0.0
org.apache.commons.math.geometry.Rotation:getAngles:730, 0.0
org.apache.commons.math.geometry.Rotation:getAngles:638, 0.0
org.apache.commons.math.geometry.Rotation:getAngles:637, 0.0
org.apache.commons.math.geometry.Rotation:applyTo:918, 0.0
org.apache.commons.math.geometry.Rotation:getAngles:763, 0.0
org.apache.commons.math.geometry.Rotation:getAngles:764, 0.0
org.apache.commons.math.geometry.Rotation:getAngles:648, 0.0
org.apache.commons.math.geometry.Rotation:<init>:186, 0.0
org.apache.commons.math.geometry.Rotation:<init>:184, 0.0
org.apache.commons.math.geometry.Rotation:<init>:178, 0.0
org.apache.commons.math.geometry.Rotation:<init>:179, 0.0
org.apache.commons.math.geometry.Rotation:<init>:182, 0.0
org.apache.commons.math.geometry.Rotation:<init>:183, 0.0
org.apache.commons.math.geometry.Rotation:<init>:181, 0.0
org.apache.commons.math.geometry.Rotation:getAngles:684, 0.0
org.apache.commons.math.geometry.Rotation:getAngles:774, 0.0
org.apache.commons.math.geometry.Rotation:getAngles:712, 0.0
org.apache.commons.math.geometry.Rotation:getAngles:792, 0.0
org.apache.commons.math.geometry.Rotation:getAngles:666, 0.0
org.apache.commons.math.linear.CholeskyDecompositionImpl:<init>:115, 0.0
org.apache.commons.math.linear.CholeskyDecompositionImpl:<init>:112, 0.0
org.apache.commons.math.linear.CholeskyDecompositionImpl:<init>:144, 0.0
org.apache.commons.math.linear.CholeskyDecompositionImpl:<init>:135, 0.0
org.apache.commons.math.linear.CholeskyDecompositionImpl:<init>:110, 0.0
org.apache.commons.math.linear.CholeskyDecompositionImpl:<init>:76, 0.0
org.apache.commons.math.linear.CholeskyDecompositionImpl:<init>:74, 0.0
org.apache.commons.math.linear.CholeskyDecompositionImpl:<init>:143, 0.0
org.apache.commons.math.linear.CholeskyDecompositionImpl:<init>:142, 0.0
org.apache.commons.math.linear.CholeskyDecompositionImpl:<init>:131, 0.0
org.apache.commons.math.linear.CholeskyDecompositionImpl:<init>:134, 0.0
org.apache.commons.math.linear.CholeskyDecompositionImpl:<init>:124, 0.0
org.apache.commons.math.linear.CholeskyDecompositionImpl:<init>:99, 0.0
org.apache.commons.math.linear.CholeskyDecompositionImpl:<init>:97, 0.0
org.apache.commons.math.linear.CholeskyDecompositionImpl:<init>:119, 0.0
org.apache.commons.math.linear.CholeskyDecompositionImpl:<init>:118, 0.0
org.apache.commons.math.linear.CholeskyDecompositionImpl:<init>:117, 0.0
org.apache.commons.math.linear.CholeskyDecompositionImpl:<init>:116, 0.0
org.apache.commons.math.linear.CholeskyDecompositionImpl:<init>:121, 0.0
org.apache.commons.math.linear.CholeskyDecompositionImpl:<init>:141, 0.0
org.apache.commons.math.linear.NotPositiveDefiniteMatrixException:<init>:40, 0.0
org.apache.commons.math.linear.NotPositiveDefiniteMatrixException:<init>:39, 0.0
org.apache.commons.math.linear.CholeskyDecompositionImpl:<init>:129, 0.0
org.apache.commons.math.linear.CholeskyDecompositionImpl:<init>:139, 0.0
org.apache.commons.math.linear.CholeskyDecompositionImpl:<init>:138, 0.0
org.apache.commons.math.linear.CholeskyDecompositionImpl:<init>:145, 0.0
org.apache.commons.math.linear.CholeskyDecompositionImpl:<init>:106, 0.0
org.apache.commons.math.linear.CholeskyDecompositionImpl:<init>:107, 0.0
org.apache.commons.math.linear.CholeskyDecompositionImpl:<init>:104, 0.0
org.apache.commons.math.linear.CholeskyDecompositionImpl:<init>:105, 0.0
org.apache.commons.math.linear.NotSymmetricMatrixException:<init>:40, 0.0
org.apache.commons.math.linear.NotSymmetricMatrixException:<init>:39, 0.0
org.apache.commons.math.linear.CholeskyDecompositionImpl:<init>:122, 0.0
org.apache.commons.math.ode.AbstractIntegrator:sanityChecks:199, 0.0
org.apache.commons.math.ode.IntegratorException:<init>:40, 0.0
org.apache.commons.math.ode.IntegratorException:<init>:41, 0.0
org.apache.commons.math.ode.nonstiff.EmbeddedRungeKuttaIntegrator:integrate:251, 0.0
org.apache.commons.math.ode.nonstiff.EmbeddedRungeKuttaIntegrator:<init>:169, 0.0
org.apache.commons.math.ode.nonstiff.EmbeddedRungeKuttaIntegrator:<init>:154, 0.0
org.apache.commons.math.ode.nonstiff.EmbeddedRungeKuttaIntegrator:<init>:156, 0.0
org.apache.commons.math.ode.nonstiff.EmbeddedRungeKuttaIntegrator:<init>:157, 0.0
org.apache.commons.math.ode.nonstiff.EmbeddedRungeKuttaIntegrator:<init>:158, 0.0
org.apache.commons.math.ode.nonstiff.EmbeddedRungeKuttaIntegrator:<init>:159, 0.0
org.apache.commons.math.ode.nonstiff.EmbeddedRungeKuttaIntegrator:<init>:162, 0.0
org.apache.commons.math.ode.nonstiff.EmbeddedRungeKuttaIntegrator:<init>:160, 0.0
org.apache.commons.math.ode.nonstiff.EmbeddedRungeKuttaIntegrator:<init>:167, 0.0
org.apache.commons.math.ode.nonstiff.EmbeddedRungeKuttaIntegrator:<init>:166, 0.0
org.apache.commons.math.ode.nonstiff.EmbeddedRungeKuttaIntegrator:<init>:165, 0.0
org.apache.commons.math.ode.MultistepIntegrator:<init>:171, 0.0
org.apache.commons.math.ode.MultistepIntegrator:<init>:169, 0.0
org.apache.commons.math.ode.MultistepIntegrator:<init>:168, 0.0
org.apache.commons.math.ode.MultistepIntegrator:<init>:158, 0.0
org.apache.commons.math.ode.MultistepIntegrator:<init>:159, 0.0
org.apache.commons.math.ode.MultistepIntegrator:<init>:162, 0.0
org.apache.commons.math.ode.MultistepIntegrator:<init>:167, 0.0
org.apache.commons.math.ode.MultistepIntegrator:<init>:164, 0.0
org.apache.commons.math.ode.nonstiff.EmbeddedRungeKuttaIntegrator:integrate:252, 0.0
org.apache.commons.math.ode.nonstiff.DormandPrince853Integrator:<init>:236, 0.0
org.apache.commons.math.ode.nonstiff.DormandPrince853Integrator:<init>:233, 0.0
org.apache.commons.math.ode.nonstiff.AdaptiveStepsizeIntegrator:<init>:136, 0.0
org.apache.commons.math.ode.nonstiff.AdaptiveStepsizeIntegrator:<init>:127, 0.0
org.apache.commons.math.ode.nonstiff.AdaptiveStepsizeIntegrator:<init>:129, 0.0
org.apache.commons.math.ode.nonstiff.AdaptiveStepsizeIntegrator:<init>:126, 0.0
org.apache.commons.math.ode.nonstiff.AdaptiveStepsizeIntegrator:<init>:125, 0.0
org.apache.commons.math.ode.nonstiff.AdaptiveStepsizeIntegrator:<init>:131, 0.0
org.apache.commons.math.ode.nonstiff.AdaptiveStepsizeIntegrator:<init>:130, 0.0
org.apache.commons.math.ode.nonstiff.AdaptiveStepsizeIntegrator:<init>:123, 0.0
org.apache.commons.math.ode.nonstiff.AdaptiveStepsizeIntegrator:<init>:132, 0.0
org.apache.commons.math.ode.nonstiff.AdaptiveStepsizeIntegrator:<init>:134, 0.0
org.apache.commons.math.ode.nonstiff.AdamsBashforthIntegrator:<init>:179, 0.0
org.apache.commons.math.ode.nonstiff.AdamsBashforthIntegrator:<init>:181, 0.0
org.apache.commons.math.ode.nonstiff.AdaptiveStepsizeIntegrator:filterStep:282, 0.0
org.apache.commons.math.ode.nonstiff.AdamsIntegrator:<init>:78, 0.0
org.apache.commons.math.ode.nonstiff.AdamsIntegrator:<init>:81, 0.0
org.apache.commons.math.ode.nonstiff.AdamsIntegrator:<init>:80, 0.0
org.apache.commons.math.ode.nonstiff.AdaptiveStepsizeIntegrator:filterStep:285, 0.0
org.apache.commons.math.ode.nonstiff.AdaptiveStepsizeIntegrator:initializeStep:255, 0.0
org.apache.commons.math.ode.nonstiff.EmbeddedRungeKuttaIntegrator:integrate:316, 0.0
org.apache.commons.math.ode.nonstiff.EmbeddedRungeKuttaIntegrator:integrate:320, 0.0
org.apache.commons.math.ode.nonstiff.EmbeddedRungeKuttaIntegrator:integrate:319, 0.0
org.apache.commons.math.ode.nonstiff.AdamsMoultonIntegrator:<init>:196, 0.0
org.apache.commons.math.ode.nonstiff.AdamsMoultonIntegrator:<init>:198, 0.0
org.apache.commons.math.ode.nonstiff.RungeKuttaIntegrator:<init>:87, 0.0
org.apache.commons.math.ode.nonstiff.RungeKuttaIntegrator:<init>:86, 0.0
org.apache.commons.math.ode.nonstiff.RungeKuttaIntegrator:<init>:92, 0.0
org.apache.commons.math.ode.nonstiff.RungeKuttaIntegrator:<init>:89, 0.0
org.apache.commons.math.ode.nonstiff.RungeKuttaIntegrator:<init>:88, 0.0
org.apache.commons.math.ode.nonstiff.RungeKuttaIntegrator:<init>:91, 0.0
org.apache.commons.math.ode.nonstiff.RungeKuttaIntegrator:<init>:90, 0.0
org.apache.commons.math.ode.nonstiff.ClassicalRungeKuttaStepInterpolator:<init>:64, 0.0
org.apache.commons.math.ode.nonstiff.ClassicalRungeKuttaStepInterpolator:<init>:65, 0.0
org.apache.commons.math.ode.nonstiff.RungeKuttaIntegrator:integrate:102, 0.0
org.apache.commons.math.ode.nonstiff.RungeKuttaIntegrator:integrate:103, 0.0
org.apache.commons.math.ode.nonstiff.RungeKuttaIntegrator:integrate:100, 0.0
org.apache.commons.math.ode.nonstiff.RungeKuttaIntegrator:integrate:101, 0.0
org.apache.commons.math.ode.AbstractIntegrator:sanityChecks:206, 0.0
org.apache.commons.math.ode.AbstractIntegrator:sanityChecks:213, 0.0
org.apache.commons.math.ode.nonstiff.ClassicalRungeKuttaIntegrator:<init>:71, 0.0
org.apache.commons.math.ode.nonstiff.ClassicalRungeKuttaIntegrator:<init>:73, 0.0
org.apache.commons.math.ode.nonstiff.DormandPrince54StepInterpolator:<init>:102, 0.0
org.apache.commons.math.ode.nonstiff.DormandPrince54StepInterpolator:<init>:103, 0.0
org.apache.commons.math.ode.nonstiff.DormandPrince54StepInterpolator:<init>:108, 0.0
org.apache.commons.math.ode.nonstiff.DormandPrince54StepInterpolator:<init>:106, 0.0
org.apache.commons.math.ode.nonstiff.DormandPrince54StepInterpolator:<init>:107, 0.0
org.apache.commons.math.ode.nonstiff.DormandPrince54StepInterpolator:<init>:104, 0.0
org.apache.commons.math.ode.nonstiff.DormandPrince54StepInterpolator:<init>:105, 0.0
org.apache.commons.math.ode.nonstiff.DormandPrince54Integrator:<init>:106, 0.0
org.apache.commons.math.ode.nonstiff.DormandPrince54Integrator:<init>:104, 0.0
org.apache.commons.math.ode.nonstiff.DormandPrince54Integrator:getOrder:127, 0.0
org.apache.commons.math.ode.nonstiff.DormandPrince54Integrator:estimateError:152, 0.0
org.apache.commons.math.ode.nonstiff.DormandPrince54StepInterpolator:storeTime:163, 0.0
org.apache.commons.math.ode.nonstiff.DormandPrince54StepInterpolator:storeTime:162, 0.0
org.apache.commons.math.ode.nonstiff.DormandPrince54StepInterpolator:storeTime:161, 0.0
org.apache.commons.math.ode.nonstiff.DormandPrince54Integrator:<init>:122, 0.0
org.apache.commons.math.ode.nonstiff.DormandPrince54Integrator:<init>:120, 0.0
org.apache.commons.math.ode.nonstiff.DormandPrince54Integrator:estimateError:144, 0.0
org.apache.commons.math.ode.nonstiff.DormandPrince54Integrator:estimateError:138, 0.0
org.apache.commons.math.ode.nonstiff.DormandPrince54Integrator:estimateError:147, 0.0
org.apache.commons.math.ode.nonstiff.DormandPrince54Integrator:estimateError:148, 0.0
org.apache.commons.math.ode.nonstiff.DormandPrince54StepInterpolator:<init>:137, 0.0
org.apache.commons.math.ode.nonstiff.DormandPrince54StepInterpolator:doCopy:142, 0.0
org.apache.commons.math.ode.nonstiff.DormandPrince54StepInterpolator:<init>:119, 0.0
org.apache.commons.math.ode.nonstiff.DormandPrince54StepInterpolator:<init>:117, 0.0
org.apache.commons.math.ode.nonstiff.DormandPrince54StepInterpolator:reinitialize:152, 0.0
org.apache.commons.math.ode.nonstiff.DormandPrince54StepInterpolator:reinitialize:153, 0.0
org.apache.commons.math.ode.nonstiff.DormandPrince54StepInterpolator:reinitialize:154, 0.0
org.apache.commons.math.ode.nonstiff.DormandPrince54StepInterpolator:reinitialize:155, 0.0
org.apache.commons.math.ode.nonstiff.DormandPrince54StepInterpolator:reinitialize:156, 0.0
org.apache.commons.math.ode.nonstiff.DormandPrince54StepInterpolator:reinitialize:150, 0.0
org.apache.commons.math.ode.nonstiff.DormandPrince54StepInterpolator:reinitialize:151, 0.0
org.apache.commons.math.ode.nonstiff.DormandPrince54Integrator:estimateError:139, 0.0
org.apache.commons.math.ode.nonstiff.DormandPrince54Integrator:estimateError:143, 0.0
org.apache.commons.math.ode.nonstiff.DormandPrince54StepInterpolator:<init>:125, 0.0
org.apache.commons.math.ode.nonstiff.DormandPrince54StepInterpolator:<init>:124, 0.0
org.apache.commons.math.ode.nonstiff.DormandPrince54StepInterpolator:<init>:123, 0.0
org.apache.commons.math.ode.nonstiff.DormandPrince54StepInterpolator:<init>:122, 0.0
org.apache.commons.math.ode.nonstiff.DormandPrince54StepInterpolator:<init>:121, 0.0
org.apache.commons.math.ode.nonstiff.DormandPrince54Integrator:estimateError:136, 0.0
org.apache.commons.math.ode.nonstiff.EulerIntegrator:<init>:69, 0.0
org.apache.commons.math.ode.nonstiff.EulerIntegrator:<init>:70, 0.0
org.apache.commons.math.ode.nonstiff.EulerStepInterpolator:<init>:59, 0.0
org.apache.commons.math.ode.nonstiff.EulerStepInterpolator:<init>:60, 0.0
org.apache.commons.math.ode.nonstiff.GillStepInterpolator:<init>:70, 0.0
org.apache.commons.math.ode.nonstiff.GillStepInterpolator:<init>:71, 0.0
org.apache.commons.math.ode.nonstiff.GillIntegrator:<init>:69, 0.0
org.apache.commons.math.ode.nonstiff.GillIntegrator:<init>:70, 0.0
org.apache.commons.math.ode.nonstiff.GraggBulirschStoerIntegrator:setStabilityCheck:228, 0.0
org.apache.commons.math.ode.nonstiff.GraggBulirschStoerIntegrator:setStabilityCheck:226, 0.0
org.apache.commons.math.ode.nonstiff.GraggBulirschStoerIntegrator:initializeArrays:376, 0.0
org.apache.commons.math.ode.nonstiff.GraggBulirschStoerIntegrator:setStepsizeControl:276, 0.0
org.apache.commons.math.ode.nonstiff.GraggBulirschStoerIntegrator:setStepsizeControl:264, 0.0
org.apache.commons.math.ode.nonstiff.GraggBulirschStoerIntegrator:<init>:172, 0.0
org.apache.commons.math.ode.nonstiff.GraggBulirschStoerIntegrator:initializeArrays:383, 0.0
org.apache.commons.math.ode.nonstiff.GraggBulirschStoerIntegrator:setStepsizeControl:270, 0.0
org.apache.commons.math.ode.nonstiff.GraggBulirschStoerIntegrator:setOrderControl:316, 0.0
org.apache.commons.math.ode.nonstiff.GraggBulirschStoerIntegrator:initializeArrays:398, 0.0
org.apache.commons.math.ode.nonstiff.GraggBulirschStoerIntegrator:<init>:170, 0.0
org.apache.commons.math.ode.nonstiff.GraggBulirschStoerIntegrator:initializeArrays:397, 0.0
org.apache.commons.math.ode.nonstiff.GraggBulirschStoerIntegrator:initializeArrays:391, 0.0
org.apache.commons.math.ode.nonstiff.GraggBulirschStoerIntegrator:setInterpolationControl:422, 0.0
org.apache.commons.math.ode.nonstiff.GraggBulirschStoerIntegrator:setOrderControl:325, 0.0
org.apache.commons.math.ode.nonstiff.GraggBulirschStoerIntegrator:setOrderControl:334, 0.0
org.apache.commons.math.ode.nonstiff.GraggBulirschStoerIntegrator:setOrderControl:332, 0.0
org.apache.commons.math.ode.nonstiff.GraggBulirschStoerIntegrator:initializeArrays:365, 0.0
org.apache.commons.math.ode.nonstiff.GraggBulirschStoerIntegrator:initializeArrays:367, 0.0
org.apache.commons.math.ode.nonstiff.GraggBulirschStoerIntegrator:setStabilityCheck:225, 0.0
org.apache.commons.math.ode.nonstiff.GraggBulirschStoerIntegrator:<init>:176, 0.0
org.apache.commons.math.ode.nonstiff.GraggBulirschStoerIntegrator:<init>:177, 0.0
org.apache.commons.math.ode.nonstiff.GraggBulirschStoerIntegrator:<init>:175, 0.0
org.apache.commons.math.ode.nonstiff.GraggBulirschStoerIntegrator:<init>:174, 0.0
org.apache.commons.math.ode.nonstiff.GraggBulirschStoerIntegrator:<init>:173, 0.0
org.apache.commons.math.ode.nonstiff.GraggBulirschStoerIntegrator:setOrderControl:319, 0.0
org.apache.commons.math.ode.nonstiff.GraggBulirschStoerIntegrator:initializeArrays:396, 0.0
org.apache.commons.math.ode.nonstiff.GraggBulirschStoerIntegrator:setStepsizeControl:282, 0.0
org.apache.commons.math.ode.nonstiff.GraggBulirschStoerIntegrator:initializeArrays:390, 0.0
org.apache.commons.math.ode.nonstiff.GraggBulirschStoerIntegrator:setStabilityCheck:229, 0.0
org.apache.commons.math.ode.nonstiff.GraggBulirschStoerIntegrator:setStepsizeControl:263, 0.0
org.apache.commons.math.ode.nonstiff.GraggBulirschStoerIntegrator:setStabilityCheck:224, 0.0
org.apache.commons.math.ode.nonstiff.GraggBulirschStoerIntegrator:initializeArrays:384, 0.0
org.apache.commons.math.ode.nonstiff.GraggBulirschStoerIntegrator:setStepsizeControl:269, 0.0
org.apache.commons.math.ode.nonstiff.GraggBulirschStoerIntegrator:setOrderControl:315, 0.0
org.apache.commons.math.ode.nonstiff.GraggBulirschStoerIntegrator:setStepsizeControl:275, 0.0
org.apache.commons.math.ode.nonstiff.GraggBulirschStoerIntegrator:setInterpolationControl:427, 0.0
org.apache.commons.math.ode.nonstiff.GraggBulirschStoerIntegrator:setOrderControl:326, 0.0
org.apache.commons.math.ode.nonstiff.GraggBulirschStoerIntegrator:setInterpolationControl:419, 0.0
org.apache.commons.math.ode.nonstiff.GraggBulirschStoerIntegrator:setInterpolationControl:421, 0.0
org.apache.commons.math.ode.nonstiff.GraggBulirschStoerIntegrator:initializeArrays:392, 0.0
org.apache.commons.math.ode.nonstiff.GraggBulirschStoerIntegrator:initializeArrays:373, 0.0
org.apache.commons.math.ode.nonstiff.GraggBulirschStoerIntegrator:initializeArrays:372, 0.0
org.apache.commons.math.ode.nonstiff.GraggBulirschStoerIntegrator:initializeArrays:369, 0.0
org.apache.commons.math.ode.nonstiff.GraggBulirschStoerIntegrator:initializeArrays:371, 0.0
org.apache.commons.math.ode.nonstiff.GraggBulirschStoerIntegrator:initializeArrays:370, 0.0
org.apache.commons.math.ode.nonstiff.GraggBulirschStoerIntegrator:integrate:563, 0.0
org.apache.commons.math.ode.nonstiff.GraggBulirschStoerIntegrator:integrate:562, 0.0
org.apache.commons.math.ode.nonstiff.GraggBulirschStoerIntegrator:integrate:561, 0.0
org.apache.commons.math.ode.nonstiff.GraggBulirschStoerIntegrator:integrate:560, 0.0
org.apache.commons.math.ode.nonstiff.GraggBulirschStoerIntegrator:setStepsizeControl:287, 0.0
org.apache.commons.math.ode.nonstiff.GraggBulirschStoerIntegrator:setOrderControl:320, 0.0
org.apache.commons.math.ode.nonstiff.GraggBulirschStoerIntegrator:setStabilityCheck:234, 0.0
org.apache.commons.math.ode.nonstiff.GraggBulirschStoerIntegrator:initializeArrays:404, 0.0
org.apache.commons.math.ode.nonstiff.GraggBulirschStoerIntegrator:initializeArrays:400, 0.0
org.apache.commons.math.ode.nonstiff.GraggBulirschStoerIntegrator:initializeArrays:399, 0.0
org.apache.commons.math.ode.nonstiff.GraggBulirschStoerIntegrator:setStepsizeControl:281, 0.0
org.apache.commons.math.ode.nonstiff.GraggBulirschStoerIntegrator:tryStep:502, 0.0
org.apache.commons.math.ode.nonstiff.GraggBulirschStoerIntegrator:tryStep:503, 0.0
org.apache.commons.math.ode.nonstiff.GraggBulirschStoerIntegrator:rescale:435, 0.0
org.apache.commons.math.ode.nonstiff.GraggBulirschStoerIntegrator:extrapolate:539, 0.0
org.apache.commons.math.ode.nonstiff.GraggBulirschStoerIntegrator:integrate:601, 0.0
org.apache.commons.math.ode.nonstiff.GraggBulirschStoerIntegrator:integrate:646, 0.0
org.apache.commons.math.ode.nonstiff.GraggBulirschStoerIntegrator:integrate:648, 0.0
org.apache.commons.math.ode.nonstiff.GraggBulirschStoerIntegrator:integrate:716, 0.0
org.apache.commons.math.ode.nonstiff.GraggBulirschStoerIntegrator:integrate:718, 0.0
org.apache.commons.math.ode.nonstiff.GraggBulirschStoerIntegrator:tryStep:501, 0.0
org.apache.commons.math.ode.nonstiff.GraggBulirschStoerIntegrator:integrate:681, 0.0
org.apache.commons.math.ode.nonstiff.GraggBulirschStoerIntegrator:integrate:600, 0.0
org.apache.commons.math.ode.nonstiff.GraggBulirschStoerIntegrator:integrate:599, 0.0
org.apache.commons.math.ode.nonstiff.GraggBulirschStoerIntegrator:integrate:653, 0.0
org.apache.commons.math.ode.nonstiff.GraggBulirschStoerIntegrator:integrate:650, 0.0
org.apache.commons.math.ode.nonstiff.GraggBulirschStoerIntegrator:addStepHandler:341, 0.0
org.apache.commons.math.ode.nonstiff.GraggBulirschStoerIntegrator:addStepHandler:346, 0.0
org.apache.commons.math.ode.nonstiff.GraggBulirschStoerIntegrator:addStepHandler:344, 0.0
org.apache.commons.math.ode.nonstiff.GraggBulirschStoerIntegrator:integrate:685, 0.0
org.apache.commons.math.ode.nonstiff.GraggBulirschStoerIntegrator:integrate:684, 0.0
org.apache.commons.math.ode.nonstiff.GraggBulirschStoerIntegrator:integrate:654, 0.0
org.apache.commons.math.ode.nonstiff.GraggBulirschStoerIntegrator:tryStep:498, 0.0
org.apache.commons.math.ode.nonstiff.GraggBulirschStoerIntegrator:integrate:602, 0.0
org.apache.commons.math.ode.nonstiff.GraggBulirschStoerIntegrator:<init>:197, 0.0
org.apache.commons.math.ode.nonstiff.GraggBulirschStoerIntegrator:<init>:196, 0.0
org.apache.commons.math.ode.nonstiff.GraggBulirschStoerIntegrator:<init>:199, 0.0
org.apache.commons.math.ode.nonstiff.GraggBulirschStoerIntegrator:<init>:198, 0.0
org.apache.commons.math.ode.nonstiff.GraggBulirschStoerIntegrator:<init>:200, 0.0
org.apache.commons.math.ode.nonstiff.GraggBulirschStoerIntegrator:<init>:195, 0.0
org.apache.commons.math.ode.nonstiff.GraggBulirschStoerIntegrator:integrate:657, 0.0
org.apache.commons.math.ode.nonstiff.GraggBulirschStoerIntegrator:integrate:720, 0.0
org.apache.commons.math.ode.nonstiff.GraggBulirschStoerIntegrator:integrate:721, 0.0
org.apache.commons.math.ode.nonstiff.GraggBulirschStoerIntegrator:integrate:722, 0.0
org.apache.commons.math.ode.nonstiff.GraggBulirschStoerStepInterpolator:resetTables:221, 0.0
org.apache.commons.math.ode.nonstiff.GraggBulirschStoerIntegrator:tryStep:493, 0.0
org.apache.commons.math.ode.nonstiff.GraggBulirschStoerIntegrator:tryStep:492, 0.0
org.apache.commons.math.ode.nonstiff.GraggBulirschStoerIntegrator:tryStep:495, 0.0
org.apache.commons.math.ode.nonstiff.GraggBulirschStoerIntegrator:tryStep:494, 0.0
org.apache.commons.math.ode.nonstiff.GraggBulirschStoerIntegrator:integrate:592, 0.0
org.apache.commons.math.ode.nonstiff.GraggBulirschStoerIntegrator:rescale:446, 0.0
org.apache.commons.math.ode.nonstiff.GraggBulirschStoerIntegrator:tryStep:520, 0.0
org.apache.commons.math.ode.nonstiff.GraggBulirschStoerIntegrator:extrapolate:550, 0.0
org.apache.commons.math.ode.nonstiff.GraggBulirschStoerIntegrator:extrapolate:548, 0.0
org.apache.commons.math.ode.nonstiff.GraggBulirschStoerIntegrator:integrate:703, 0.0
org.apache.commons.math.ode.nonstiff.GraggBulirschStoerIntegrator:integrate:639, 0.0
org.apache.commons.math.ode.nonstiff.GraggBulirschStoerStepInterpolator:resetTables:187, 0.0
org.apache.commons.math.ode.nonstiff.GraggBulirschStoerStepInterpolator:resetTables:225, 0.0
org.apache.commons.math.ode.nonstiff.GraggBulirschStoerIntegrator:integrate:579, 0.0
org.apache.commons.math.ode.nonstiff.GraggBulirschStoerIntegrator:integrate:680, 0.0
org.apache.commons.math.ode.nonstiff.GraggBulirschStoerIntegrator:rescale:441, 0.0
org.apache.commons.math.ode.nonstiff.GraggBulirschStoerIntegrator:rescale:442, 0.0
org.apache.commons.math.ode.nonstiff.GraggBulirschStoerIntegrator:rescale:443, 0.0
org.apache.commons.math.ode.nonstiff.GraggBulirschStoerIntegrator:extrapolate:552, 0.0
org.apache.commons.math.ode.nonstiff.GraggBulirschStoerIntegrator:tryStep:491, 0.0
org.apache.commons.math.ode.nonstiff.GraggBulirschStoerIntegrator:integrate:712, 0.0
org.apache.commons.math.ode.nonstiff.GraggBulirschStoerIntegrator:integrate:707, 0.0
org.apache.commons.math.ode.nonstiff.GraggBulirschStoerIntegrator:integrate:708, 0.0
org.apache.commons.math.ode.nonstiff.GraggBulirschStoerIntegrator:integrate:711, 0.0
org.apache.commons.math.ode.nonstiff.GraggBulirschStoerIntegrator:integrate:640, 0.0
org.apache.commons.math.ode.nonstiff.GraggBulirschStoerStepInterpolator:<init>:137, 0.0
org.apache.commons.math.ode.nonstiff.GraggBulirschStoerStepInterpolator:<init>:136, 0.0
org.apache.commons.math.ode.nonstiff.GraggBulirschStoerStepInterpolator:<init>:139, 0.0
org.apache.commons.math.ode.nonstiff.GraggBulirschStoerStepInterpolator:<init>:138, 0.0
org.apache.commons.math.ode.nonstiff.GraggBulirschStoerStepInterpolator:<init>:141, 0.0
org.apache.commons.math.ode.nonstiff.GraggBulirschStoerStepInterpolator:<init>:143, 0.0
org.apache.commons.math.ode.nonstiff.GraggBulirschStoerStepInterpolator:<init>:135, 0.0
org.apache.commons.math.ode.nonstiff.GraggBulirschStoerIntegrator:integrate:597, 0.0
org.apache.commons.math.ode.nonstiff.GraggBulirschStoerIntegrator:integrate:596, 0.0
org.apache.commons.math.ode.nonstiff.GraggBulirschStoerIntegrator:integrate:598, 0.0
org.apache.commons.math.ode.nonstiff.GraggBulirschStoerStepInterpolator:resetTables:215, 0.0
org.apache.commons.math.ode.nonstiff.GraggBulirschStoerStepInterpolator:resetTables:216, 0.0
org.apache.commons.math.ode.nonstiff.GraggBulirschStoerIntegrator:tryStep:488, 0.0
org.apache.commons.math.ode.nonstiff.GraggBulirschStoerIntegrator:tryStep:521, 0.0
org.apache.commons.math.ode.nonstiff.GraggBulirschStoerIntegrator:integrate:642, 0.0
org.apache.commons.math.ode.nonstiff.GraggBulirschStoerStepInterpolator:resetTables:193, 0.0
org.apache.commons.math.ode.nonstiff.GraggBulirschStoerStepInterpolator:resetTables:194, 0.0
org.apache.commons.math.ode.nonstiff.GraggBulirschStoerStepInterpolator:resetTables:211, 0.0
org.apache.commons.math.ode.nonstiff.GraggBulirschStoerIntegrator:integrate:593, 0.0
org.apache.commons.math.ode.nonstiff.GraggBulirschStoerIntegrator:tryStep:486, 0.0
org.apache.commons.math.ode.nonstiff.GraggBulirschStoerIntegrator:integrate:713, 0.0
org.apache.commons.math.ode.nonstiff.GraggBulirschStoerIntegrator:integrate:714, 0.0
org.apache.commons.math.ode.nonstiff.GraggBulirschStoerIntegrator:integrate:643, 0.0
org.apache.commons.math.ode.nonstiff.GraggBulirschStoerIntegrator:tryStep:524, 0.0
org.apache.commons.math.ode.nonstiff.GraggBulirschStoerIntegrator:<init>:193, 0.0
org.apache.commons.math.ode.nonstiff.GraggBulirschStoerIntegrator:integrate:623, 0.0
org.apache.commons.math.ode.nonstiff.GraggBulirschStoerIntegrator:integrate:690, 0.0
org.apache.commons.math.ode.nonstiff.GraggBulirschStoerIntegrator:tryStep:484, 0.0
org.apache.commons.math.ode.nonstiff.GraggBulirschStoerIntegrator:tryStep:508, 0.0
org.apache.commons.math.ode.nonstiff.GraggBulirschStoerIntegrator:tryStep:509, 0.0
org.apache.commons.math.ode.nonstiff.GraggBulirschStoerIntegrator:tryStep:510, 0.0
org.apache.commons.math.ode.nonstiff.GraggBulirschStoerIntegrator:integrate:586, 0.0
org.apache.commons.math.ode.nonstiff.GraggBulirschStoerIntegrator:initializeArrays:378, 0.0
org.apache.commons.math.ode.nonstiff.GraggBulirschStoerIntegrator:tryStep:481, 0.0
org.apache.commons.math.ode.nonstiff.GraggBulirschStoerIntegrator:integrate:676, 0.0
org.apache.commons.math.ode.nonstiff.GraggBulirschStoerIntegrator:tryStep:512, 0.0
org.apache.commons.math.ode.nonstiff.GraggBulirschStoerStepInterpolator:resetTables:210, 0.0
org.apache.commons.math.ode.nonstiff.GraggBulirschStoerIntegrator:integrate:587, 0.0
org.apache.commons.math.ode.nonstiff.GraggBulirschStoerIntegrator:integrate:631, 0.0
org.apache.commons.math.ode.nonstiff.GraggBulirschStoerIntegrator:integrate:629, 0.0
org.apache.commons.math.ode.nonstiff.GraggBulirschStoerIntegrator:integrate:635, 0.0
org.apache.commons.math.ode.nonstiff.GraggBulirschStoerIntegrator:integrate:634, 0.0
org.apache.commons.math.ode.nonstiff.GraggBulirschStoerIntegrator:integrate:633, 0.0
org.apache.commons.math.ode.nonstiff.GraggBulirschStoerIntegrator:integrate:632, 0.0
org.apache.commons.math.ode.nonstiff.GraggBulirschStoerIntegrator:integrate:638, 0.0
org.apache.commons.math.ode.nonstiff.GraggBulirschStoerIntegrator:integrate:637, 0.0
org.apache.commons.math.ode.nonstiff.GraggBulirschStoerIntegrator:integrate:636, 0.0
org.apache.commons.math.ode.nonstiff.GraggBulirschStoerIntegrator:tryStep:478, 0.0
org.apache.commons.math.ode.nonstiff.GraggBulirschStoerIntegrator:tryStep:479, 0.0
org.apache.commons.math.ode.nonstiff.GraggBulirschStoerIntegrator:tryStep:477, 0.0
org.apache.commons.math.ode.nonstiff.GraggBulirschStoerIntegrator:initializeArrays:379, 0.0
org.apache.commons.math.ode.nonstiff.GraggBulirschStoerIntegrator:integrate:584, 0.0
org.apache.commons.math.ode.nonstiff.GraggBulirschStoerIntegrator:integrate:581, 0.0
org.apache.commons.math.ode.nonstiff.GraggBulirschStoerStepInterpolator:resetTables:212, 0.0
org.apache.commons.math.ode.nonstiff.GraggBulirschStoerStepInterpolator:resetTables:213, 0.0
org.apache.commons.math.ode.nonstiff.GraggBulirschStoerStepInterpolator:resetTables:214, 0.0
org.apache.commons.math.ode.nonstiff.GraggBulirschStoerIntegrator:tryStep:471, 0.0
org.apache.commons.math.ode.nonstiff.GraggBulirschStoerIntegrator:tryStep:476, 0.0
org.apache.commons.math.ode.nonstiff.GraggBulirschStoerIntegrator:tryStep:472, 0.0
org.apache.commons.math.ode.nonstiff.GraggBulirschStoerIntegrator:tryStep:473, 0.0
org.apache.commons.math.ode.nonstiff.GraggBulirschStoerIntegrator:integrate:663, 0.0
org.apache.commons.math.ode.nonstiff.GraggBulirschStoerIntegrator:integrate:659, 0.0
org.apache.commons.math.ode.nonstiff.GraggBulirschStoerIntegrator:integrate:575, 0.0
org.apache.commons.math.ode.nonstiff.GraggBulirschStoerIntegrator:integrate:574, 0.0
org.apache.commons.math.ode.nonstiff.GraggBulirschStoerIntegrator:integrate:573, 0.0
org.apache.commons.math.ode.nonstiff.GraggBulirschStoerIntegrator:integrate:610, 0.0
org.apache.commons.math.ode.nonstiff.GraggBulirschStoerIntegrator:integrate:611, 0.0
org.apache.commons.math.ode.nonstiff.GraggBulirschStoerIntegrator:integrate:614, 0.0
org.apache.commons.math.ode.nonstiff.GraggBulirschStoerIntegrator:integrate:687, 0.0
org.apache.commons.math.ode.nonstiff.GraggBulirschStoerStepInterpolator:resetTables:201, 0.0
org.apache.commons.math.ode.nonstiff.GraggBulirschStoerStepInterpolator:resetTables:200, 0.0
org.apache.commons.math.ode.nonstiff.GraggBulirschStoerIntegrator:integrate:664, 0.0
org.apache.commons.math.ode.nonstiff.GraggBulirschStoerIntegrator:tryStep:504, 0.0
org.apache.commons.math.ode.nonstiff.GraggBulirschStoerIntegrator:tryStep:505, 0.0
org.apache.commons.math.ode.nonstiff.GraggBulirschStoerIntegrator:integrate:578, 0.0
org.apache.commons.math.ode.nonstiff.GraggBulirschStoerIntegrator:integrate:616, 0.0
org.apache.commons.math.ode.nonstiff.GraggBulirschStoerIntegrator:integrate:617, 0.0
org.apache.commons.math.ode.nonstiff.GraggBulirschStoerIntegrator:integrate:622, 0.0
org.apache.commons.math.ode.nonstiff.GraggBulirschStoerIntegrator:integrate:621, 0.0
org.apache.commons.math.ode.nonstiff.GraggBulirschStoerIntegrator:integrate:567, 0.0
org.apache.commons.math.ode.nonstiff.GraggBulirschStoerIntegrator:integrate:566, 0.0
org.apache.commons.math.ode.nonstiff.GraggBulirschStoerIntegrator:integrate:572, 0.0
org.apache.commons.math.ode.nonstiff.GraggBulirschStoerIntegrator:integrate:571, 0.0
org.apache.commons.math.ode.nonstiff.GraggBulirschStoerIntegrator:integrate:569, 0.0
org.apache.commons.math.ode.nonstiff.GraggBulirschStoerIntegrator:integrate:568, 0.0
org.apache.commons.math.ode.nonstiff.GraggBulirschStoerIntegrator:integrate:669, 0.0
org.apache.commons.math.ode.nonstiff.GraggBulirschStoerIntegrator:tryStep:507, 0.0
org.apache.commons.math.ode.nonstiff.GraggBulirschStoerIntegrator:addStepHandler:340, 0.0
org.apache.commons.math.ode.nonstiff.GraggBulirschStoerStepInterpolator:resetTables:204, 0.0
org.apache.commons.math.ode.nonstiff.GraggBulirschStoerStepInterpolator:resetTables:207, 0.0
org.apache.commons.math.ode.nonstiff.GraggBulirschStoerIntegrator:integrate:673, 0.0
org.apache.commons.math.ode.nonstiff.HighamHall54Integrator:<init>:93, 0.0
org.apache.commons.math.ode.nonstiff.HighamHall54Integrator:<init>:95, 0.0
org.apache.commons.math.ode.nonstiff.AdaptiveStepsizeIntegrator:sanityChecks:174, 0.0
org.apache.commons.math.ode.nonstiff.AdaptiveStepsizeIntegrator:sanityChecks:181, 0.0
org.apache.commons.math.ode.nonstiff.MidpointStepInterpolator:<init>:62, 0.0
org.apache.commons.math.ode.nonstiff.MidpointStepInterpolator:<init>:61, 0.0
org.apache.commons.math.ode.nonstiff.MidpointIntegrator:<init>:65, 0.0
org.apache.commons.math.ode.nonstiff.MidpointIntegrator:<init>:66, 0.0
org.apache.commons.math.ode.nonstiff.ThreeEighthesIntegrator:<init>:69, 0.0
org.apache.commons.math.ode.nonstiff.ThreeEighthesIntegrator:<init>:70, 0.0
org.apache.commons.math.ode.nonstiff.ThreeEighthesStepInterpolator:<init>:66, 0.0
org.apache.commons.math.ode.nonstiff.ThreeEighthesStepInterpolator:<init>:67, 0.0
org.apache.commons.math.optimization.MultiStartDifferentiableMultivariateVectorialOptimizer:optimize:186, 0.0
org.apache.commons.math.optimization.MultiStartDifferentiableMultivariateVectorialOptimizer:optimize:199, 0.0
org.apache.commons.math.optimization.MultiStartDifferentiableMultivariateVectorialOptimizer:optimize:201, 0.0
org.apache.commons.math.optimization.MultiStartDifferentiableMultivariateVectorialOptimizer:optimize:200, 0.0
org.apache.commons.math.optimization.SimpleVectorialValueChecker:<init>:68, 0.0
org.apache.commons.math.optimization.SimpleVectorialValueChecker:<init>:65, 0.0
org.apache.commons.math.optimization.SimpleVectorialValueChecker:<init>:66, 0.0
org.apache.commons.math.optimization.SimpleVectorialValueChecker:<init>:67, 0.0
org.apache.commons.math.optimization.general.AbstractLeastSquaresOptimizer:getEvaluations:148, 0.0
org.apache.commons.math.optimization.MultiStartDifferentiableMultivariateVectorialOptimizer$1:compare:209, 0.0
org.apache.commons.math.optimization.general.AbstractLeastSquaresOptimizer:getJacobianEvaluations:153, 0.0
org.apache.commons.math.optimization.MultiStartDifferentiableMultivariateVectorialOptimizer:optimize:191, 0.0
org.apache.commons.math.optimization.MultiStartDifferentiableMultivariateVectorialOptimizer:setMaxIterations:131, 0.0
org.apache.commons.math.optimization.MultiStartDifferentiableMultivariateVectorialOptimizer:setMaxIterations:132, 0.0
org.apache.commons.math.optimization.MultiStartDifferentiableMultivariateVectorialOptimizer:setMaxEvaluations:146, 0.0
org.apache.commons.math.optimization.MultiStartDifferentiableMultivariateVectorialOptimizer:setMaxEvaluations:147, 0.0
org.apache.commons.math.optimization.MultiStartDifferentiableMultivariateVectorialOptimizer:optimize:182, 0.0
org.apache.commons.math.optimization.MultiStartDifferentiableMultivariateVectorialOptimizer:optimize:183, 0.0
org.apache.commons.math.optimization.MultiStartDifferentiableMultivariateVectorialOptimizer:optimize:180, 0.0
org.apache.commons.math.optimization.MultiStartDifferentiableMultivariateVectorialOptimizer:optimize:181, 0.0
org.apache.commons.math.optimization.MultiStartDifferentiableMultivariateVectorialOptimizer:<init>:85, 0.0
org.apache.commons.math.optimization.MultiStartDifferentiableMultivariateVectorialOptimizer:<init>:84, 0.0
org.apache.commons.math.optimization.MultiStartDifferentiableMultivariateVectorialOptimizer:<init>:87, 0.0
org.apache.commons.math.optimization.MultiStartDifferentiableMultivariateVectorialOptimizer:<init>:86, 0.0
org.apache.commons.math.optimization.MultiStartDifferentiableMultivariateVectorialOptimizer:<init>:83, 0.0
org.apache.commons.math.optimization.MultiStartDifferentiableMultivariateVectorialOptimizer:<init>:93, 0.0
org.apache.commons.math.optimization.MultiStartDifferentiableMultivariateVectorialOptimizer:<init>:92, 0.0
org.apache.commons.math.optimization.MultiStartDifferentiableMultivariateVectorialOptimizer:<init>:89, 0.0
org.apache.commons.math.optimization.MultiStartDifferentiableMultivariateVectorialOptimizer:<init>:88, 0.0
org.apache.commons.math.optimization.MultiStartDifferentiableMultivariateVectorialOptimizer:<init>:91, 0.0
org.apache.commons.math.optimization.MultiStartDifferentiableMultivariateVectorialOptimizer:<init>:90, 0.0
org.apache.commons.math.optimization.MultiStartDifferentiableMultivariateVectorialOptimizer:optimize:206, 0.0
org.apache.commons.math.optimization.MultiStartDifferentiableMultivariateVectorialOptimizer:optimize:226, 0.0
org.apache.commons.math.optimization.MultiStartDifferentiableMultivariateVectorialOptimizer$1:<init>:206, 0.0
org.apache.commons.math.optimization.MultiStartDifferentiableMultivariateVectorialOptimizer:optimize:197, 0.0
org.apache.commons.math.optimization.MultiStartDifferentiableMultivariateVectorialOptimizer:optimize:227, 0.0
org.apache.commons.math.optimization.MultiStartDifferentiableMultivariateVectorialOptimizer:optimize:193, 0.0
org.apache.commons.math.optimization.MultiStartDifferentiableMultivariateVectorialOptimizer:optimize:194, 0.0
org.apache.commons.math.optimization.MultiStartDifferentiableMultivariateVectorialOptimizer:optimize:190, 0.0
org.apache.commons.math.optimization.MultiStartDifferentiableMultivariateVectorialOptimizer:optimize:189, 0.0
org.apache.commons.math.optimization.MultiStartDifferentiableMultivariateVectorialOptimizer$1:compare:208, 0.0
org.apache.commons.math.optimization.OptimizationException:<init>:42, 0.0
org.apache.commons.math.optimization.OptimizationException:<init>:43, 0.0
org.apache.commons.math.optimization.MultiStartDifferentiableMultivariateVectorialOptimizer:setConvergenceChecker:167, 0.0
org.apache.commons.math.optimization.MultiStartDifferentiableMultivariateVectorialOptimizer:setConvergenceChecker:166, 0.0
org.apache.commons.math.optimization.general.GaussNewtonOptimizer:doOptimize:119, 0.0
org.apache.commons.math.optimization.general.GaussNewtonOptimizer:doOptimize:118, 0.0
org.apache.commons.math.optimization.SimpleVectorialValueChecker:converged:83, 0.0
org.apache.commons.math.linear.BlockRealMatrix:operate:1378, 0.0
org.apache.commons.math.linear.BlockRealMatrix:operate:1376, 0.0
org.apache.commons.math.linear.BlockRealMatrix:operate:1377, 0.0
org.apache.commons.math.linear.BlockRealMatrix:operate:1359, 0.0
org.apache.commons.math.linear.BlockRealMatrix:operate:1375, 0.0
org.apache.commons.math.linear.BlockRealMatrix:operate:1374, 0.0
org.apache.commons.math.linear.BlockRealMatrix:operate:1373, 0.0
org.apache.commons.math.linear.BlockRealMatrix:operate:1372, 0.0
org.apache.commons.math.linear.BlockRealMatrix:operate:1371, 0.0
org.apache.commons.math.linear.BlockRealMatrix:operate:1370, 0.0
org.apache.commons.math.optimization.general.AbstractLeastSquaresOptimizer:updateResidualsAndCost:213, 0.0
org.apache.commons.math.linear.BlockRealMatrix:operate:1369, 0.0
org.apache.commons.math.linear.BlockRealMatrix:operate:1368, 0.0
org.apache.commons.math.linear.BlockRealMatrix:operate:1367, 0.0
org.apache.commons.math.optimization.general.AbstractLeastSquaresOptimizer:optimize:330, 0.0
org.apache.commons.math.linear.BlockRealMatrix:operate:1364, 0.0
org.apache.commons.math.linear.BlockRealMatrix:operate:1394, 0.0
org.apache.commons.math.optimization.VectorialPointValuePair:getPoint:68, 0.0
org.apache.commons.math.linear.BlockRealMatrix:operate:1389, 0.0
org.apache.commons.math.linear.BlockRealMatrix:operate:1387, 0.0
org.apache.commons.math.linear.BlockRealMatrix:operate:1386, 0.0
org.apache.commons.math.linear.BlockRealMatrix:operate:1383, 0.0
org.apache.commons.math.linear.BlockRealMatrix:operate:1384, 0.0
org.apache.commons.math.linear.BlockRealMatrix:operate:1379, 0.0
org.apache.commons.math.optimization.general.LevenbergMarquardtOptimizer:doOptimize:430, 0.0
org.apache.commons.math.optimization.general.LevenbergMarquardtOptimizer:doOptimize:303, 0.0
org.apache.commons.math.optimization.general.LevenbergMarquardtOptimizer:qrDecomposition:789, 0.0
org.apache.commons.math.optimization.general.AbstractLeastSquaresOptimizer:getCovariances:289, 0.0
org.apache.commons.math.optimization.general.AbstractLeastSquaresOptimizer:getCovariances:291, 0.0
org.apache.commons.math.optimization.general.AbstractLeastSquaresOptimizer:getCovariances:276, 0.0
org.apache.commons.math.optimization.general.AbstractLeastSquaresOptimizer:getCovariances:292, 0.0
org.apache.commons.math.optimization.general.AbstractLeastSquaresOptimizer:getCovariances:293, 0.0
org.apache.commons.math.optimization.general.AbstractLeastSquaresOptimizer:getCovariances:277, 0.0
org.apache.commons.math.optimization.general.AbstractLeastSquaresOptimizer:getCovariances:275, 0.0
org.apache.commons.math.optimization.general.AbstractLeastSquaresOptimizer:getCovariances:272, 0.0
org.apache.commons.math.optimization.general.AbstractLeastSquaresOptimizer:getCovariances:280, 0.0
org.apache.commons.math.optimization.general.AbstractLeastSquaresOptimizer:getCovariances:279, 0.0
org.apache.commons.math.optimization.general.AbstractLeastSquaresOptimizer:getCovariances:283, 0.0
org.apache.commons.math.optimization.general.AbstractLeastSquaresOptimizer:getCovariances:282, 0.0
org.apache.commons.math.optimization.general.AbstractLeastSquaresOptimizer:getCovariances:278, 0.0
org.apache.commons.math.optimization.VectorialPointValuePair:getValue:84, 0.0
org.apache.commons.math.optimization.general.AbstractLeastSquaresOptimizer:guessParametersErrors:309, 0.0
org.apache.commons.math.optimization.general.AbstractLeastSquaresOptimizer:guessParametersErrors:310, 0.0
org.apache.commons.math.optimization.linear.SimplexTableau:createTableau:162, 0.0
org.apache.commons.math.optimization.linear.SimplexTableau:createTableau:156, 0.0
org.apache.commons.math.optimization.linear.SimplexTableau:createTableau:158, 0.0
org.apache.commons.math.optimization.linear.SimplexTableau:createTableau:159, 0.0
org.apache.commons.math.optimization.linear.SimplexSolver:solvePhase1:165, 0.0
org.apache.commons.math.optimization.linear.LinearConstraint:getCoefficients:168, 0.0
org.apache.commons.math.linear.MatrixUtils:checkRowIndex:534, 0.0
org.apache.commons.math.optimization.linear.SimplexTableau:initializeColumnLabels:133, 0.0
org.apache.commons.math.optimization.linear.SimplexTableau:initializeColumnLabels:132, 0.0
org.apache.commons.math.optimization.linear.SimplexTableau:normalizeConstraints:226, 0.0
org.apache.commons.math.optimization.linear.SimplexTableau:createTableau:174, 0.0
org.apache.commons.math.optimization.linear.SimplexTableau:<init>:123, 0.0
org.apache.commons.math.optimization.linear.SimplexTableau:<init>:122, 0.0
org.apache.commons.math.optimization.linear.SimplexTableau:<init>:121, 0.0
org.apache.commons.math.optimization.linear.SimplexSolver:getPivotRow:87, 0.0
org.apache.commons.math.optimization.linear.SimplexSolver:getPivotRow:88, 0.0
org.apache.commons.math.optimization.linear.SimplexSolver:doIteration:138, 0.0
org.apache.commons.math.linear.AbstractRealMatrix:setRowVector:485, 0.0
org.apache.commons.math.linear.AbstractRealMatrix:setRowVector:484, 0.0
org.apache.commons.math.linear.AbstractRealMatrix:setRowVector:486, 0.0
org.apache.commons.math.optimization.linear.SimplexSolver:solvePhase1:166, 0.0
org.apache.commons.math.linear.ArrayRealVector:<init>:178, 0.0
org.apache.commons.math.linear.ArrayRealVector:<init>:179, 0.0
org.apache.commons.math.optimization.linear.LinearObjectiveFunction:<init>:68, 0.0
org.apache.commons.math.optimization.linear.LinearObjectiveFunction:<init>:65, 0.0
org.apache.commons.math.optimization.linear.LinearObjectiveFunction:<init>:66, 0.0
org.apache.commons.math.optimization.linear.LinearObjectiveFunction:<init>:67, 0.0
org.apache.commons.math.optimization.linear.SimplexTableau:initializeColumnLabels:130, 0.0
org.apache.commons.math.util.MathUtils:equals:430, 0.0
org.apache.commons.math.optimization.linear.SimplexTableau:createTableau:179, 0.0
org.apache.commons.math.optimization.linear.SimplexTableau:createTableau:180, 0.0
org.apache.commons.math.optimization.linear.SimplexTableau:createTableau:181, 0.0
org.apache.commons.math.optimization.linear.SimplexSolver:doIteration:144, 0.0
org.apache.commons.math.optimization.linear.SimplexSolver:solvePhase1:160, 0.0
org.apache.commons.math.optimization.linear.LinearConstraint:getValue:184, 0.0
org.apache.commons.math.optimization.linear.SimplexTableau:getArtificialVariableOffset:475, 0.0
org.apache.commons.math.linear.MatrixUtils:checkRowIndex:530, 0.0
org.apache.commons.math.optimization.linear.SimplexTableau:createTableau:165, 0.0
org.apache.commons.math.optimization.linear.SimplexTableau:initializeColumnLabels:134, 0.0
org.apache.commons.math.optimization.linear.SimplexTableau:normalizeConstraints:223, 0.0
org.apache.commons.math.optimization.linear.SimplexTableau:divideRow:406, 0.0
org.apache.commons.math.optimization.linear.SimplexTableau:divideRow:407, 0.0
org.apache.commons.math.linear.AbstractRealMatrix:setRowVector:491, 0.0
org.apache.commons.math.optimization.linear.SimplexSolver:doIteration:139, 0.0
org.apache.commons.math.optimization.linear.LinearConstraint:<init>:102, 0.0
org.apache.commons.math.optimization.linear.LinearConstraint:<init>:103, 0.0
org.apache.commons.math.optimization.linear.LinearConstraint:<init>:100, 0.0
org.apache.commons.math.optimization.linear.LinearConstraint:<init>:101, 0.0
org.apache.commons.math.optimization.linear.LinearConstraint:<init>:99, 0.0
org.apache.commons.math.optimization.linear.SimplexSolver:getPivotRow:83, 0.0
org.apache.commons.math.optimization.linear.SimplexTableau:copyArray:348, 0.0
org.apache.commons.math.optimization.linear.SimplexTableau:copyArray:347, 0.0
org.apache.commons.math.optimization.linear.SimplexSolver:solvePhase1:161, 0.0
org.apache.commons.math.optimization.linear.SimplexTableau:createTableau:163, 0.0
org.apache.commons.math.optimization.linear.SimplexTableau:getHeight:440, 0.0
org.apache.commons.math.optimization.linear.SimplexTableau:getOriginalNumDecisionVariables:506, 0.0
org.apache.commons.math.linear.ArrayRealVector:getData:681, 0.0
org.apache.commons.math.optimization.linear.SimplexTableau:normalizeConstraints:224, 0.0
org.apache.commons.math.optimization.linear.SimplexTableau:divideRow:409, 0.0
org.apache.commons.math.optimization.linear.SimplexSolver:doIteration:141, 0.0
org.apache.commons.math.optimization.linear.SimplexSolver:doIteration:140, 0.0
org.apache.commons.math.optimization.linear.SimplexSolver:getPivotRow:85, 0.0
org.apache.commons.math.optimization.linear.SimplexSolver:getPivotRow:84, 0.0
org.apache.commons.math.optimization.linear.SimplexSolver:getPivotRow:86, 0.0
org.apache.commons.math.optimization.linear.SimplexTableau:createTableau:186, 0.0
org.apache.commons.math.optimization.linear.SimplexTableau:createTableau:182, 0.0
org.apache.commons.math.optimization.linear.SimplexTableau:createTableau:183, 0.0
org.apache.commons.math.optimization.linear.SimplexTableau:createTableau:189, 0.0
org.apache.commons.math.optimization.linear.SimplexTableau:initializeColumnLabels:137, 0.0
org.apache.commons.math.optimization.linear.AbstractLinearOptimizer:<init>:73, 0.0
org.apache.commons.math.optimization.linear.AbstractLinearOptimizer:<init>:74, 0.0
org.apache.commons.math.optimization.linear.AbstractLinearOptimizer:<init>:75, 0.0
org.apache.commons.math.optimization.linear.LinearConstraint:getRelationship:176, 0.0
org.apache.commons.math.optimization.linear.SimplexSolver:<init>:54, 0.0
org.apache.commons.math.optimization.linear.SimplexSolver:<init>:53, 0.0
org.apache.commons.math.optimization.linear.SimplexSolver:<init>:52, 0.0
org.apache.commons.math.optimization.linear.SimplexTableau:<init>:115, 0.0
org.apache.commons.math.optimization.linear.SimplexTableau:createTableau:190, 0.0
org.apache.commons.math.linear.ArrayRealVector:<init>:180, 0.0
org.apache.commons.math.optimization.linear.SimplexTableau:subtractRow:425, 0.0
org.apache.commons.math.optimization.linear.SimplexTableau:subtractRow:423, 0.0
org.apache.commons.math.optimization.linear.SimplexSolver:doIteration:135, 0.0
org.apache.commons.math.optimization.linear.SimplexSolver:doIteration:134, 0.0
org.apache.commons.math.linear.AbstractRealMatrix:setRowVector:492, 0.0
org.apache.commons.math.linear.ArrayRealVector:copy:265, 0.0
org.apache.commons.math.optimization.linear.SimplexTableau:initializeColumnLabels:136, 0.0
org.apache.commons.math.optimization.linear.SimplexTableau:<init>:119, 0.0
org.apache.commons.math.optimization.linear.SimplexTableau:<init>:117, 0.0
org.apache.commons.math.optimization.linear.SimplexTableau:createTableau:198, 0.0
org.apache.commons.math.optimization.linear.SimplexTableau:createTableau:195, 0.0
org.apache.commons.math.optimization.linear.SimplexSolver:doOptimize:176, 0.0
org.apache.commons.math.optimization.linear.SimplexSolver:doOptimize:177, 0.0
org.apache.commons.math.optimization.linear.SimplexSolver:doOptimize:173, 0.0
org.apache.commons.math.optimization.linear.SimplexSolver:getPivotRow:98, 0.0
org.apache.commons.math.linear.AbstractRealMatrix:setRowVector:495, 0.0
org.apache.commons.math.optimization.linear.SimplexTableau:createTableau:166, 0.0
org.apache.commons.math.optimization.linear.SimplexTableau:initializeColumnLabels:139, 0.0
org.apache.commons.math.optimization.linear.AbstractLinearOptimizer:optimize:110, 0.0
org.apache.commons.math.optimization.linear.AbstractLinearOptimizer:optimize:118, 0.0
org.apache.commons.math.optimization.linear.AbstractLinearOptimizer:optimize:111, 0.0
org.apache.commons.math.optimization.linear.AbstractLinearOptimizer:optimize:115, 0.0
org.apache.commons.math.optimization.linear.AbstractLinearOptimizer:optimize:113, 0.0
org.apache.commons.math.optimization.linear.AbstractLinearOptimizer:optimize:112, 0.0
org.apache.commons.math.optimization.linear.SimplexSolver:getPivotRow:90, 0.0
org.apache.commons.math.optimization.linear.SimplexTableau:createTableau:199, 0.0
org.apache.commons.math.optimization.linear.SimplexTableau:getNumArtificialVariables:522, 0.0
org.apache.commons.math.optimization.linear.SimplexTableau:getRhsOffset:483, 0.0
org.apache.commons.math.optimization.linear.SimplexTableau:<init>:81, 0.0
org.apache.commons.math.optimization.linear.SimplexTableau:<init>:114, 0.0
org.apache.commons.math.optimization.linear.SimplexTableau:<init>:113, 0.0
org.apache.commons.math.optimization.linear.SimplexTableau:<init>:112, 0.0
org.apache.commons.math.optimization.linear.SimplexTableau:<init>:110, 0.0
org.apache.commons.math.optimization.linear.SimplexTableau:<init>:111, 0.0
org.apache.commons.math.optimization.linear.SimplexSolver:doIteration:129, 0.0
org.apache.commons.math.optimization.linear.SimplexSolver:doIteration:127, 0.0
org.apache.commons.math.optimization.linear.SimplexSolver:doIteration:128, 0.0
org.apache.commons.math.optimization.linear.SimplexSolver:doIteration:125, 0.0
org.apache.commons.math.optimization.linear.SimplexTableau:getSlackVariableOffset:467, 0.0
org.apache.commons.math.optimization.linear.SimplexTableau:createTableau:200, 0.0
org.apache.commons.math.linear.ArrayRealVector:mapMultiplyToSelf:374, 0.0
org.apache.commons.math.optimization.linear.SimplexSolver:getPivotRow:93, 0.0
org.apache.commons.math.optimization.linear.SimplexSolver:getPivotRow:92, 0.0
org.apache.commons.math.optimization.linear.SimplexSolver:getPivotRow:91, 0.0
org.apache.commons.math.optimization.linear.SimplexTableau:getNumObjectiveFunctions:249, 0.0
org.apache.commons.math.util.MathUtils:equals:414, 0.0
org.apache.commons.math.linear.AbstractRealMatrix:getRow:531, 0.0
org.apache.commons.math.linear.ArrayRealVector:mapMultiplyToSelf:372, 0.0
org.apache.commons.math.linear.ArrayRealVector:mapMultiplyToSelf:371, 0.0
org.apache.commons.math.optimization.linear.SimplexTableau:createTableau:201, 0.0
org.apache.commons.math.optimization.linear.SimplexTableau:getInvertedCoeffiecientSum:274, 0.0
org.apache.commons.math.optimization.linear.SimplexTableau:isOptimal:355, 0.0
org.apache.commons.math.optimization.linear.SimplexTableau:initializeColumnLabels:142, 0.0
org.apache.commons.math.optimization.linear.SimplexTableau:createTableau:167, 0.0
org.apache.commons.math.util.MathUtils:compareTo:386, 0.0
org.apache.commons.math.optimization.linear.AbstractLinearOptimizer:incrementIterationsCounter:98, 0.0
org.apache.commons.math.optimization.linear.SimplexTableau:getInvertedCoeffiecientSum:273, 0.0
org.apache.commons.math.optimization.linear.SimplexTableau:createTableau:205, 0.0
org.apache.commons.math.linear.AbstractRealMatrix:getRow:527, 0.0
org.apache.commons.math.linear.AbstractRealMatrix:getRow:528, 0.0
org.apache.commons.math.optimization.linear.SimplexSolver:<init>:46, 0.0
org.apache.commons.math.optimization.linear.SimplexSolver:<init>:45, 0.0
org.apache.commons.math.optimization.linear.SimplexTableau:initializeColumnLabels:140, 0.0
org.apache.commons.math.optimization.linear.SimplexTableau:getEntry:449, 0.0
org.apache.commons.math.util.MathUtils:compareTo:387, 0.0
org.apache.commons.math.util.MathUtils:compareTo:389, 0.0
org.apache.commons.math.optimization.linear.SimplexTableau:getInvertedCoeffiecientSum:277, 0.0
org.apache.commons.math.optimization.linear.SimplexTableau:getConstraintTypeCounts:258, 0.0
org.apache.commons.math.optimization.linear.SimplexTableau:getConstraintTypeCounts:259, 0.0
org.apache.commons.math.linear.ArrayRealVector:subtract:314, 0.0
org.apache.commons.math.optimization.linear.LinearObjectiveFunction:<init>:59, 0.0
org.apache.commons.math.optimization.linear.LinearObjectiveFunction:<init>:58, 0.0
org.apache.commons.math.optimization.linear.SimplexTableau:getNumSlackVariables:514, 0.0
org.apache.commons.math.optimization.linear.SimplexTableau:createTableau:207, 0.0
org.apache.commons.math.optimization.linear.SimplexTableau:createTableau:208, 0.0
org.apache.commons.math.optimization.linear.SimplexTableau:createTableau:209, 0.0
org.apache.commons.math.optimization.linear.SimplexSolver:getPivotColumn:64, 0.0
org.apache.commons.math.optimization.linear.SimplexSolver:getPivotColumn:63, 0.0
org.apache.commons.math.optimization.linear.SimplexSolver:getPivotColumn:62, 0.0
org.apache.commons.math.optimization.linear.SimplexTableau:isOptimal:356, 0.0
org.apache.commons.math.optimization.linear.SimplexTableau:initializeColumnLabels:143, 0.0
org.apache.commons.math.linear.ArrayRealVector:subtract:336, 0.0
org.apache.commons.math.util.MathUtils:compareTo:388, 0.0
org.apache.commons.math.optimization.linear.LinearObjectiveFunction:getCoefficients:75, 0.0
org.apache.commons.math.optimization.linear.SimplexSolver:getPivotRow:100, 0.0
org.apache.commons.math.util.MathUtils:compareTo:391, 0.0
org.apache.commons.math.linear.AbstractRealMatrix:getRow:524, 0.0
org.apache.commons.math.linear.AbstractRealMatrix:getRow:525, 0.0
org.apache.commons.math.linear.AbstractRealMatrix:getRow:526, 0.0
org.apache.commons.math.optimization.linear.SimplexTableau:getInvertedCoeffiecientSum:275, 0.0
org.apache.commons.math.linear.ArrayRealVector:subtract:313, 0.0
org.apache.commons.math.optimization.linear.SimplexTableau:isOptimal:357, 0.0
org.apache.commons.math.optimization.linear.SimplexSolver:getPivotRow:81, 0.0
org.apache.commons.math.optimization.linear.SimplexSolver:getPivotRow:82, 0.0
org.apache.commons.math.optimization.linear.SimplexSolver:getPivotColumn:66, 0.0
org.apache.commons.math.optimization.linear.SimplexSolver:getPivotColumn:67, 0.0
org.apache.commons.math.optimization.linear.SimplexTableau:getConstraintTypeCounts:260, 0.0
org.apache.commons.math.optimization.linear.LinearConstraint:<init>:81, 0.0
org.apache.commons.math.optimization.linear.LinearConstraint:<init>:82, 0.0
org.apache.commons.math.optimization.linear.SimplexTableau:createTableau:170, 0.0
org.apache.commons.math.optimization.linear.SimplexTableau:normalize:240, 0.0
org.apache.commons.math.optimization.linear.SimplexSolver:solvePhase1:156, 0.0
org.apache.commons.math.linear.ArrayRealVector:subtract:333, 0.0
org.apache.commons.math.optimization.linear.SimplexSolver:getPivotColumn:65, 0.0
org.apache.commons.math.optimization.linear.SimplexTableau:createTableau:213, 0.0
org.apache.commons.math.linear.ArrayRealVector:subtract:347, 0.0
org.apache.commons.math.optimization.linear.NoFeasibleSolutionException:<init>:38, 0.0
org.apache.commons.math.optimization.linear.NoFeasibleSolutionException:<init>:37, 0.0
org.apache.commons.math.optimization.linear.SimplexTableau:getConstraintTypeCounts:261, 0.0
org.apache.commons.math.optimization.linear.SimplexTableau:createTableau:169, 0.0
org.apache.commons.math.optimization.linear.SimplexTableau:normalizeConstraints:222, 0.0
org.apache.commons.math.optimization.linear.SimplexTableau:getWidth:432, 0.0
org.apache.commons.math.linear.ArrayRealVector:subtract:334, 0.0
org.apache.commons.math.optimization.linear.SimplexTableau:initializeColumnLabels:145, 0.0
org.apache.commons.math.optimization.linear.SimplexTableau:initializeColumnLabels:146, 0.0
org.apache.commons.math.optimization.linear.SimplexTableau:isOptimal:360, 0.0
org.apache.commons.math.optimization.linear.SimplexSolver:getPivotColumn:70, 0.0
org.apache.commons.math.optimization.linear.SimplexTableau:createTableau:173, 0.0
org.apache.commons.math.optimization.linear.SimplexSolver:getPivotRow:113, 0.0
org.apache.commons.math.optimization.linear.SimplexTableau:normalize:235, 0.0
org.apache.commons.math.linear.AbstractRealVector:mapMultiply:574, 0.0
org.apache.commons.math.linear.AbstractRealMatrix:getRowVector:477, 0.0
org.apache.commons.math.optimization.linear.AbstractLinearOptimizer:setMaxIterations:79, 0.0
org.apache.commons.math.optimization.linear.AbstractLinearOptimizer:setMaxIterations:80, 0.0
org.apache.commons.math.optimization.linear.AbstractLinearOptimizer:incrementIterationsCounter:101, 0.0
org.apache.commons.math.optimization.linear.SimplexTableau:getConstraintTypeCounts:264, 0.0
org.apache.commons.math.optimization.linear.SimplexTableau:initializeColumnLabels:129, 0.0
org.apache.commons.math.linear.ArrayRealVector:subtract:332, 0.0
org.apache.commons.math.linear.ArrayRealVector:subtract:331, 0.0
org.apache.commons.math.optimization.linear.LinearObjectiveFunction:getConstantTerm:83, 0.0
org.apache.commons.math.optimization.linear.Relationship:oppositeRelationship:59, 0.0
org.apache.commons.math.optimization.linear.Relationship:oppositeRelationship:57, 0.0
org.apache.commons.math.optimization.linear.SimplexTableau:normalize:236, 0.0
org.apache.commons.math.optimization.linear.SimplexTableau:dropPhase1Objective:324, 0.0
org.apache.commons.math.optimization.linear.SimplexTableau:dropPhase1Objective:325, 0.0
org.apache.commons.math.optimization.linear.SimplexTableau:dropPhase1Objective:317, 0.0
org.apache.commons.math.optimization.linear.SimplexTableau:dropPhase1Objective:326, 0.0
org.apache.commons.math.optimization.linear.SimplexTableau:dropPhase1Objective:327, 0.0
org.apache.commons.math.optimization.linear.SimplexTableau:getBasicRow:287, 0.0
org.apache.commons.math.optimization.linear.SimplexTableau:getBasicRow:286, 0.0
org.apache.commons.math.optimization.linear.SimplexSolver:doOptimize:180, 0.0
org.apache.commons.math.optimization.linear.SimplexTableau:dropPhase1Objective:329, 0.0
org.apache.commons.math.optimization.linear.SimplexSolver:doOptimize:179, 0.0
org.apache.commons.math.optimization.linear.SimplexTableau:getBasicRow:288, 0.0
org.apache.commons.math.optimization.linear.SimplexTableau:dropPhase1Objective:302, 0.0
org.apache.commons.math.optimization.linear.SimplexTableau:dropPhase1Objective:328, 0.0
org.apache.commons.math.optimization.linear.SimplexSolver:solvePhase1:168, 0.0
org.apache.commons.math.optimization.linear.SimplexTableau:getBasicRow:289, 0.0
org.apache.commons.math.optimization.linear.SimplexTableau:dropPhase1Objective:307, 0.0
org.apache.commons.math.optimization.linear.SimplexTableau:dropPhase1Objective:306, 0.0
org.apache.commons.math.optimization.linear.SimplexTableau:dropPhase1Objective:310, 0.0
org.apache.commons.math.optimization.linear.SimplexTableau:getBasicRow:290, 0.0
org.apache.commons.math.optimization.linear.SimplexSolver:doIteration:130, 0.0
org.apache.commons.math.optimization.linear.SimplexTableau:dropPhase1Objective:334, 0.0
org.apache.commons.math.optimization.linear.SimplexTableau:dropPhase1Objective:335, 0.0
org.apache.commons.math.optimization.linear.SimplexTableau:getBasicRow:291, 0.0
org.apache.commons.math.optimization.linear.SimplexTableau:dropPhase1Objective:311, 0.0
org.apache.commons.math.optimization.linear.SimplexTableau:dropPhase1Objective:340, 0.0
org.apache.commons.math.optimization.linear.SimplexTableau:dropPhase1Objective:339, 0.0
org.apache.commons.math.optimization.linear.SimplexTableau:dropPhase1Objective:338, 0.0
org.apache.commons.math.optimization.linear.SimplexSolver:getPivotRow:99, 0.0
org.apache.commons.math.optimization.linear.UnboundedSolutionException:<init>:38, 0.0
org.apache.commons.math.optimization.linear.UnboundedSolutionException:<init>:37, 0.0
org.apache.commons.math.optimization.linear.SimplexTableau:dropPhase1Objective:320, 0.0
org.apache.commons.math.optimization.linear.SimplexTableau:dropPhase1Objective:319, 0.0
org.apache.commons.math.optimization.linear.SimplexTableau:dropPhase1Objective:318, 0.0
org.apache.commons.math.optimization.univariate.BrentOptimizer:localMin:187, 0.0
org.apache.commons.math.optimization.univariate.BrentOptimizer:localMin:94, 0.0
org.apache.commons.math.optimization.univariate.BrentOptimizer:localMin:147, 0.0
org.apache.commons.math.stat.descriptive.moment.FirstMoment:<init>:76, 0.0
org.apache.commons.math.stat.descriptive.moment.FirstMoment:<init>:77, 0.0
org.apache.commons.math.stat.descriptive.moment.FirstMoment:<init>:78, 0.0
org.apache.commons.math.stat.descriptive.moment.FirstMoment:<init>:79, 0.0
org.apache.commons.math.stat.descriptive.moment.FirstMoment:<init>:81, 0.0
org.apache.commons.math.stat.descriptive.moment.FirstMoment:<init>:80, 0.0
org.apache.commons.math.stat.descriptive.MultivariateSummaryStatistics:<init>:122, 0.0
org.apache.commons.math.stat.descriptive.moment.VectorialCovariance:<init>:58, 0.0
org.apache.commons.math.stat.descriptive.moment.VectorialCovariance:<init>:57, 0.0
org.apache.commons.math.stat.descriptive.moment.VectorialCovariance:<init>:56, 0.0
org.apache.commons.math.stat.descriptive.moment.VectorialCovariance:<init>:55, 0.0
org.apache.commons.math.stat.descriptive.moment.VectorialCovariance:<init>:54, 0.0
org.apache.commons.math.stat.descriptive.moment.VectorialCovariance:<init>:53, 0.0
org.apache.commons.math.stat.descriptive.summary.SumOfSquares:<init>:55, 0.0
org.apache.commons.math.stat.descriptive.summary.SumOfSquares:<init>:54, 0.0
org.apache.commons.math.stat.descriptive.summary.SumOfSquares:<init>:53, 0.0
org.apache.commons.math.stat.descriptive.summary.SumOfSquares:<init>:52, 0.0
org.apache.commons.math.stat.descriptive.rank.Max:<init>:57, 0.0
org.apache.commons.math.stat.descriptive.rank.Max:<init>:56, 0.0
org.apache.commons.math.stat.descriptive.rank.Max:<init>:55, 0.0
org.apache.commons.math.stat.descriptive.rank.Max:<init>:54, 0.0
org.apache.commons.math.stat.descriptive.MultivariateSummaryStatistics:checkDimension:629, 0.0
org.apache.commons.math.stat.descriptive.MultivariateSummaryStatistics:addValue:146, 0.0
org.apache.commons.math.stat.descriptive.MultivariateSummaryStatistics:addValue:147, 0.0
org.apache.commons.math.stat.descriptive.MultivariateSummaryStatistics:<init>:132, 0.0
org.apache.commons.math.stat.descriptive.MultivariateSummaryStatistics:<init>:135, 0.0
org.apache.commons.math.stat.descriptive.summary.Sum:<init>:56, 0.0
org.apache.commons.math.stat.descriptive.summary.Sum:<init>:55, 0.0
org.apache.commons.math.stat.descriptive.summary.Sum:<init>:54, 0.0
org.apache.commons.math.stat.descriptive.summary.Sum:<init>:53, 0.0
org.apache.commons.math.stat.descriptive.MultivariateSummaryStatistics:<init>:119, 0.0
org.apache.commons.math.stat.descriptive.MultivariateSummaryStatistics:<init>:118, 0.0
org.apache.commons.math.stat.descriptive.MultivariateSummaryStatistics:<init>:117, 0.0
org.apache.commons.math.stat.descriptive.MultivariateSummaryStatistics:<init>:116, 0.0
org.apache.commons.math.stat.descriptive.MultivariateSummaryStatistics:<init>:115, 0.0
org.apache.commons.math.stat.descriptive.MultivariateSummaryStatistics:<init>:114, 0.0
org.apache.commons.math.stat.descriptive.MultivariateSummaryStatistics:<init>:112, 0.0
org.apache.commons.math.stat.descriptive.MultivariateSummaryStatistics:<init>:111, 0.0
org.apache.commons.math.stat.descriptive.MultivariateSummaryStatistics:<init>:78, 0.0
org.apache.commons.math.stat.descriptive.MultivariateSummaryStatistics:<init>:120, 0.0
org.apache.commons.math.stat.descriptive.moment.Mean:<init>:77, 0.0
org.apache.commons.math.stat.descriptive.moment.Mean:<init>:78, 0.0
org.apache.commons.math.stat.descriptive.moment.Mean:<init>:79, 0.0
org.apache.commons.math.stat.descriptive.moment.Mean:<init>:80, 0.0
org.apache.commons.math.stat.descriptive.summary.SumOfLogs:<init>:63, 0.0
org.apache.commons.math.stat.descriptive.summary.SumOfLogs:<init>:62, 0.0
org.apache.commons.math.stat.descriptive.summary.SumOfLogs:<init>:61, 0.0
org.apache.commons.math.stat.descriptive.summary.SumOfLogs:<init>:60, 0.0
org.apache.commons.math.stat.descriptive.AbstractUnivariateStatistic:<init>:34, 0.0
org.apache.commons.math.stat.descriptive.AbstractStorelessUnivariateStatistic:<init>:33, 0.0
org.apache.commons.math.stat.descriptive.MultivariateSummaryStatistics:<init>:127, 0.0
org.apache.commons.math.stat.descriptive.MultivariateSummaryStatistics:<init>:129, 0.0
org.apache.commons.math.stat.descriptive.MultivariateSummaryStatistics:<init>:126, 0.0
org.apache.commons.math.stat.descriptive.MultivariateSummaryStatistics:<init>:128, 0.0
org.apache.commons.math.stat.descriptive.MultivariateSummaryStatistics:<init>:125, 0.0
org.apache.commons.math.stat.descriptive.MultivariateSummaryStatistics:<init>:124, 0.0
org.apache.commons.math.stat.descriptive.MultivariateSummaryStatistics:<init>:123, 0.0
org.apache.commons.math.stat.descriptive.moment.GeometricMean:<init>:63, 0.0
org.apache.commons.math.stat.descriptive.moment.GeometricMean:<init>:62, 0.0
org.apache.commons.math.stat.descriptive.moment.GeometricMean:<init>:61, 0.0
org.apache.commons.math.stat.descriptive.MultivariateSummaryStatistics:checkDimension:628, 0.0
org.apache.commons.math.stat.descriptive.rank.Min:<init>:57, 0.0
org.apache.commons.math.stat.descriptive.rank.Min:<init>:56, 0.0
org.apache.commons.math.stat.descriptive.rank.Min:<init>:55, 0.0
org.apache.commons.math.stat.descriptive.rank.Min:<init>:54, 0.0
org.apache.commons.math.stat.descriptive.SynchronizedMultivariateSummaryStatistics:addValue:58, 0.0
org.apache.commons.math.stat.descriptive.SynchronizedMultivariateSummaryStatistics:addValue:57, 0.0
org.apache.commons.math.stat.descriptive.SynchronizedMultivariateSummaryStatistics:<init>:49, 0.0
org.apache.commons.math.stat.descriptive.SynchronizedMultivariateSummaryStatistics:<init>:48, 0.0
org.apache.commons.math.stat.descriptive.moment.VectorialCovariance:increment:67, 0.0
org.apache.commons.math.DimensionMismatchException:getDimension2:60, 0.0
org.apache.commons.math.stat.descriptive.moment.VectorialCovariance:increment:66, 0.0
org.apache.commons.math.DimensionMismatchException:getDimension1:52, 0.0
org.apache.commons.math.stat.descriptive.moment.VectorialMean:increment:53, 0.0
org.apache.commons.math.stat.descriptive.moment.VectorialMean:increment:54, 0.0
org.apache.commons.math.stat.descriptive.moment.VectorialMean:<init>:42, 0.0
org.apache.commons.math.stat.descriptive.moment.VectorialMean:<init>:40, 0.0
org.apache.commons.math.stat.descriptive.moment.VectorialMean:<init>:41, 0.0
org.apache.commons.math.stat.descriptive.moment.VectorialMean:<init>:45, 0.0
org.apache.commons.math.stat.descriptive.moment.VectorialMean:<init>:43, 0.0
org.apache.commons.math.util.DefaultTransformer:transform:47, 0.0
org.apache.commons.math.util.DefaultTransformer:<init>:32, 0.0
org.apache.commons.math.util.DefaultTransformer:transform:46, 0.0
org.apache.commons.math.util.DefaultTransformer:transform:50, 0.0
org.apache.commons.math.util.DefaultTransformer:transform:55, 0.0
org.apache.commons.math.util.DefaultTransformer:transform:57, 0.0
org.apache.commons.math.util.DefaultTransformer:transform:56, 0.0
org.apache.commons.math.linear.ArrayRealVector:checkVectorDimensions:1124, 0.0
org.apache.commons.math.linear.ArrayRealVector:checkVectorDimensions:1123, 0.0
org.apache.commons.math.linear.ArrayRealVector:checkVectorDimensions:1137, 0.0
org.apache.commons.math.util.CompositeFormat:formatDouble:212, 0.0
org.apache.commons.math.util.CompositeFormat:formatDouble:213, 0.0
org.apache.commons.math.util.CompositeFormat:formatDouble:211, 0.0
org.apache.commons.math.linear.RealVectorFormat:formatRealVector:193, 0.0
org.apache.commons.math.complex.Complex:<init>:87, 0.0
org.apache.commons.math.complex.Complex:<init>:89, 0.0
org.apache.commons.math.complex.Complex:<init>:88, 0.0
org.apache.commons.math.complex.Complex:<init>:91, 0.0
org.apache.commons.math.complex.ComplexFormat:setRealFormat:383, 0.0
org.apache.commons.math.complex.ComplexFormat:setRealFormat:382, 0.0
org.apache.commons.math.complex.ComplexFormat:getInstance:233, 0.0
org.apache.commons.math.complex.ComplexFormat:getInstance:232, 0.0
org.apache.commons.math.complex.ComplexFormat:setImaginaryCharacter:354, 0.0
org.apache.commons.math.complex.ComplexFormat:setImaginaryCharacter:355, 0.0
org.apache.commons.math.complex.ComplexFormat:<init>:68, 0.0
org.apache.commons.math.complex.ComplexFormat:<init>:67, 0.0
org.apache.commons.math.complex.Complex:getImaginary:292, 0.0
org.apache.commons.math.complex.ComplexFormat:setImaginaryCharacter:350, 0.0
org.apache.commons.math.complex.ComplexFormat:format:189, 0.0
org.apache.commons.math.complex.ComplexFormat:<init>:110, 0.0
org.apache.commons.math.complex.ComplexFormat:<init>:111, 0.0
org.apache.commons.math.complex.ComplexFormat:<init>:109, 0.0
org.apache.commons.math.complex.ComplexFormat:<init>:113, 0.0
org.apache.commons.math.complex.ComplexFormat:<init>:112, 0.0
org.apache.commons.math.complex.ComplexFormat:getRealFormat:241, 0.0
org.apache.commons.math.complex.Complex:<init>:92, 0.0
org.apache.commons.math.complex.ComplexFormat:format:199, 0.0
org.apache.commons.math.complex.ComplexFormat:format:163, 0.0
org.apache.commons.math.complex.ComplexFormat:format:162, 0.0
org.apache.commons.math.complex.ComplexFormat:format:161, 0.0
org.apache.commons.math.complex.ComplexFormat:<init>:96, 0.0
org.apache.commons.math.complex.ComplexFormat:<init>:97, 0.0
org.apache.commons.math.complex.ComplexFormat:setImaginaryFormat:369, 0.0
org.apache.commons.math.complex.ComplexFormat:setImaginaryFormat:368, 0.0
org.apache.commons.math.complex.ComplexFormat:setImaginaryFormat:364, 0.0
org.apache.commons.math.complex.ComplexFormat:format:152, 0.0
org.apache.commons.math.complex.ComplexFormat:format:155, 0.0
org.apache.commons.math.complex.ComplexFormat:format:147, 0.0
org.apache.commons.math.complex.ComplexFormat:format:156, 0.0
org.apache.commons.math.complex.ComplexFormat:format:148, 0.0
org.apache.commons.math.complex.ComplexFormat:format:151, 0.0
org.apache.commons.math.complex.ComplexFormat:format:160, 0.0
org.apache.commons.math.complex.ComplexFormat:format:186, 0.0
org.apache.commons.math.complex.ComplexFormat:format:188, 0.0
org.apache.commons.math.complex.ComplexFormat:setRealFormat:378, 0.0
org.apache.commons.math.complex.ComplexFormat:format:166, 0.0
org.apache.commons.math.complex.ComplexFormat:getImaginaryCharacter:207, 0.0
org.apache.commons.math.complex.ComplexFormat:getImaginaryFormat:215, 0.0
org.apache.commons.math.complex.Complex:getReal:301, 0.0
org.apache.commons.math.complex.Complex:<init>:94, 0.0
org.apache.commons.math.complex.ComplexFormat:format:191, 0.0
org.apache.commons.math.complex.ComplexFormat:format:190, 0.0
org.apache.commons.math.complex.ComplexFormat:format:157, 0.0
org.apache.commons.math.complex.ComplexFormat:format:158, 0.0
org.apache.commons.math.complex.ComplexFormat:format:159, 0.0
org.apache.commons.math.complex.ComplexFormat:formatComplex:132, 0.0
org.apache.commons.math.complex.ComplexFormat:getInstance:223, 0.0
org.apache.commons.math.geometry.Vector3DFormat:format:220, 0.0
org.apache.commons.math.geometry.Vector3DFormat:format:205, 0.0
org.apache.commons.math.geometry.Vector3DFormat:format:204, 0.0
org.apache.commons.math.geometry.Vector3DFormat:format:218, 0.0
org.apache.commons.math.geometry.Vector3DFormat:format:212, 0.0
org.apache.commons.math.geometry.Vector3DFormat:format:213, 0.0
org.apache.commons.math.geometry.Vector3DFormat:format:214, 0.0
org.apache.commons.math.geometry.Vector3DFormat:format:215, 0.0
org.apache.commons.math.geometry.Vector3DFormat:format:208, 0.0
org.apache.commons.math.geometry.Vector3DFormat:format:211, 0.0
org.apache.commons.math.geometry.Vector3DFormat:<init>:92, 0.0
org.apache.commons.math.geometry.Vector3DFormat:<init>:91, 0.0
org.apache.commons.math.geometry.Vector3DFormat:format:240, 0.0
org.apache.commons.math.geometry.Vector3DFormat:format:241, 0.0
org.apache.commons.math.geometry.Vector3DFormat:<init>:119, 0.0
org.apache.commons.math.geometry.Vector3DFormat:<init>:118, 0.0
org.apache.commons.math.geometry.Vector3DFormat:<init>:117, 0.0
org.apache.commons.math.geometry.Vector3DFormat:<init>:116, 0.0
org.apache.commons.math.geometry.Vector3DFormat:<init>:115, 0.0
org.apache.commons.math.geometry.Vector3DFormat:<init>:114, 0.0
org.apache.commons.math.geometry.Vector3DFormat:<init>:122, 0.0
org.apache.commons.math.geometry.Vector3DFormat:<init>:121, 0.0
org.apache.commons.math.geometry.Vector3DFormat:<init>:120, 0.0
org.apache.commons.math.geometry.Vector3DFormat:getInstance:179, 0.0
org.apache.commons.math.geometry.Vector3DFormat:getInstance:170, 0.0
org.apache.commons.math.geometry.Vector3D:<clinit>:51, 0.0
org.apache.commons.math.geometry.Vector3D:<clinit>:70, 0.0
org.apache.commons.math.geometry.Vector3D:<clinit>:48, 0.0
org.apache.commons.math.geometry.Vector3D:<clinit>:39, 0.0
org.apache.commons.math.geometry.Vector3D:<clinit>:54, 0.0
org.apache.commons.math.geometry.Vector3D:<clinit>:66, 0.0
org.apache.commons.math.geometry.Vector3D:<clinit>:36, 0.0
org.apache.commons.math.geometry.Vector3D:<clinit>:42, 0.0
org.apache.commons.math.geometry.Vector3D:<clinit>:58, 0.0
org.apache.commons.math.geometry.Vector3D:<clinit>:62, 0.0
org.apache.commons.math.geometry.Vector3D:<clinit>:45, 0.0
org.apache.commons.math.geometry.Vector3DFormat:formatVector3D:190, 0.0
org.apache.commons.math.util.CompositeFormat:parseNextCharacter:87, 0.0
org.apache.commons.math.util.CompositeFormat:parseNextCharacter:88, 0.0
org.apache.commons.math.complex.ComplexFormat:parse:313, 0.0
org.apache.commons.math.complex.ComplexFormat:parse:314, 0.0
org.apache.commons.math.complex.ComplexFormat:parse:310, 0.0
org.apache.commons.math.complex.ComplexFormat:<init>:59, 0.0
org.apache.commons.math.complex.ComplexFormat:<init>:58, 0.0
org.apache.commons.math.complex.ComplexFormat:parse:298, 0.0
org.apache.commons.math.complex.ComplexFormat:parse:299, 0.0
org.apache.commons.math.util.CompositeFormat:parseFixedstring:175, 0.0
org.apache.commons.math.util.CompositeFormat:parseFixedstring:174, 0.0
org.apache.commons.math.util.CompositeFormat:parseFixedstring:173, 0.0
org.apache.commons.math.complex.ComplexFormat:parse:323, 0.0
org.apache.commons.math.util.CompositeFormat:parseNextCharacter:96, 0.0
org.apache.commons.math.util.CompositeFormat:parseNextCharacter:84, 0.0
org.apache.commons.math.util.CompositeFormat:parseNextCharacter:81, 0.0
org.apache.commons.math.util.CompositeFormat:parseNextCharacter:80, 0.0
org.apache.commons.math.util.CompositeFormat:parseNextCharacter:82, 0.0
org.apache.commons.math.util.CompositeFormat:parseNextCharacter:89, 0.0
org.apache.commons.math.util.CompositeFormat:parseNextCharacter:91, 0.0
org.apache.commons.math.util.CompositeFormat:getDefaultNumberFormat:42, 0.0
org.apache.commons.math.complex.ComplexFormat:parse:288, 0.0
org.apache.commons.math.complex.ComplexFormat:parse:289, 0.0
org.apache.commons.math.complex.ComplexFormat:parse:287, 0.0
org.apache.commons.math.complex.ComplexFormat:parse:286, 0.0
org.apache.commons.math.util.CompositeFormat:parseNumber:144, 0.0
org.apache.commons.math.util.CompositeFormat:parseNumber:147, 0.0
org.apache.commons.math.util.CompositeFormat:parseNumber:143, 0.0
org.apache.commons.math.util.CompositeFormat:parseNumber:142, 0.0
org.apache.commons.math.util.CompositeFormat:parseFixedstring:179, 0.0
org.apache.commons.math.util.CompositeFormat:parseFixedstring:180, 0.0
org.apache.commons.math.util.CompositeFormat:parseFixedstring:181, 0.0
org.apache.commons.math.util.CompositeFormat:parseAndIgnoreWhitespace:68, 0.0
org.apache.commons.math.util.CompositeFormat:parseAndIgnoreWhitespace:69, 0.0
org.apache.commons.math.util.CompositeFormat:parseAndIgnoreWhitespace:67, 0.0
org.apache.commons.math.util.CompositeFormat:parseNumber:160, 0.0
org.apache.commons.math.complex.ComplexFormat:parse:274, 0.0
org.apache.commons.math.complex.ComplexFormat:parse:278, 0.0
org.apache.commons.math.complex.ComplexFormat:parse:271, 0.0
org.apache.commons.math.complex.ComplexFormat:parse:277, 0.0
org.apache.commons.math.util.CompositeFormat:parseNextCharacter:92, 0.0
org.apache.commons.math.complex.ComplexFormat:parse:322, 0.0
org.apache.commons.math.complex.ComplexFormat:format:194, 0.0
org.apache.commons.math.complex.Complex:equals:256, 0.0
org.apache.commons.math.complex.ComplexFormat:parse:326, 0.0
org.apache.commons.math.complex.Complex:isNaN:312, 0.0
org.apache.commons.math.complex.Complex:equals:264, 0.0
org.apache.commons.math.complex.ComplexFormat:parseObject:340, 0.0
org.apache.commons.math.complex.Complex:equals:259, 0.0
org.apache.commons.math.complex.ComplexFormat:parse:296, 0.0
org.apache.commons.math.complex.ComplexFormat:parse:295, 0.0
org.apache.commons.math.util.CompositeFormat:parseFixedstring:186, 0.0
org.apache.commons.math.util.CompositeFormat:parseFixedstring:185, 0.0
org.apache.commons.math.complex.Complex:equals:260, 0.0
org.apache.commons.math.complex.Complex:equals:261, 0.0
org.apache.commons.math.util.CompositeFormat:parseNumber:153, 0.0
org.apache.commons.math.util.CompositeFormat:parseNumber:154, 0.0
org.apache.commons.math.util.CompositeFormat:parseNumber:121, 0.0
org.apache.commons.math.complex.Complex:equals:262, 0.0
org.apache.commons.math.util.CompositeFormat:parseNumber:152, 0.0
org.apache.commons.math.util.CompositeFormat:parseNumber:119, 0.0
org.apache.commons.math.util.CompositeFormat:parseNumber:118, 0.0
org.apache.commons.math.util.CompositeFormat:parseNumber:117, 0.0
org.apache.commons.math.util.CompositeFormat:parseNumber:115, 0.0
org.apache.commons.math.util.CompositeFormat:parseNumber:114, 0.0
org.apache.commons.math.util.CompositeFormat:parseNumber:113, 0.0
org.apache.commons.math.util.CompositeFormat:parseNumber:112, 0.0
org.apache.commons.math.util.CompositeFormat:parseNumber:110, 0.0
org.apache.commons.math.util.CompositeFormat:parseNumber:120, 0.0
org.apache.commons.math.util.CompositeFormat:parseNumber:149, 0.0
org.apache.commons.math.util.CompositeFormat:parseNumber:127, 0.0
org.apache.commons.math.util.CompositeFormat:parseNumber:155, 0.0
org.apache.commons.math.util.CompositeFormat:parseNumber:123, 0.0
org.apache.commons.math.util.CompositeFormat:parseNumber:122, 0.0
org.apache.commons.math.complex.ComplexFormat:parse:293, 0.0
org.apache.commons.math.complex.ComplexFormat:setImaginaryCharacter:351, 0.0
org.apache.commons.math.complex.ComplexFormat:setImaginaryFormat:365, 0.0
org.apache.commons.math.complex.ComplexFormat:setRealFormat:379, 0.0
org.apache.commons.math.geometry.Vector3DFormat:getFormat:162, 0.0
org.apache.commons.math.geometry.Vector3DFormat:<init>:84, 0.0
org.apache.commons.math.geometry.Vector3DFormat:<init>:83, 0.0
org.apache.commons.math.geometry.Vector3DFormat:parse:274, 0.0
org.apache.commons.math.geometry.Vector3DFormat:parse:278, 0.0
org.apache.commons.math.geometry.Vector3DFormat:parse:277, 0.0
org.apache.commons.math.geometry.Vector3DFormat:parse:279, 0.0
org.apache.commons.math.geometry.Vector3DFormat:parse:297, 0.0
org.apache.commons.math.geometry.Vector3DFormat:parse:298, 0.0
org.apache.commons.math.geometry.Vector3DFormat:parse:299, 0.0
org.apache.commons.math.geometry.Vector3DFormat:parse:307, 0.0
org.apache.commons.math.geometry.Vector3DFormat:parse:308, 0.0
org.apache.commons.math.geometry.Vector3DFormat:parse:293, 0.0
org.apache.commons.math.geometry.Vector3DFormat:parse:294, 0.0
org.apache.commons.math.geometry.Vector3DFormat:parse:283, 0.0
org.apache.commons.math.geometry.Vector3DFormat:parse:285, 0.0
org.apache.commons.math.geometry.Vector3DFormat:parse:284, 0.0
org.apache.commons.math.geometry.Vector3DFormat:parse:309, 0.0
org.apache.commons.math.geometry.Vector3DFormat:parse:323, 0.0
org.apache.commons.math.geometry.Vector3DFormat:parse:313, 0.0
org.apache.commons.math.geometry.Vector3DFormat:parse:312, 0.0
org.apache.commons.math.geometry.Vector3DFormat:parse:311, 0.0
org.apache.commons.math.geometry.Vector3DFormat:parse:322, 0.0
org.apache.commons.math.geometry.Vector3DFormat:parse:321, 0.0
org.apache.commons.math.geometry.Vector3DFormat:format:244, 0.0
org.apache.commons.math.geometry.Vector3D:equals:414, 0.0
org.apache.commons.math.geometry.Vector3D:equals:424, 0.0
org.apache.commons.math.geometry.Vector3D:equals:418, 0.0
org.apache.commons.math.geometry.Vector3D:isNaN:379, 0.0
org.apache.commons.math.geometry.Vector3DFormat:parseObject:339, 0.0
org.apache.commons.math.geometry.Vector3D:equals:419, 0.0
org.apache.commons.math.geometry.Vector3D:equals:420, 0.0
org.apache.commons.math.geometry.Vector3DFormat:parse:326, 0.0
org.apache.commons.math.geometry.Vector3D:equals:421, 0.0
org.apache.commons.math.linear.RealVectorFormat:getFormat:165, 0.0
org.apache.commons.math.linear.RealVectorFormat:parse:283, 0.0
org.apache.commons.math.linear.RealVectorFormat:parse:282, 0.0
org.apache.commons.math.linear.RealVectorFormat:parse:279, 0.0
org.apache.commons.math.linear.RealVectorFormat:parse:284, 0.0
org.apache.commons.math.linear.RealVectorFormat:<init>:87, 0.0
org.apache.commons.math.linear.RealVectorFormat:<init>:86, 0.0
org.apache.commons.math.linear.RealVectorFormat:parse:294, 0.0
org.apache.commons.math.linear.RealVectorFormat:parse:299, 0.0
org.apache.commons.math.linear.RealVectorFormat:parse:300, 0.0
org.apache.commons.math.linear.RealVectorFormat:parse:301, 0.0
org.apache.commons.math.linear.RealVectorFormat:parse:315, 0.0
org.apache.commons.math.linear.RealVectorFormat:parse:314, 0.0
org.apache.commons.math.linear.RealVectorFormat:parse:291, 0.0
org.apache.commons.math.linear.RealVectorFormat:parse:288, 0.0
org.apache.commons.math.linear.RealVectorFormat:parse:289, 0.0
org.apache.commons.math.linear.RealVectorFormat:parse:302, 0.0
org.apache.commons.math.linear.RealVectorFormat:parse:298, 0.0
org.apache.commons.math.linear.RealVectorFormat:parse:309, 0.0
org.apache.commons.math.linear.RealVectorFormat:parse:316, 0.0
org.apache.commons.math.linear.RealVectorFormat:parse:292, 0.0
org.apache.commons.math.linear.RealVectorFormat:parse:293, 0.0
org.apache.commons.math.linear.RealVectorFormat:format:248, 0.0
org.apache.commons.math.linear.ArrayRealVector:isNaN:1148, 0.0
org.apache.commons.math.linear.RealVectorFormat:parse:322, 0.0
org.apache.commons.math.linear.RealVectorFormat:parse:321, 0.0
org.apache.commons.math.linear.ArrayRealVector:equals:1214, 0.0
org.apache.commons.math.linear.ArrayRealVector:isNaN:1149, 0.0
org.apache.commons.math.linear.ArrayRealVector:equals:1204, 0.0
org.apache.commons.math.linear.RealVectorFormat:parseObject:337, 0.0
org.apache.commons.math.linear.ArrayRealVector:equals:1219, 0.0
org.apache.commons.math.linear.ArrayRealVector:isNaN:1153, 0.0
org.apache.commons.math.linear.ArrayRealVector:equals:1218, 0.0
org.apache.commons.math.linear.ArrayRealVector:equals:1223, 0.0
org.apache.commons.math.linear.RealVectorFormat:parse:320, 0.0
org.apache.commons.math.linear.ArrayRealVector:equals:1200, 0.0
org.apache.commons.math.linear.ArrayRealVector:equals:1210, 0.0
org.apache.commons.math.linear.ArrayRealVector:equals:1209, 0.0
org.apache.commons.math.linear.RealVectorFormat:parse:324, 0.0
org.apache.commons.math.linear.ArrayRealVector:equals:1215, 0.0
org.apache.commons.math.linear.ArrayRealVector:isNaN:1150, 0.0
org.apache.commons.math.linear.RealVectorFormat:parse:307, 0.0
org.apache.commons.math.linear.RealVectorFormat:parse:306, 0.0
org.apache.commons.math.random.MersenneTwister:setSeed:150, 0.0
org.apache.commons.math.random.MersenneTwister:setSeed:185, 0.0
org.apache.commons.math.random.UnitSphereRandomVectorGenerator:nextVector:78, 0.0
org.apache.commons.math.random.MersenneTwister:setSeed:171, 0.0
org.apache.commons.math.analysis.interpolation.MicrosphereInterpolatingFunction:value:209, 0.0
org.apache.commons.math.analysis.interpolation.MicrosphereInterpolatingFunction$MicrosphereSurfaceElement:store:105, 0.0
org.apache.commons.math.analysis.interpolation.MicrosphereInterpolatingFunction:<init>:177, 0.0
org.apache.commons.math.analysis.interpolation.MicrosphereInterpolatingFunction:<init>:174, 0.0
org.apache.commons.math.analysis.interpolation.MicrosphereInterpolatingFunction:value:228, 0.0
org.apache.commons.math.linear.ArrayRealVector:hashCode:1233, 0.0
org.apache.commons.math.random.MersenneTwister:next:233, 0.0
org.apache.commons.math.linear.ArrayRealVector:getNorm:738, 0.0
org.apache.commons.math.linear.ArrayRealVector:getNorm:737, 0.0
org.apache.commons.math.random.MersenneTwister:setSeed:144, 0.0
org.apache.commons.math.random.MersenneTwister:setSeed:147, 0.0
org.apache.commons.math.random.MersenneTwister:setSeed:148, 0.0
org.apache.commons.math.analysis.interpolation.MicrosphereInterpolatingFunction:value:192, 0.0
org.apache.commons.math.analysis.interpolation.MicrosphereInterpolatingFunction:value:189, 0.0
org.apache.commons.math.random.MersenneTwister:setSeed:170, 0.0
org.apache.commons.math.analysis.interpolation.MicrosphereInterpolatingFunction$MicrosphereSurfaceElement:<init>:78, 0.0
org.apache.commons.math.analysis.interpolation.MicrosphereInterpolatingFunction$MicrosphereSurfaceElement:<init>:79, 0.0
org.apache.commons.math.analysis.interpolation.MicrosphereInterpolatingFunction$MicrosphereSurfaceElement:<init>:80, 0.0
org.apache.commons.math.random.UnitSphereRandomVectorGenerator:nextVector:74, 0.0
org.apache.commons.math.random.UnitSphereRandomVectorGenerator:nextVector:75, 0.0
org.apache.commons.math.random.MersenneTwister:setSeed:193, 0.0
org.apache.commons.math.random.MersenneTwister:setSeed:192, 0.0
org.apache.commons.math.linear.ArrayRealVector:dotProduct:720, 0.0
org.apache.commons.math.analysis.interpolation.MicrosphereInterpolatingFunction:<init>:156, 0.0
org.apache.commons.math.util.MathUtils:hash:783, 0.0
org.apache.commons.math.analysis.interpolation.MicrosphereInterpolatingFunction:value:226, 0.0
org.apache.commons.math.random.UnitSphereRandomVectorGenerator:nextVector:61, 0.0
org.apache.commons.math.random.MersenneTwister:setSeed:181, 0.0
org.apache.commons.math.random.MersenneTwister:<clinit>:92, 0.0
org.apache.commons.math.analysis.interpolation.MicrosphereInterpolator:<init>:76, 0.0
org.apache.commons.math.analysis.interpolation.MicrosphereInterpolator:<init>:77, 0.0
org.apache.commons.math.analysis.interpolation.MicrosphereInterpolator:<init>:78, 0.0
org.apache.commons.math.analysis.interpolation.MicrosphereInterpolator:<init>:75, 0.0
org.apache.commons.math.analysis.interpolation.MicrosphereInterpolatingFunction$MicrosphereSurfaceElement:store:109, 0.0
org.apache.commons.math.analysis.interpolation.MicrosphereInterpolatingFunction:value:197, 0.0
org.apache.commons.math.analysis.interpolation.MicrosphereInterpolatingFunction:value:201, 0.0
org.apache.commons.math.analysis.interpolation.MicrosphereInterpolatingFunction:value:200, 0.0
org.apache.commons.math.analysis.interpolation.MicrosphereInterpolatingFunction:value:203, 0.0
org.apache.commons.math.analysis.interpolation.MicrosphereInterpolatingFunction:value:223, 0.0
org.apache.commons.math.analysis.interpolation.MicrosphereInterpolatingFunction:value:224, 0.0
org.apache.commons.math.random.UnitSphereRandomVectorGenerator:nextVector:65, 0.0
org.apache.commons.math.random.UnitSphereRandomVectorGenerator:nextVector:66, 0.0
org.apache.commons.math.analysis.interpolation.MicrosphereInterpolatingFunction:<init>:178, 0.0
org.apache.commons.math.linear.ArrayRealVector:dotProduct:697, 0.0
org.apache.commons.math.analysis.interpolation.MicrosphereInterpolator:interpolate:86, 0.0
org.apache.commons.math.analysis.interpolation.MicrosphereInterpolator:interpolate:88, 0.0
org.apache.commons.math.analysis.interpolation.MicrosphereInterpolator:setMicropshereElements:121, 0.0
org.apache.commons.math.analysis.interpolation.MicrosphereInterpolator:setMicropshereElements:120, 0.0
org.apache.commons.math.linear.ArrayRealVector:hashCode:1236, 0.0
org.apache.commons.math.analysis.interpolation.MicrosphereInterpolatingFunction:cosAngle:240, 0.0
org.apache.commons.math.random.MersenneTwister:next:237, 0.0
org.apache.commons.math.random.MersenneTwister:next:236, 0.0
org.apache.commons.math.random.MersenneTwister:next:235, 0.0
org.apache.commons.math.random.MersenneTwister:next:234, 0.0
org.apache.commons.math.analysis.interpolation.MicrosphereInterpolatingFunction$MicrosphereSurfaceElement:illumination:116, 0.0
org.apache.commons.math.random.MersenneTwister:setSeed:180, 0.0
org.apache.commons.math.random.MersenneTwister:next:253, 0.0
org.apache.commons.math.random.MersenneTwister:next:245, 0.0
org.apache.commons.math.random.MersenneTwister:next:250, 0.0
org.apache.commons.math.random.MersenneTwister:next:251, 0.0
org.apache.commons.math.random.MersenneTwister:next:248, 0.0
org.apache.commons.math.random.MersenneTwister:next:249, 0.0
org.apache.commons.math.random.MersenneTwister:setSeed:143, 0.0
org.apache.commons.math.random.MersenneTwister:setSeed:142, 0.0
org.apache.commons.math.analysis.interpolation.MicrosphereInterpolatingFunction:<init>:161, 0.0
org.apache.commons.math.analysis.interpolation.MicrosphereInterpolatingFunction:<init>:160, 0.0
org.apache.commons.math.analysis.interpolation.MicrosphereInterpolatingFunction:<init>:165, 0.0
org.apache.commons.math.analysis.interpolation.MicrosphereInterpolatingFunction:<init>:164, 0.0
org.apache.commons.math.analysis.interpolation.MicrosphereInterpolatingFunction$MicrosphereSurfaceElement:store:106, 0.0
org.apache.commons.math.analysis.interpolation.MicrosphereInterpolatingFunction$MicrosphereSurfaceElement:store:107, 0.0
org.apache.commons.math.analysis.interpolation.MicrosphereInterpolatingFunction:value:206, 0.0
org.apache.commons.math.random.MersenneTwister:setSeed:197, 0.0
org.apache.commons.math.random.MersenneTwister:setSeed:199, 0.0
org.apache.commons.math.linear.ArrayRealVector:dotProduct:698, 0.0
org.apache.commons.math.analysis.interpolation.MicrosphereInterpolatingFunction:value:220, 0.0
org.apache.commons.math.analysis.interpolation.MicrosphereInterpolatingFunction:value:221, 0.0
org.apache.commons.math.analysis.interpolation.MicrosphereInterpolatingFunction:value:222, 0.0
org.apache.commons.math.analysis.interpolation.MicrosphereInterpolatingFunction:value:219, 0.0
org.apache.commons.math.analysis.interpolation.MicrosphereInterpolatingFunction:<init>:181, 0.0
org.apache.commons.math.analysis.interpolation.MicrosphereInterpolatingFunction$MicrosphereSurfaceElement:sample:124, 0.0
org.apache.commons.math.random.MersenneTwister:next:239, 0.0
org.apache.commons.math.random.MersenneTwister:next:242, 0.0
org.apache.commons.math.random.MersenneTwister:next:240, 0.0
org.apache.commons.math.random.MersenneTwister:next:227, 0.0
org.apache.commons.math.random.MersenneTwister:next:226, 0.0
org.apache.commons.math.random.MersenneTwister:setSeed:187, 0.0
org.apache.commons.math.random.MersenneTwister:setSeed:186, 0.0
org.apache.commons.math.analysis.interpolation.MicrosphereInterpolatingFunction:value:217, 0.0
org.apache.commons.math.analysis.interpolation.MicrosphereInterpolatingFunction:value:218, 0.0
org.apache.commons.math.linear.ArrayRealVector:dotProduct:731, 0.0
org.apache.commons.math.random.UnitSphereRandomVectorGenerator:nextVector:71, 0.0
org.apache.commons.math.analysis.interpolation.MicrosphereInterpolatingFunction$MicrosphereSurfaceElement:reset:95, 0.0
org.apache.commons.math.analysis.interpolation.MicrosphereInterpolatingFunction$MicrosphereSurfaceElement:reset:94, 0.0
org.apache.commons.math.analysis.interpolation.MicrosphereInterpolatingFunction$MicrosphereSurfaceElement:reset:96, 0.0
org.apache.commons.math.linear.ArrayRealVector:equals:1220, 0.0
org.apache.commons.math.random.BitsStreamGenerator:nextDouble:85, 0.0
org.apache.commons.math.random.BitsStreamGenerator:nextDouble:84, 0.0
org.apache.commons.math.random.BitsStreamGenerator:nextDouble:86, 0.0
org.apache.commons.math.random.MersenneTwister:setSeed:178, 0.0
org.apache.commons.math.random.MersenneTwister:setSeed:177, 0.0
org.apache.commons.math.linear.ArrayRealVector:getNorm:741, 0.0
org.apache.commons.math.analysis.interpolation.MicrosphereInterpolator:setMicropshereElements:115, 0.0
org.apache.commons.math.random.MersenneTwister:setSeed:172, 0.0
org.apache.commons.math.random.MersenneTwister:next:225, 0.0
org.apache.commons.math.analysis.interpolation.MicrosphereInterpolator:<init>:64, 0.0
org.apache.commons.math.analysis.interpolation.MicrosphereInterpolator:<init>:65, 0.0
org.apache.commons.math.random.UnitSphereRandomVectorGenerator:nextVector:68, 0.0
org.apache.commons.math.random.UnitSphereRandomVectorGenerator:nextVector:69, 0.0
org.apache.commons.math.random.UnitSphereRandomVectorGenerator:nextVector:67, 0.0
org.apache.commons.math.random.MersenneTwister:setSeed:168, 0.0
org.apache.commons.math.random.MersenneTwister:setSeed:167, 0.0
org.apache.commons.math.random.MersenneTwister:setSeed:166, 0.0
org.apache.commons.math.analysis.interpolation.MicrosphereInterpolator:setBrightnessExponent:106, 0.0
org.apache.commons.math.analysis.interpolation.MicrosphereInterpolator:setBrightnessExponent:107, 0.0
org.apache.commons.math.random.UnitSphereRandomVectorGenerator:<init>:56, 0.0
org.apache.commons.math.random.UnitSphereRandomVectorGenerator:<init>:55, 0.0
org.apache.commons.math.analysis.interpolation.MicrosphereInterpolatingFunction:<init>:167, 0.0
org.apache.commons.math.analysis.interpolation.MicrosphereInterpolatingFunction:<init>:166, 0.0
org.apache.commons.math.random.MersenneTwister:setSeed:176, 0.0
org.apache.commons.math.random.MersenneTwister:setSeed:175, 0.0
org.apache.commons.math.random.MersenneTwister:setSeed:174, 0.0
org.apache.commons.math.random.MersenneTwister:setSeed:173, 0.0
org.apache.commons.math.analysis.interpolation.MicrosphereInterpolatingFunction:value:212, 0.0
org.apache.commons.math.analysis.interpolation.MicrosphereInterpolatingFunction:value:210, 0.0
org.apache.commons.math.analysis.interpolation.MicrosphereInterpolatingFunction:value:211, 0.0
org.apache.commons.math.analysis.interpolation.MicrosphereInterpolatingFunction:<init>:152, 0.0
org.apache.commons.math.analysis.interpolation.MicrosphereInterpolatingFunction:<init>:151, 0.0
org.apache.commons.math.random.MersenneTwister:setSeed:190, 0.0
org.apache.commons.math.random.MersenneTwister:setSeed:191, 0.0
org.apache.commons.math.random.MersenneTwister:setSeed:188, 0.0
org.apache.commons.math.random.MersenneTwister:setSeed:189, 0.0
org.apache.commons.math.random.MersenneTwister:next:231, 0.0
org.apache.commons.math.random.MersenneTwister:next:230, 0.0
org.apache.commons.math.random.MersenneTwister:next:229, 0.0
org.apache.commons.math.random.MersenneTwister:next:228, 0.0
org.apache.commons.math.linear.ArrayRealVector:dotProduct:717, 0.0
org.apache.commons.math.linear.ArrayRealVector:dotProduct:718, 0.0
org.apache.commons.math.linear.ArrayRealVector:getNorm:739, 0.0
org.apache.commons.math.random.UnitSphereRandomVectorGenerator:<init>:46, 0.0
org.apache.commons.math.random.UnitSphereRandomVectorGenerator:<init>:47, 0.0
org.apache.commons.math.random.UnitSphereRandomVectorGenerator:<init>:44, 0.0
org.apache.commons.math.random.UnitSphereRandomVectorGenerator:<init>:45, 0.0
org.apache.commons.math.random.MersenneTwister:<init>:106, 0.0
org.apache.commons.math.random.MersenneTwister:<init>:107, 0.0
org.apache.commons.math.random.MersenneTwister:<init>:104, 0.0
org.apache.commons.math.random.MersenneTwister:<init>:105, 0.0
org.apache.commons.math.random.BitsStreamGenerator:<init>:34, 0.0
org.apache.commons.math.random.BitsStreamGenerator:<init>:35, 0.0
org.apache.commons.math.random.BitsStreamGenerator:<init>:36, 0.0
org.apache.commons.math.analysis.interpolation.MicrosphereInterpolatingFunction:value:214, 0.0
org.apache.commons.math.random.MersenneTwister:setSeed:208, 0.0
org.apache.commons.math.random.MersenneTwister:setSeed:209, 0.0
org.apache.commons.math.analysis.interpolation.MicrosphereInterpolatingFunction:value:193, 0.0
org.apache.commons.math.random.UnitSphereRandomVectorGenerator:nextVector:73, 0.0
org.apache.commons.math.analysis.interpolation.MicrosphereInterpolator:setBrightnessExponent:101, 0.0
org.apache.commons.math.analysis.interpolation.MicrosphereInterpolatingFunction$MicrosphereSurfaceElement:normal:87, 0.0
org.apache.commons.math.linear.ArrayRealVector:dotProduct:715, 0.0
org.apache.commons.math.linear.ArrayRealVector:dotProduct:716, 0.0
org.apache.commons.math.random.MersenneTwister:setSeed:161, 0.0
org.apache.commons.math.analysis.interpolation.MicrosphereInterpolatingFunction:<init>:171, 0.0
org.apache.commons.math.linear.LUDecompositionImpl$Solver:solve:389, 0.0
org.apache.commons.math.linear.LUDecompositionImpl$Solver:solve:388, 0.0
org.apache.commons.math.estimation.AbstractEstimator:getChiSquare:199, 0.0
org.apache.commons.math.estimation.AbstractEstimator:getChiSquare:198, 0.0
org.apache.commons.math.estimation.AbstractEstimator:getChiSquare:200, 0.0
org.apache.commons.math.linear.LUDecompositionImpl$Solver:solve:408, 0.0
org.apache.commons.math.linear.LUDecompositionImpl$Solver:solve:409, 0.0
org.apache.commons.math.linear.LUDecompositionImpl$Solver:solve:387, 0.0
org.apache.commons.math.linear.LUDecompositionImpl$Solver:solve:405, 0.0
org.apache.commons.math.estimation.AbstractEstimator:guessParametersErrors:269, 0.0
org.apache.commons.math.estimation.AbstractEstimator:getChiSquare:197, 0.0
org.apache.commons.math.estimation.AbstractEstimator:getChiSquare:196, 0.0
org.apache.commons.math.linear.LUDecompositionImpl$Solver:solve:406, 0.0
org.apache.commons.math.linear.LUDecompositionImpl$Solver:solve:407, 0.0
org.apache.commons.math.linear.LUDecompositionImpl$Solver:solve:378, 0.0
org.apache.commons.math.linear.LUDecompositionImpl$Solver:solve:402, 0.0
org.apache.commons.math.linear.LUDecompositionImpl$Solver:solve:403, 0.0
org.apache.commons.math.linear.LUDecompositionImpl$Solver:solve:381, 0.0
org.apache.commons.math.linear.LUDecompositionImpl$Solver:solve:382, 0.0
org.apache.commons.math.estimation.EstimatedParameter:getName:109, 0.0
org.apache.commons.math.linear.LUDecompositionImpl$Solver:solve:400, 0.0
org.apache.commons.math.linear.LUDecompositionImpl$Solver:solve:401, 0.0
org.apache.commons.math.linear.LUDecompositionImpl$Solver:solve:380, 0.0
org.apache.commons.math.linear.LUDecompositionImpl$Solver:solve:379, 0.0
org.apache.commons.math.linear.LUDecompositionImpl$Solver:solve:374, 0.0
org.apache.commons.math.linear.LUDecompositionImpl$Solver:solve:377, 0.0
org.apache.commons.math.linear.LUDecompositionImpl$Solver:solve:399, 0.0
org.apache.commons.math.estimation.EstimatedParameter:<init>:76, 0.0
org.apache.commons.math.estimation.EstimatedParameter:<init>:77, 0.0
org.apache.commons.math.estimation.EstimatedParameter:<init>:78, 0.0
org.apache.commons.math.estimation.EstimatedParameter:<init>:79, 0.0
org.apache.commons.math.estimation.EstimatedParameter:<init>:75, 0.0
org.apache.commons.math.linear.LUDecompositionImpl$Solver:solve:393, 0.0
org.apache.commons.math.linear.LUDecompositionImpl$Solver:solve:392, 0.0
org.apache.commons.math.estimation.AbstractEstimator:guessParametersErrors:266, 0.0
org.apache.commons.math.estimation.GaussNewtonEstimator:estimate:227, 0.0
org.apache.commons.math.estimation.AbstractEstimator:guessParametersErrors:267, 0.0
org.apache.commons.math.linear.LUDecompositionImpl$Solver:solve:391, 0.0
org.apache.commons.math.linear.LUDecompositionImpl$Solver:solve:390, 0.0
org.apache.commons.math.linear.LUDecompositionImpl$Solver:solve:414, 0.0
org.apache.commons.math.estimation.AbstractEstimator:getChiSquare:202, 0.0
org.apache.commons.math.estimation.AbstractEstimator:guessParametersErrors:264, 0.0
org.apache.commons.math.estimation.AbstractEstimator:guessParametersErrors:265, 0.0
org.apache.commons.math.estimation.AbstractEstimator:guessParametersErrors:263, 0.0
org.apache.commons.math.estimation.SimpleEstimationProblem:getAllParameters:66, 0.0
org.apache.commons.math.linear.AbstractRealMatrix:getColumnVector:500, 0.0
org.apache.commons.math.linear.AbstractRealMatrix:getColumn:563, 0.0
org.apache.commons.math.linear.AbstractRealMatrix:getColumn:558, 0.0
org.apache.commons.math.linear.AbstractRealMatrix:getColumn:559, 0.0
org.apache.commons.math.linear.AbstractRealMatrix:getColumn:556, 0.0
org.apache.commons.math.linear.AbstractRealMatrix:getColumn:557, 0.0
org.apache.commons.math.linear.MatrixUtils:checkColumnIndex:548, 0.0
org.apache.commons.math.linear.MatrixUtils:checkColumnIndex:544, 0.0
org.apache.commons.math.linear.MatrixIndexException:<init>:38, 0.0
org.apache.commons.math.linear.MatrixIndexException:<init>:39, 0.0
org.apache.commons.math.linear.MatrixUtils:checkColumnIndex:545, 0.0
org.apache.commons.math.linear.AbstractRealMatrix:getColumn:560, 0.0
org.apache.commons.math.linear.MatrixUtils:checkRowIndex:531, 0.0
org.apache.commons.math.linear.Array2DRowRealMatrix:operate:448, 0.0
org.apache.commons.math.linear.Array2DRowRealMatrix:operate:441, 0.0
org.apache.commons.math.linear.Array2DRowRealMatrix:operate:442, 0.0
org.apache.commons.math.linear.Array2DRowRealMatrix:operate:443, 0.0
org.apache.commons.math.linear.Array2DRowRealMatrix:operate:436, 0.0
org.apache.commons.math.linear.Array2DRowRealMatrix:operate:440, 0.0
org.apache.commons.math.linear.Array2DRowRealMatrix:operate:446, 0.0
org.apache.commons.math.linear.AbstractRealMatrix:operate:701, 0.0
org.apache.commons.math.linear.Array2DRowRealMatrix:operate:439, 0.0
org.apache.commons.math.linear.Array2DRowRealMatrix:operate:444, 0.0
org.apache.commons.math.linear.Array2DRowRealMatrix:operate:433, 0.0
org.apache.commons.math.linear.Array2DRowRealMatrix:operate:434, 0.0
org.apache.commons.math.linear.Array2DRowRealMatrix:operate:435, 0.0
org.apache.commons.math.linear.Array2DRowRealMatrix:preMultiply:472, 0.0
org.apache.commons.math.linear.Array2DRowRealMatrix:preMultiply:466, 0.0
org.apache.commons.math.linear.Array2DRowRealMatrix:preMultiply:465, 0.0
org.apache.commons.math.linear.Array2DRowRealMatrix:preMultiply:459, 0.0
org.apache.commons.math.linear.Array2DRowRealMatrix:preMultiply:469, 0.0
org.apache.commons.math.linear.Array2DRowRealMatrix:preMultiply:464, 0.0
org.apache.commons.math.linear.Array2DRowRealMatrix:preMultiply:463, 0.0
org.apache.commons.math.linear.Array2DRowRealMatrix:preMultiply:467, 0.0
org.apache.commons.math.linear.Array2DRowRealMatrix:preMultiply:458, 0.0
org.apache.commons.math.linear.Array2DRowRealMatrix:preMultiply:457, 0.0
org.apache.commons.math.linear.Array2DRowRealMatrix:preMultiply:456, 0.0
org.apache.commons.math.linear.AbstractRealMatrix:setColumnVector:518, 0.0
org.apache.commons.math.linear.AbstractRealMatrix:setColumnVector:514, 0.0
org.apache.commons.math.linear.AbstractRealMatrix:setColumnVector:515, 0.0
org.apache.commons.math.linear.AbstractRealMatrix:setColumnVector:508, 0.0
org.apache.commons.math.linear.AbstractRealMatrix:setColumnVector:509, 0.0
org.apache.commons.math.linear.AbstractRealMatrix:setColumnVector:507, 0.0
org.apache.commons.math.linear.AbstractRealMatrix:setColumnVector:510, 0.0
org.apache.commons.math.linear.AbstractRealMatrix:getRowMatrix:416, 0.0
org.apache.commons.math.linear.AbstractRealMatrix:getRowMatrix:415, 0.0
org.apache.commons.math.linear.Array2DRowRealMatrix:createMatrix:181, 0.0
org.apache.commons.math.linear.AbstractRealMatrix:setRowVector:487, 0.0
org.apache.commons.math.linear.AbstractRealMatrix:getRowMatrix:419, 0.0
org.apache.commons.math.linear.AbstractRealMatrix:getRowMatrix:414, 0.0
org.apache.commons.math.linear.AbstractRealMatrix:getRowMatrix:412, 0.0
org.apache.commons.math.linear.AbstractRealMatrix:getRowMatrix:413, 0.0
org.apache.commons.math.linear.ArrayRealVector:add:279, 0.0
org.apache.commons.math.linear.ArrayRealVector:outerProduct:959, 0.0
org.apache.commons.math.linear.ArrayRealVector:getL1Norm:751, 0.0
org.apache.commons.math.linear.ArrayRealVector:outerProduct:958, 0.0
org.apache.commons.math.linear.ArrayRealVector:add:275, 0.0
org.apache.commons.math.linear.ArrayRealVector:add:277, 0.0
org.apache.commons.math.linear.ArrayRealVector:add:276, 0.0
org.apache.commons.math.linear.ArrayRealVector:add:282, 0.0
org.apache.commons.math.linear.ArrayRealVector:getDistance:768, 0.0
org.apache.commons.math.linear.ArrayRealVector:ebeDivide:651, 0.0
org.apache.commons.math.linear.ArrayRealVector:unitVector:911, 0.0
org.apache.commons.math.linear.ArrayRealVector:unitVector:912, 0.0
org.apache.commons.math.linear.ArrayRealVector:outerProduct:960, 0.0
org.apache.commons.math.linear.ArrayRealVector:ebeDivide:675, 0.0
org.apache.commons.math.linear.ArrayRealVector:getDistance:769, 0.0
org.apache.commons.math.linear.ArrayRealVector:getDistance:791, 0.0
org.apache.commons.math.linear.ArrayRealVector:add:280, 0.0
org.apache.commons.math.linear.ArrayRealVector:getDistance:772, 0.0
org.apache.commons.math.linear.ArrayRealVector:getDistance:773, 0.0
org.apache.commons.math.linear.ArrayRealVector:getDistance:771, 0.0
org.apache.commons.math.linear.ArrayRealVector:getDistance:789, 0.0
org.apache.commons.math.linear.ArrayRealVector:getDistance:788, 0.0
org.apache.commons.math.linear.ArrayRealVector:getDistance:787, 0.0
org.apache.commons.math.linear.RealVector$Entry:setIndex:98, 0.0
org.apache.commons.math.linear.RealVector$Entry:setIndex:99, 0.0
org.apache.commons.math.linear.ArrayRealVector:outerProduct:963, 0.0
org.apache.commons.math.linear.ArrayRealVector:dotProduct:707, 0.0
org.apache.commons.math.linear.ArrayRealVector:ebeMultiply:622, 0.0
org.apache.commons.math.linear.ArrayRealVector:ebeMultiply:623, 0.0
org.apache.commons.math.linear.ArrayRealVector:ebeMultiply:621, 0.0
org.apache.commons.math.linear.ArrayRealVector:getLInfDistance:905, 0.0
org.apache.commons.math.linear.ArrayRealVector:outerProduct:985, 0.0
org.apache.commons.math.linear.ArrayRealVector:ebeDivide:648, 0.0
org.apache.commons.math.linear.ArrayRealVector:getL1Distance:821, 0.0
org.apache.commons.math.linear.ArrayRealVector:getL1Distance:820, 0.0
org.apache.commons.math.linear.ArrayRealVector:getL1Distance:819, 0.0
org.apache.commons.math.linear.ArrayRealVector:ebeDivide:664, 0.0
org.apache.commons.math.linear.ArrayRealVector:outerProduct:986, 0.0
org.apache.commons.math.linear.ArrayRealVector:outerProduct:987, 0.0
org.apache.commons.math.linear.ArrayRealVector:ebeDivide:649, 0.0
org.apache.commons.math.linear.ArrayRealVector:getDistance:774, 0.0
org.apache.commons.math.linear.ArrayRealVector:getDistance:775, 0.0
org.apache.commons.math.linear.ArrayRealVector:getL1Distance:817, 0.0
org.apache.commons.math.linear.ArrayRealVector:ebeMultiply:637, 0.0
org.apache.commons.math.linear.ArrayRealVector:getL1Norm:747, 0.0
org.apache.commons.math.linear.ArrayRealVector:getL1Norm:748, 0.0
org.apache.commons.math.linear.ArrayRealVector:getLInfDistance:864, 0.0
org.apache.commons.math.linear.ArrayRealVector:getDistance:809, 0.0
org.apache.commons.math.linear.ArrayRealVector:ebeDivide:661, 0.0
org.apache.commons.math.linear.ArrayRealVector:ebeDivide:662, 0.0
org.apache.commons.math.linear.ArrayRealVector:getL1Distance:825, 0.0
org.apache.commons.math.linear.ArrayRealVector:ebeMultiply:624, 0.0
org.apache.commons.math.linear.ArrayRealVector:dotProduct:704, 0.0
org.apache.commons.math.linear.ArrayRealVector:ebeDivide:644, 0.0
org.apache.commons.math.linear.ArrayRealVector:outerProduct:975, 0.0
org.apache.commons.math.linear.ArrayRealVector:mapDivideToSelf:383, 0.0
org.apache.commons.math.linear.ArrayRealVector:getDistance:777, 0.0
org.apache.commons.math.linear.ArrayRealVector:getLInfDistance:865, 0.0
org.apache.commons.math.linear.ArrayRealVector:getL1Distance:823, 0.0
org.apache.commons.math.linear.ArrayRealVector:getL1Distance:822, 0.0
org.apache.commons.math.linear.ArrayRealVector:ebeMultiply:626, 0.0
org.apache.commons.math.linear.ArrayRealVector:dotProduct:705, 0.0
org.apache.commons.math.linear.ArrayRealVector:ebeDivide:647, 0.0
org.apache.commons.math.linear.ArrayRealVector:ebeDivide:646, 0.0
org.apache.commons.math.linear.ArrayRealVector:outerProduct:990, 0.0
org.apache.commons.math.linear.ArrayRealVector:getL1Norm:749, 0.0
org.apache.commons.math.linear.ArrayRealVector:projection:945, 0.0
org.apache.commons.math.linear.ArrayRealVector:ebeMultiply:605, 0.0
org.apache.commons.math.linear.ArrayRealVector:ebeDivide:643, 0.0
org.apache.commons.math.linear.ArrayRealVector:dotProduct:702, 0.0
org.apache.commons.math.linear.ArrayRealVector:dotProduct:700, 0.0
org.apache.commons.math.linear.ArrayRealVector:dotProduct:701, 0.0
org.apache.commons.math.linear.ArrayRealVector:getL1Distance:835, 0.0
org.apache.commons.math.linear.ArrayRealVector:getL1Distance:836, 0.0
org.apache.commons.math.linear.ArrayRealVector:getL1Distance:837, 0.0
org.apache.commons.math.linear.ArrayRealVector:outerProduct:956, 0.0
org.apache.commons.math.linear.ArrayRealVector:outerProduct:957, 0.0
org.apache.commons.math.linear.ArrayRealVector:outerProduct:955, 0.0
org.apache.commons.math.linear.ArrayRealVector:getLInfDistance:869, 0.0
org.apache.commons.math.linear.ArrayRealVector:ebeDivide:660, 0.0
org.apache.commons.math.linear.ArrayRealVector:ebeDivide:659, 0.0
org.apache.commons.math.linear.ArrayRealVector:outerProduct:984, 0.0
org.apache.commons.math.linear.ArrayRealVector:outerProduct:982, 0.0
org.apache.commons.math.linear.ArrayRealVector:outerProduct:983, 0.0
org.apache.commons.math.linear.ArrayRealVector:ebeMultiply:613, 0.0
org.apache.commons.math.linear.ArrayRealVector:outerProduct:953, 0.0
org.apache.commons.math.linear.ArrayRealVector:getL1Distance:839, 0.0
org.apache.commons.math.linear.ArrayRealVector:getLInfDistance:867, 0.0
org.apache.commons.math.linear.ArrayRealVector:getLInfDistance:868, 0.0
org.apache.commons.math.linear.ArrayRealVector:unitize:926, 0.0
org.apache.commons.math.linear.ArrayRealVector:unitize:925, 0.0
org.apache.commons.math.linear.ArrayRealVector:getL1Distance:816, 0.0
org.apache.commons.math.linear.ArrayRealVector:getLInfDistance:873, 0.0
org.apache.commons.math.linear.ArrayRealVector:unitVector:913, 0.0
org.apache.commons.math.linear.ArrayRealVector:ebeMultiply:610, 0.0
org.apache.commons.math.linear.ArrayRealVector:ebeMultiply:608, 0.0
org.apache.commons.math.linear.ArrayRealVector:ebeMultiply:609, 0.0
org.apache.commons.math.linear.ArrayRealVector:ebeMultiply:611, 0.0
org.apache.commons.math.linear.ArrayRealVector:subtract:317, 0.0
org.apache.commons.math.linear.ArrayRealVector:subtract:316, 0.0
org.apache.commons.math.linear.ArrayRealVector:subtract:318, 0.0
org.apache.commons.math.linear.ArrayRealVector:outerProduct:952, 0.0
org.apache.commons.math.linear.ArrayRealVector:getL1Distance:834, 0.0
org.apache.commons.math.linear.ArrayRealVector:getL1Distance:833, 0.0
org.apache.commons.math.linear.ArrayRealVector:unitize:923, 0.0
org.apache.commons.math.linear.ArrayRealVector:getLInfDistance:870, 0.0
org.apache.commons.math.linear.ArrayRealVector:getLInfDistance:871, 0.0
org.apache.commons.math.linear.ArrayRealVector:ebeMultiply:606, 0.0
org.apache.commons.math.linear.ArrayRealVector:unitVector:915, 0.0
org.apache.commons.math.linear.RealVector$Entry:<init>:72, 0.0
org.apache.commons.math.linear.ArrayRealVector:unitize:922, 0.0
org.apache.commons.math.linear.ArrayRealVector:unitize:921, 0.0
org.apache.commons.math.linear.ArrayRealVector:getDistance:786, 0.0
org.apache.commons.math.linear.ArrayRealVector:getDistance:785, 0.0
org.apache.commons.math.linear.ArrayRealVector:projection:930, 0.0
org.apache.commons.math.linear.ArrayRealVector:getLInfNorm:758, 0.0
org.apache.commons.math.linear.ArrayRealVector:getLInfDistance:887, 0.0
org.apache.commons.math.linear.ArrayRealVector:mapDivideToSelf:380, 0.0
org.apache.commons.math.linear.ArrayRealVector:getL1Distance:857, 0.0
org.apache.commons.math.linear.ArrayRealVector:subtract:320, 0.0
org.apache.commons.math.linear.ArrayRealVector:getLInfNorm:757, 0.0
org.apache.commons.math.linear.ArrayRealVector:getLInfDistance:883, 0.0
org.apache.commons.math.linear.ArrayRealVector:getLInfDistance:885, 0.0
org.apache.commons.math.linear.ArrayRealVector:getLInfDistance:884, 0.0
org.apache.commons.math.linear.AbstractRealVector:mapDivide:462, 0.0
org.apache.commons.math.linear.ArrayRealVector:getLInfNorm:761, 0.0
org.apache.commons.math.linear.ArrayRealVector:mapDivideToSelf:381, 0.0
org.apache.commons.math.linear.ArrayRealVector:subtract:323, 0.0
org.apache.commons.math.linear.RealVector$Entry:getIndex:91, 0.0
org.apache.commons.math.linear.ArrayRealVector:getLInfDistance:881, 0.0
org.apache.commons.math.linear.ArrayRealVector:getLInfDistance:882, 0.0
org.apache.commons.math.linear.ArrayRealVector:getLInfNorm:759, 0.0
org.apache.commons.math.linear.ArrayRealVector:subtract:321, 0.0
org.apache.commons.math.linear.ArrayRealVector:projection:936, 0.0
org.apache.commons.math.linear.ArrayRealVector:<init>:204, 0.0
org.apache.commons.math.linear.ArrayRealVector:<init>:203, 0.0
org.apache.commons.math.linear.ArrayRealVector:<init>:234, 0.0
org.apache.commons.math.linear.ArrayRealVector:<init>:233, 0.0
org.apache.commons.math.linear.ArrayRealVector:<init>:232, 0.0
org.apache.commons.math.linear.ArrayRealVector:<init>:231, 0.0
org.apache.commons.math.linear.ArrayRealVector:<init>:230, 0.0
org.apache.commons.math.linear.ArrayRealVector:<init>:229, 0.0
org.apache.commons.math.linear.ArrayRealVector:<init>:228, 0.0
org.apache.commons.math.linear.ArrayRealVector:<init>:213, 0.0
org.apache.commons.math.linear.ArrayRealVector:<init>:214, 0.0
org.apache.commons.math.linear.ArrayRealVector:<init>:215, 0.0
org.apache.commons.math.linear.ArrayRealVector:<init>:216, 0.0
org.apache.commons.math.linear.ArrayRealVector:<init>:217, 0.0
org.apache.commons.math.linear.ArrayRealVector:<init>:160, 0.0
org.apache.commons.math.linear.ArrayRealVector:<init>:132, 0.0
org.apache.commons.math.linear.ArrayRealVector:<init>:106, 0.0
org.apache.commons.math.linear.ArrayRealVector:<init>:171, 0.0
org.apache.commons.math.linear.ArrayRealVector:<init>:170, 0.0
org.apache.commons.math.linear.ArrayRealVector:<init>:119, 0.0
org.apache.commons.math.linear.ArrayRealVector:<init>:149, 0.0
org.apache.commons.math.linear.ArrayRealVector:<init>:150, 0.0
org.apache.commons.math.linear.ArrayRealVector:<init>:144, 0.0
org.apache.commons.math.linear.ArrayRealVector:<init>:143, 0.0
org.apache.commons.math.linear.ArrayRealVector:<init>:246, 0.0
org.apache.commons.math.linear.ArrayRealVector:<init>:247, 0.0
org.apache.commons.math.linear.ArrayRealVector:<init>:244, 0.0
org.apache.commons.math.linear.ArrayRealVector:<init>:245, 0.0
org.apache.commons.math.linear.ArrayRealVector:<init>:242, 0.0
org.apache.commons.math.linear.ArrayRealVector:<init>:243, 0.0
org.apache.commons.math.linear.ArrayRealVector:<init>:241, 0.0
org.apache.commons.math.linear.ArrayRealVector:<init>:58, 0.0
org.apache.commons.math.linear.ArrayRealVector:<init>:57, 0.0
org.apache.commons.math.linear.ArrayRealVector:<init>:56, 0.0
org.apache.commons.math.linear.ArrayRealVector:<init>:158, 0.0
org.apache.commons.math.linear.ArrayRealVector:<init>:159, 0.0
org.apache.commons.math.linear.ArrayRealVector:<init>:131, 0.0
org.apache.commons.math.linear.ArrayRealVector:<init>:130, 0.0
org.apache.commons.math.linear.ArrayRealVector:<init>:124, 0.0
org.apache.commons.math.linear.ArrayRealVector:<init>:123, 0.0
org.apache.commons.math.linear.ArrayRealVector:<init>:122, 0.0
org.apache.commons.math.linear.ArrayRealVector:<init>:148, 0.0
org.apache.commons.math.linear.ArrayRealVector:<init>:220, 0.0
org.apache.commons.math.linear.ArrayRealVector:<init>:221, 0.0
org.apache.commons.math.linear.ArrayRealVector:<init>:199, 0.0
org.apache.commons.math.linear.ArrayRealVector:<init>:198, 0.0
org.apache.commons.math.linear.ArrayRealVector:<init>:201, 0.0
org.apache.commons.math.linear.ArrayRealVector:<init>:200, 0.0
org.apache.commons.math.linear.ArrayRealVector:<init>:202, 0.0
org.apache.commons.math.linear.ArrayRealVector:<init>:135, 0.0
org.apache.commons.math.linear.ArrayRealVector:<init>:254, 0.0
org.apache.commons.math.linear.ArrayRealVector:<init>:258, 0.0
org.apache.commons.math.linear.ArrayRealVector:<init>:255, 0.0
org.apache.commons.math.linear.ArrayRealVector:<init>:259, 0.0
org.apache.commons.math.linear.ArrayRealVector:<init>:256, 0.0
org.apache.commons.math.linear.ArrayRealVector:<init>:257, 0.0
org.apache.commons.math.linear.ArrayRealVector:<init>:260, 0.0
org.apache.commons.math.linear.ArrayRealVector:<init>:163, 0.0
org.apache.commons.math.linear.ArrayRealVector:<init>:103, 0.0
org.apache.commons.math.linear.ArrayRealVector:<init>:145, 0.0
org.apache.commons.math.linear.ArrayRealVector:<init>:218, 0.0
org.apache.commons.math.linear.ArrayRealVector:<init>:206, 0.0
org.apache.commons.math.linear.ArrayRealVector:<init>:133, 0.0
org.apache.commons.math.linear.ArrayRealVector:<init>:152, 0.0
org.apache.commons.math.linear.ArrayRealVector:<init>:161, 0.0
org.apache.commons.math.linear.ArrayRealVector:<init>:76, 0.0
org.apache.commons.math.linear.ArrayRealVector:<init>:73, 0.0
org.apache.commons.math.linear.ArrayRealVector:<init>:74, 0.0
org.apache.commons.math.linear.ArrayRealVector:<init>:75, 0.0
org.apache.commons.math.linear.ArrayRealVector:<init>:118, 0.0
org.apache.commons.math.linear.ArrayRealVector:<init>:117, 0.0
org.apache.commons.math.linear.ArrayRealVector:<init>:187, 0.0
org.apache.commons.math.linear.ArrayRealVector:<init>:190, 0.0
org.apache.commons.math.linear.ArrayRealVector:<init>:191, 0.0
org.apache.commons.math.linear.ArrayRealVector:<init>:188, 0.0
org.apache.commons.math.linear.ArrayRealVector:<init>:189, 0.0
org.apache.commons.math.linear.ArrayRealVector:append:1018, 0.0
org.apache.commons.math.linear.ArrayRealVector:setSubVector:1069, 0.0
org.apache.commons.math.linear.ArrayRealVector:append:1008, 0.0
org.apache.commons.math.linear.ArrayRealVector:append:1007, 0.0
org.apache.commons.math.linear.ArrayRealVector:append:1006, 0.0
org.apache.commons.math.linear.AbstractRealVector:checkIndex:72, 0.0
org.apache.commons.math.linear.ArrayRealVector:append:1024, 0.0
org.apache.commons.math.linear.ArrayRealVector:append:1025, 0.0
org.apache.commons.math.linear.ArrayRealVector:append:1026, 0.0
org.apache.commons.math.linear.ArrayRealVector:append:1023, 0.0
org.apache.commons.math.linear.ArrayRealVector:setSubVector:1081, 0.0
org.apache.commons.math.linear.ArrayRealVector:set:1100, 0.0
org.apache.commons.math.linear.ArrayRealVector:set:1099, 0.0
org.apache.commons.math.linear.ArrayRealVector:setEntry:1051, 0.0
org.apache.commons.math.linear.ArrayRealVector:setEntry:1050, 0.0
org.apache.commons.math.linear.ArrayRealVector:setSubVector:1062, 0.0
org.apache.commons.math.linear.ArrayRealVector:setSubVector:1063, 0.0
org.apache.commons.math.linear.AbstractRealVector:checkIndex:76, 0.0
org.apache.commons.math.linear.ArrayRealVector:set:1093, 0.0
org.apache.commons.math.linear.ArrayRealVector:set:1094, 0.0
org.apache.commons.math.linear.ArrayRealVector:getSubVector:1043, 0.0
org.apache.commons.math.linear.ArrayRealVector:setSubVector:1065, 0.0
org.apache.commons.math.linear.ArrayRealVector:setSubVector:1060, 0.0
org.apache.commons.math.linear.ArrayRealVector:setSubVector:1079, 0.0
org.apache.commons.math.linear.ArrayRealVector:setSubVector:1078, 0.0
org.apache.commons.math.linear.ArrayRealVector:setSubVector:1077, 0.0
org.apache.commons.math.linear.ArrayRealVector:setEntry:1049, 0.0
org.apache.commons.math.linear.ArrayRealVector:setEntry:1052, 0.0
org.apache.commons.math.linear.ArrayRealVector:setSubVector:1070, 0.0
org.apache.commons.math.linear.AbstractRealVector:checkIndex:71, 0.0
org.apache.commons.math.linear.ArrayRealVector:getSubVector:1041, 0.0
org.apache.commons.math.linear.ArrayRealVector:getSubVector:1040, 0.0
org.apache.commons.math.linear.ArrayRealVector:getSubVector:1039, 0.0
org.apache.commons.math.linear.ArrayRealVector:setSubVector:1080, 0.0
org.apache.commons.math.linear.ArrayRealVector:setSubVector:1076, 0.0
org.apache.commons.math.linear.ArrayRealVector:setSubVector:1061, 0.0
org.apache.commons.math.linear.ArrayRealVector:append:1031, 0.0
org.apache.commons.math.linear.ArrayRealVector:setSubVector:1066, 0.0
org.apache.commons.math.linear.ArrayRealVector:setSubVector:1067, 0.0
org.apache.commons.math.linear.ArrayRealVector:setSubVector:1068, 0.0
org.apache.commons.math.linear.ArrayRealVector:getSubVector:1042, 0.0
org.apache.commons.math.linear.ArrayRealVector:getSubVector:1036, 0.0
org.apache.commons.math.linear.ArrayRealVector:getSubVector:1038, 0.0
org.apache.commons.math.linear.ArrayRealVector:toArray:1105, 0.0
org.apache.commons.math.linear.ArrayRealVector:setEntry:1053, 0.0
org.apache.commons.math.linear.ArrayRealVector:mapInvToSelf:524, 0.0
org.apache.commons.math.linear.ArrayRealVector:mapPowToSelf:389, 0.0
org.apache.commons.math.linear.ArrayRealVector:mapFloorToSelf:570, 0.0
org.apache.commons.math.linear.ArrayRealVector:mapFloorToSelf:569, 0.0
org.apache.commons.math.linear.ArrayRealVector:mapUlpToSelf:596, 0.0
org.apache.commons.math.linear.ArrayRealVector:mapExpm1ToSelf:410, 0.0
org.apache.commons.math.linear.ArrayRealVector:mapLog10ToSelf:425, 0.0
org.apache.commons.math.linear.ArrayRealVector:mapCosToSelf:470, 0.0
org.apache.commons.math.linear.ArrayRealVector:mapCosToSelf:471, 0.0
org.apache.commons.math.linear.ArrayRealVector:mapAbsToSelf:533, 0.0
org.apache.commons.math.linear.ArrayRealVector:mapTanhToSelf:462, 0.0
org.apache.commons.math.linear.ArrayRealVector:mapTanhToSelf:461, 0.0
org.apache.commons.math.linear.ArrayRealVector:mapLogToSelf:416, 0.0
org.apache.commons.math.linear.ArrayRealVector:mapRintToSelf:578, 0.0
org.apache.commons.math.linear.ArrayRealVector:mapAddToSelf:356, 0.0
org.apache.commons.math.linear.ArrayRealVector:mapSinToSelf:482, 0.0
org.apache.commons.math.linear.ArrayRealVector:mapSignumToSelf:587, 0.0
org.apache.commons.math.linear.AbstractRealVector:mapUlp:710, 0.0
org.apache.commons.math.linear.ArrayRealVector:mapAsinToSelf:506, 0.0
org.apache.commons.math.linear.ArrayRealVector:mapCeilToSelf:560, 0.0
org.apache.commons.math.linear.ArrayRealVector:mapFloorToSelf:572, 0.0
org.apache.commons.math.linear.ArrayRealVector:mapUlpToSelf:597, 0.0
org.apache.commons.math.linear.AbstractRealVector:mapLog10:546, 0.0
org.apache.commons.math.linear.ArrayRealVector:mapAbsToSelf:536, 0.0
org.apache.commons.math.linear.AbstractRealVector:mapSin:630, 0.0
org.apache.commons.math.linear.ArrayRealVector:mapAbsToSelf:534, 0.0
org.apache.commons.math.linear.ArrayRealVector:mapTanhToSelf:464, 0.0
org.apache.commons.math.linear.AbstractRealVector:mapCbrt:406, 0.0
org.apache.commons.math.linear.ArrayRealVector:mapRintToSelf:579, 0.0
org.apache.commons.math.linear.ArrayRealVector:mapSubtractToSelf:365, 0.0
org.apache.commons.math.linear.ArrayRealVector:mapAddToSelf:353, 0.0
org.apache.commons.math.linear.ArrayRealVector:mapAddToSelf:354, 0.0
org.apache.commons.math.linear.ArrayRealVector:mapUlpToSelf:599, 0.0
org.apache.commons.math.linear.ArrayRealVector:mapExpm1ToSelf:407, 0.0
org.apache.commons.math.linear.AbstractRealVector:mapRint:602, 0.0
org.apache.commons.math.linear.ArrayRealVector:mapLog10ToSelf:428, 0.0
org.apache.commons.math.linear.ArrayRealVector:mapCbrtToSelf:551, 0.0
org.apache.commons.math.linear.ArrayRealVector:mapLog1pToSelf:437, 0.0
org.apache.commons.math.linear.ArrayRealVector:mapSignumToSelf:588, 0.0
org.apache.commons.math.linear.ArrayRealVector:mapSinToSelf:479, 0.0
org.apache.commons.math.linear.ArrayRealVector:mapRintToSelf:581, 0.0
org.apache.commons.math.linear.ArrayRealVector:mapLogToSelf:419, 0.0
org.apache.commons.math.linear.AbstractRealVector:mapCeil:420, 0.0
org.apache.commons.math.linear.ArrayRealVector:mapExpm1ToSelf:408, 0.0
org.apache.commons.math.linear.AbstractRealVector:mapAsin:378, 0.0
org.apache.commons.math.linear.ArrayRealVector:mapAsinToSelf:507, 0.0
org.apache.commons.math.linear.ArrayRealVector:mapCeilToSelf:561, 0.0
org.apache.commons.math.linear.AbstractRealVector:mapExp:476, 0.0
org.apache.commons.math.linear.AbstractRealVector:mapSignum:616, 0.0
org.apache.commons.math.linear.ArrayRealVector:mapCosToSelf:473, 0.0
org.apache.commons.math.linear.AbstractRealVector:mapSubtract:672, 0.0
org.apache.commons.math.linear.ArrayRealVector:mapLog10ToSelf:426, 0.0
org.apache.commons.math.linear.ArrayRealVector:mapSqrtToSelf:545, 0.0
org.apache.commons.math.linear.ArrayRealVector:mapCoshToSelf:443, 0.0
org.apache.commons.math.linear.ArrayRealVector:mapAtanToSelf:518, 0.0
org.apache.commons.math.linear.ArrayRealVector:mapSinToSelf:480, 0.0
org.apache.commons.math.linear.ArrayRealVector:mapLog1pToSelf:434, 0.0
org.apache.commons.math.linear.ArrayRealVector:mapLog1pToSelf:435, 0.0
org.apache.commons.math.linear.ArrayRealVector:mapLogToSelf:417, 0.0
org.apache.commons.math.linear.ArrayRealVector:mapAcosToSelf:497, 0.0
org.apache.commons.math.linear.ArrayRealVector:mapCeilToSelf:563, 0.0
org.apache.commons.math.linear.AbstractRealVector:mapTanh:696, 0.0
org.apache.commons.math.linear.ArrayRealVector:mapTanToSelf:488, 0.0
org.apache.commons.math.linear.ArrayRealVector:mapAtanToSelf:516, 0.0
org.apache.commons.math.linear.ArrayRealVector:mapAtanToSelf:515, 0.0
org.apache.commons.math.linear.ArrayRealVector:mapSubtractToSelf:362, 0.0
org.apache.commons.math.linear.ArrayRealVector:mapSinhToSelf:452, 0.0
org.apache.commons.math.linear.ArrayRealVector:mapExpToSelf:399, 0.0
org.apache.commons.math.linear.ArrayRealVector:mapExpToSelf:398, 0.0
org.apache.commons.math.linear.AbstractRealVector:mapAtan:392, 0.0
org.apache.commons.math.linear.ArrayRealVector:mapSinhToSelf:455, 0.0
org.apache.commons.math.linear.AbstractRealVector:mapAbs:350, 0.0
org.apache.commons.math.linear.ArrayRealVector:mapCbrtToSelf:552, 0.0
org.apache.commons.math.linear.AbstractRealVector:mapAdd:151, 0.0
org.apache.commons.math.linear.AbstractRealVector:mapTan:682, 0.0
org.apache.commons.math.linear.ArrayRealVector:mapSqrtToSelf:543, 0.0
org.apache.commons.math.linear.ArrayRealVector:mapSqrtToSelf:542, 0.0
org.apache.commons.math.linear.ArrayRealVector:mapSignumToSelf:590, 0.0
org.apache.commons.math.linear.ArrayRealVector:mapExpToSelf:401, 0.0
org.apache.commons.math.linear.ArrayRealVector:mapSubtractToSelf:363, 0.0
org.apache.commons.math.linear.ArrayRealVector:mapSinhToSelf:453, 0.0
org.apache.commons.math.linear.AbstractRealVector:mapSinh:644, 0.0
org.apache.commons.math.linear.AbstractRealVector:mapCosh:448, 0.0
org.apache.commons.math.linear.ArrayRealVector:mapCbrtToSelf:554, 0.0
org.apache.commons.math.linear.ArrayRealVector:mapPowToSelf:392, 0.0
org.apache.commons.math.linear.ArrayRealVector:mapCoshToSelf:444, 0.0
org.apache.commons.math.linear.AbstractRealVector:mapExpm1:490, 0.0
org.apache.commons.math.linear.AbstractRealVector:mapPow:588, 0.0
org.apache.commons.math.linear.ArrayRealVector:mapAcosToSelf:500, 0.0
org.apache.commons.math.linear.ArrayRealVector:mapTanToSelf:491, 0.0
org.apache.commons.math.linear.AbstractRealVector:mapFloor:504, 0.0
org.apache.commons.math.linear.AbstractRealVector:mapLog:532, 0.0
org.apache.commons.math.linear.ArrayRealVector:mapPowToSelf:390, 0.0
org.apache.commons.math.linear.ArrayRealVector:mapCoshToSelf:446, 0.0
org.apache.commons.math.linear.ArrayRealVector:mapInvToSelf:525, 0.0
org.apache.commons.math.linear.AbstractRealVector:mapLog1p:560, 0.0
org.apache.commons.math.linear.ArrayRealVector:mapTanToSelf:489, 0.0
org.apache.commons.math.linear.ArrayRealVector:mapAcosToSelf:498, 0.0
org.apache.commons.math.linear.AbstractRealVector:mapInv:518, 0.0
org.apache.commons.math.linear.AbstractRealVector:mapAcos:364, 0.0
org.apache.commons.math.linear.AbstractRealVector:mapSqrt:658, 0.0
org.apache.commons.math.linear.AbstractRealVector:mapCos:434, 0.0
org.apache.commons.math.linear.ArrayRealVector:mapAsinToSelf:509, 0.0
org.apache.commons.math.linear.ArrayRealVector:mapInvToSelf:527, 0.0
org.apache.commons.math.linear.AbstractRealVector$1:hasNext:809, 0.0
org.apache.commons.math.linear.AbstractRealVector:getMaxIndex:334, 0.0
org.apache.commons.math.linear.AbstractRealVector:getMaxIndex:333, 0.0
org.apache.commons.math.linear.AbstractRealVector:getMinIndex:307, 0.0
org.apache.commons.math.linear.AbstractRealVector:getMinIndex:308, 0.0
org.apache.commons.math.linear.AbstractRealVector:getMinIndex:311, 0.0
org.apache.commons.math.linear.AbstractRealVector:getMaxIndex:330, 0.0
org.apache.commons.math.linear.AbstractRealVector:getMaxValue:345, 0.0
org.apache.commons.math.linear.AbstractRealVector:iterator:799, 0.0
org.apache.commons.math.linear.AbstractRealVector:iterator:798, 0.0
org.apache.commons.math.linear.AbstractRealVector:getMaxValue:344, 0.0
org.apache.commons.math.linear.AbstractRealVector:getMinValue:319, 0.0
org.apache.commons.math.linear.AbstractRealVector$EntryImpl:<init>:846, 0.0
org.apache.commons.math.linear.AbstractRealVector$EntryImpl:<init>:844, 0.0
org.apache.commons.math.linear.AbstractRealVector$EntryImpl:<init>:845, 0.0
org.apache.commons.math.linear.AbstractRealVector:getMaxIndex:337, 0.0
org.apache.commons.math.linear.AbstractRealVector:getMinIndex:304, 0.0
org.apache.commons.math.linear.AbstractRealVector:getMinIndex:305, 0.0
org.apache.commons.math.linear.AbstractRealVector:getMinIndex:306, 0.0
org.apache.commons.math.linear.AbstractRealVector:getMaxIndex:336, 0.0
org.apache.commons.math.linear.AbstractRealVector:getMinIndex:310, 0.0
org.apache.commons.math.linear.AbstractRealVector:getMaxIndex:332, 0.0
org.apache.commons.math.linear.AbstractRealVector:getMaxIndex:331, 0.0
org.apache.commons.math.linear.AbstractRealVector:getMaxIndex:327, 0.0
org.apache.commons.math.linear.AbstractRealVector:getMaxIndex:328, 0.0
org.apache.commons.math.linear.AbstractRealVector:getMaxIndex:329, 0.0
org.apache.commons.math.linear.AbstractRealVector:getMinValue:318, 0.0
org.apache.commons.math.linear.AbstractRealVector$EntryImpl:getValue:851, 0.0
org.apache.commons.math.linear.AbstractRealVector$1:next:814, 0.0
org.apache.commons.math.linear.AbstractRealVector$1:next:815, 0.0
org.apache.commons.math.linear.AbstractRealVector$1:<init>:799, 0.0
org.apache.commons.math.linear.AbstractRealVector$1:<init>:805, 0.0
org.apache.commons.math.linear.AbstractRealVector$1:<init>:802, 0.0
org.apache.commons.math.linear.AbstractRealVector:getMinIndex:301, 0.0
org.apache.commons.math.linear.AbstractRealVector:getMinIndex:302, 0.0
org.apache.commons.math.linear.AbstractRealVector:getMinIndex:303, 0.0
org.apache.commons.math.linear.ArrayRealVector:isInfinite:1170, 0.0
org.apache.commons.math.linear.ArrayRealVector:isInfinite:1165, 0.0
org.apache.commons.math.linear.ArrayRealVector:equals:1205, 0.0
org.apache.commons.math.linear.ArrayRealVector:equals:1201, 0.0
org.apache.commons.math.linear.ArrayRealVector:isInfinite:1168, 0.0
org.apache.commons.math.linear.ArrayRealVector:isInfinite:1169, 0.0
org.apache.commons.math.linear.ArrayRealVector:isInfinite:1164, 0.0
org.apache.commons.math.linear.ArrayRealVector:equals:1211, 0.0
org.apache.commons.math.linear.ArrayRealVector:isInfinite:1174, 0.0
org.apache.commons.math.linear.ArrayRealVector:hashCode:1234, 0.0
org.apache.commons.math.linear.BlockRealMatrix:getColumnVector:1109, 0.0
org.apache.commons.math.linear.BlockRealMatrix:getColumnVector:1111, 0.0
org.apache.commons.math.linear.BlockRealMatrix:getColumnVector:1110, 0.0
org.apache.commons.math.linear.BlockRealMatrix:getColumnVector:1116, 0.0
org.apache.commons.math.linear.BlockRealMatrix:getColumnVector:1100, 0.0
org.apache.commons.math.linear.BlockRealMatrix:getColumnVector:1101, 0.0
org.apache.commons.math.linear.BlockRealMatrix:getColumnVector:1108, 0.0
org.apache.commons.math.linear.BlockRealMatrix:getColumnVector:1105, 0.0
org.apache.commons.math.linear.BlockRealMatrix:getColumnVector:1104, 0.0
org.apache.commons.math.linear.BlockRealMatrix:getColumnVector:1107, 0.0
org.apache.commons.math.linear.BlockRealMatrix:getColumnVector:1106, 0.0
org.apache.commons.math.linear.BlockRealMatrix:getColumnVector:1112, 0.0
org.apache.commons.math.linear.BlockRealMatrix:getRowVector:1075, 0.0
org.apache.commons.math.linear.BlockRealMatrix:getRowVector:1074, 0.0
org.apache.commons.math.linear.BlockRealMatrix:getRowVector:1073, 0.0
org.apache.commons.math.linear.BlockRealMatrix:getRowVector:1077, 0.0
org.apache.commons.math.linear.BlockRealMatrix:getRowVector:1076, 0.0
org.apache.commons.math.linear.BlockRealMatrix:getRowVector:1080, 0.0
org.apache.commons.math.linear.BlockRealMatrix:getRowVector:1066, 0.0
org.apache.commons.math.linear.BlockRealMatrix:getRowVector:1067, 0.0
org.apache.commons.math.linear.BlockRealMatrix:getRowVector:1072, 0.0
org.apache.commons.math.linear.BlockRealMatrix:getRowVector:1070, 0.0
org.apache.commons.math.linear.BlockRealMatrix:getRowVector:1071, 0.0
org.apache.commons.math.linear.BlockRealMatrix:setColumnVector:1125, 0.0
org.apache.commons.math.linear.BlockRealMatrix:setColumnVector:1128, 0.0
org.apache.commons.math.linear.BlockRealMatrix:setColumnVector:1129, 0.0
org.apache.commons.math.linear.BlockRealMatrix:setColumn:1226, 0.0
org.apache.commons.math.linear.BlockRealMatrix:setColumn:1231, 0.0
org.apache.commons.math.linear.BlockRealMatrix:setColumn:1210, 0.0
org.apache.commons.math.linear.BlockRealMatrix:setColumn:1211, 0.0
org.apache.commons.math.linear.BlockRealMatrix:setColumn:1212, 0.0
org.apache.commons.math.linear.BlockRealMatrix:setColumn:1225, 0.0
org.apache.commons.math.linear.BlockRealMatrix:setColumn:1224, 0.0
org.apache.commons.math.linear.BlockRealMatrix:getEntry:1238, 0.0
org.apache.commons.math.linear.BlockRealMatrix:getEntry:1239, 0.0
org.apache.commons.math.linear.BlockRealMatrix:getEntry:1240, 0.0
org.apache.commons.math.linear.BlockRealMatrix:getEntry:1242, 0.0
org.apache.commons.math.linear.BlockRealMatrix:setColumn:1223, 0.0
org.apache.commons.math.linear.BlockRealMatrix:setColumn:1227, 0.0
org.apache.commons.math.linear.BlockRealMatrix:setColumn:1221, 0.0
org.apache.commons.math.linear.BlockRealMatrix:setColumn:1220, 0.0
org.apache.commons.math.linear.BlockRealMatrix:setColumn:1222, 0.0
org.apache.commons.math.linear.BlockRealMatrix:setColumn:1219, 0.0
org.apache.commons.math.linear.BlockRealMatrix:setRow:1168, 0.0
org.apache.commons.math.linear.BlockRealMatrix:setRow:1169, 0.0
org.apache.commons.math.linear.BlockRealMatrix:setRow:1170, 0.0
org.apache.commons.math.linear.BlockRealMatrix:setRow:1171, 0.0
org.apache.commons.math.linear.BlockRealMatrix:setRowVector:1092, 0.0
org.apache.commons.math.linear.BlockRealMatrix:setRowVector:1089, 0.0
org.apache.commons.math.linear.BlockRealMatrix:setRow:1172, 0.0
org.apache.commons.math.linear.BlockRealMatrix:setRow:1173, 0.0
org.apache.commons.math.linear.BlockRealMatrix:setRow:1174, 0.0
org.apache.commons.math.linear.BlockRealMatrix:setRow:1175, 0.0
org.apache.commons.math.linear.BlockRealMatrix:setRow:1161, 0.0
org.apache.commons.math.linear.BlockRealMatrix:setRow:1160, 0.0
org.apache.commons.math.linear.BlockRealMatrix:setRow:1159, 0.0
org.apache.commons.math.linear.BlockRealMatrix:setRow:1178, 0.0
org.apache.commons.math.linear.BlockRealMatrix:setRowVector:1093, 0.0
org.apache.commons.math.linear.BlockRealMatrix:operate:1360, 0.0
org.apache.commons.math.linear.BlockRealMatrix:preMultiply:1418, 0.0
org.apache.commons.math.linear.BlockRealMatrix:preMultiply:1426, 0.0
org.apache.commons.math.linear.BlockRealMatrix:preMultiply:1438, 0.0
org.apache.commons.math.linear.BlockRealMatrix:preMultiply:1422, 0.0
org.apache.commons.math.linear.BlockRealMatrix:preMultiply:1415, 0.0
org.apache.commons.math.linear.BlockRealMatrix:preMultiply:1414, 0.0
org.apache.commons.math.linear.BlockRealMatrix:preMultiply:1413, 0.0
org.apache.commons.math.linear.BlockRealMatrix:preMultiply:1412, 0.0
org.apache.commons.math.linear.BlockRealMatrix:preMultiply:1417, 0.0
org.apache.commons.math.linear.BlockRealMatrix:preMultiply:1416, 0.0
org.apache.commons.math.linear.BlockRealMatrix:preMultiply:1424, 0.0
org.apache.commons.math.linear.BlockRealMatrix:preMultiply:1425, 0.0
org.apache.commons.math.linear.BlockRealMatrix:preMultiply:1423, 0.0
org.apache.commons.math.linear.BlockRealMatrix:preMultiply:1403, 0.0
org.apache.commons.math.linear.BlockRealMatrix:preMultiply:1435, 0.0
org.apache.commons.math.linear.BlockRealMatrix:preMultiply:1436, 0.0
org.apache.commons.math.linear.BlockRealMatrix:preMultiply:1443, 0.0
org.apache.commons.math.linear.BlockRealMatrix:preMultiply:1411, 0.0
org.apache.commons.math.linear.BlockRealMatrix:preMultiply:1404, 0.0
org.apache.commons.math.linear.BlockRealMatrix:preMultiply:1434, 0.0
org.apache.commons.math.linear.BlockRealMatrix:preMultiply:1419, 0.0
org.apache.commons.math.linear.BlockRealMatrix:preMultiply:1421, 0.0
org.apache.commons.math.linear.BlockRealMatrix:preMultiply:1420, 0.0
org.apache.commons.math.linear.BlockRealMatrix:preMultiply:1408, 0.0
org.apache.commons.math.linear.BlockRealMatrix:setColumn:1213, 0.0
org.apache.commons.math.linear.BlockRealMatrix:getRowMatrix:901, 0.0
org.apache.commons.math.linear.BlockRealMatrix:getRowMatrix:900, 0.0
org.apache.commons.math.linear.BlockRealMatrix:getRowMatrix:899, 0.0
org.apache.commons.math.linear.BlockRealMatrix:getRowMatrix:898, 0.0
org.apache.commons.math.linear.BlockRealMatrix:getRowMatrix:897, 0.0
org.apache.commons.math.linear.BlockRealMatrix:getRowMatrix:908, 0.0
org.apache.commons.math.linear.BlockRealMatrix:getRowMatrix:907, 0.0
org.apache.commons.math.linear.BlockRealMatrix:setRow:1162, 0.0
org.apache.commons.math.linear.BlockRealMatrix:getRowMatrix:912, 0.0
org.apache.commons.math.linear.BlockRealMatrix:getRowMatrix:889, 0.0
org.apache.commons.math.linear.BlockRealMatrix:getRowMatrix:888, 0.0
org.apache.commons.math.linear.BlockRealMatrix:getRowMatrix:893, 0.0
org.apache.commons.math.linear.BlockRealMatrix:getRowMatrix:892, 0.0
org.apache.commons.math.linear.BlockRealMatrix:getRowMatrix:895, 0.0
org.apache.commons.math.linear.BlockRealMatrix:getRowMatrix:894, 0.0
org.apache.commons.math.linear.BlockRealMatrix:getRowMatrix:896, 0.0
org.apache.commons.math.linear.CholeskyDecompositionImpl$Solver:solve:334, 0.0
org.apache.commons.math.linear.CholeskyDecompositionImpl:getSolver:185, 0.0
org.apache.commons.math.linear.CholeskyDecompositionImpl$Solver:solve:258, 0.0
org.apache.commons.math.linear.CholeskyDecompositionImpl$Solver:solve:261, 0.0
org.apache.commons.math.linear.AbstractRealMatrix$1:start:212, 0.0
org.apache.commons.math.linear.AbstractRealMatrix$1:start:213, 0.0
org.apache.commons.math.linear.AbstractRealMatrix$1:start:210, 0.0
org.apache.commons.math.linear.AbstractRealMatrix$1:start:211, 0.0
org.apache.commons.math.linear.CholeskyDecompositionImpl$Solver:solve:300, 0.0
org.apache.commons.math.linear.CholeskyDecompositionImpl$Solver:solve:301, 0.0
org.apache.commons.math.linear.CholeskyDecompositionImpl$Solver:solve:275, 0.0
org.apache.commons.math.linear.CholeskyDecompositionImpl$Solver:solve:274, 0.0
org.apache.commons.math.linear.Array2DRowRealMatrix:subtract:266, 0.0
org.apache.commons.math.linear.CholeskyDecompositionImpl$Solver:solve:223, 0.0
org.apache.commons.math.linear.CholeskyDecompositionImpl$Solver:solve:226, 0.0
org.apache.commons.math.linear.CholeskyDecompositionImpl$Solver:solve:225, 0.0
org.apache.commons.math.linear.CholeskyDecompositionImpl$Solver:solve:224, 0.0
org.apache.commons.math.linear.CholeskyDecompositionImpl$Solver:solve:318, 0.0
org.apache.commons.math.linear.CholeskyDecompositionImpl$Solver:solve:330, 0.0
org.apache.commons.math.linear.CholeskyDecompositionImpl$Solver:solve:331, 0.0
org.apache.commons.math.linear.CholeskyDecompositionImpl$Solver:solve:329, 0.0
org.apache.commons.math.linear.Array2DRowRealMatrix:walkInColumnOrder:569, 0.0
org.apache.commons.math.linear.Array2DRowRealMatrix:walkInColumnOrder:568, 0.0
org.apache.commons.math.linear.AbstractRealMatrix:getNorm:195, 0.0
org.apache.commons.math.linear.CholeskyDecompositionImpl$Solver:solve:328, 0.0
org.apache.commons.math.linear.Array2DRowRealMatrix:subtract:257, 0.0
org.apache.commons.math.linear.CholeskyDecompositionImpl$Solver:solve:222, 0.0
org.apache.commons.math.linear.Array2DRowRealMatrix:walkInColumnOrder:567, 0.0
org.apache.commons.math.linear.MatrixUtils:checkSubtractionCompatible:640, 0.0
org.apache.commons.math.linear.CholeskyDecompositionImpl$Solver:solve:252, 0.0
org.apache.commons.math.linear.CholeskyDecompositionImpl$Solver:solve:251, 0.0
org.apache.commons.math.linear.CholeskyDecompositionImpl$Solver:solve:249, 0.0
org.apache.commons.math.linear.CholeskyDecompositionImpl$Solver:solve:337, 0.0
org.apache.commons.math.linear.Array2DRowRealMatrix:subtract:254, 0.0
org.apache.commons.math.linear.Array2DRowRealMatrix:subtract:255, 0.0
org.apache.commons.math.linear.Array2DRowRealMatrix:subtract:256, 0.0
org.apache.commons.math.linear.Array2DRowRealMatrix:subtract:252, 0.0
org.apache.commons.math.linear.CholeskyDecompositionImpl$Solver:solve:273, 0.0
org.apache.commons.math.linear.CholeskyDecompositionImpl$Solver:solve:272, 0.0
org.apache.commons.math.linear.CholeskyDecompositionImpl$Solver:solve:315, 0.0
org.apache.commons.math.linear.CholeskyDecompositionImpl$Solver:solve:316, 0.0
org.apache.commons.math.linear.CholeskyDecompositionImpl$Solver:solve:227, 0.0
org.apache.commons.math.linear.Array2DRowRealMatrix:subtract:235, 0.0
org.apache.commons.math.linear.CholeskyDecompositionImpl$Solver:solve:338, 0.0
org.apache.commons.math.linear.CholeskyDecompositionImpl$Solver:solve:271, 0.0
org.apache.commons.math.linear.MatrixUtils:checkSubtractionCompatible:633, 0.0
org.apache.commons.math.linear.CholeskyDecompositionImpl$Solver:solve:313, 0.0
org.apache.commons.math.linear.CholeskyDecompositionImpl$Solver:solve:312, 0.0
org.apache.commons.math.linear.CholeskyDecompositionImpl$Solver:solve:314, 0.0
org.apache.commons.math.linear.Array2DRowRealMatrix:subtract:258, 0.0
org.apache.commons.math.linear.Array2DRowRealMatrix:subtract:259, 0.0
org.apache.commons.math.linear.Array2DRowRealMatrix:subtract:260, 0.0
org.apache.commons.math.linear.Array2DRowRealMatrix:subtract:261, 0.0
org.apache.commons.math.linear.CholeskyDecompositionImpl$Solver:solve:311, 0.0
org.apache.commons.math.linear.CholeskyDecompositionImpl$Solver:solve:266, 0.0
org.apache.commons.math.linear.CholeskyDecompositionImpl$Solver:solve:265, 0.0
org.apache.commons.math.linear.CholeskyDecompositionImpl$Solver:solve:212, 0.0
org.apache.commons.math.linear.CholeskyDecompositionImpl$Solver:solve:213, 0.0
org.apache.commons.math.linear.Array2DRowRealMatrix:walkInColumnOrder:566, 0.0
org.apache.commons.math.linear.Array2DRowRealMatrix:walkInColumnOrder:565, 0.0
org.apache.commons.math.linear.Array2DRowRealMatrix:walkInColumnOrder:564, 0.0
org.apache.commons.math.linear.CholeskyDecompositionImpl$Solver:solve:232, 0.0
org.apache.commons.math.linear.CholeskyDecompositionImpl$Solver:solve:240, 0.0
org.apache.commons.math.linear.AbstractRealMatrix$1:visit:222, 0.0
org.apache.commons.math.linear.CholeskyDecompositionImpl$Solver:solve:248, 0.0
org.apache.commons.math.linear.AbstractRealMatrix$1:end:226, 0.0
org.apache.commons.math.linear.AbstractRealMatrix$1:visit:220, 0.0
org.apache.commons.math.linear.AbstractRealMatrix$1:visit:219, 0.0
org.apache.commons.math.linear.CholeskyDecompositionImpl$Solver:solve:293, 0.0
org.apache.commons.math.linear.CholeskyDecompositionImpl$Solver:solve:322, 0.0
org.apache.commons.math.linear.CholeskyDecompositionImpl$Solver:solve:321, 0.0
org.apache.commons.math.linear.CholeskyDecompositionImpl$Solver:solve:335, 0.0
org.apache.commons.math.linear.CholeskyDecompositionImpl$Solver:solve:336, 0.0
org.apache.commons.math.linear.CholeskyDecompositionImpl$Solver:<init>:199, 0.0
org.apache.commons.math.linear.CholeskyDecompositionImpl$Solver:<init>:198, 0.0
org.apache.commons.math.linear.CholeskyDecompositionImpl$Solver:<init>:200, 0.0
org.apache.commons.math.linear.CholeskyDecompositionImpl$Solver:solve:279, 0.0
org.apache.commons.math.linear.CholeskyDecompositionImpl$Solver:solve:307, 0.0
org.apache.commons.math.linear.CholeskyDecompositionImpl$Solver:solve:308, 0.0
org.apache.commons.math.linear.CholeskyDecompositionImpl$Solver:solve:343, 0.0
org.apache.commons.math.linear.CholeskyDecompositionImpl$Solver:solve:219, 0.0
org.apache.commons.math.linear.CholeskyDecompositionImpl$Solver:solve:264, 0.0
org.apache.commons.math.linear.CholeskyDecompositionImpl$Solver:solve:262, 0.0
org.apache.commons.math.linear.CholeskyDecompositionImpl$Solver:solve:263, 0.0
org.apache.commons.math.linear.Array2DRowRealMatrix:subtract:262, 0.0
org.apache.commons.math.linear.CholeskyDecompositionImpl$Solver:solve:332, 0.0
org.apache.commons.math.linear.CholeskyDecompositionImpl$Solver:solve:236, 0.0
org.apache.commons.math.linear.CholeskyDecompositionImpl$Solver:solve:235, 0.0
org.apache.commons.math.linear.CholeskyDecompositionImpl$Solver:solve:234, 0.0
org.apache.commons.math.linear.CholeskyDecompositionImpl$Solver:solve:233, 0.0
org.apache.commons.math.linear.AbstractRealMatrix$1:visit:217, 0.0
org.apache.commons.math.linear.AbstractRealMatrix$1:visit:218, 0.0
org.apache.commons.math.linear.AbstractRealMatrix$1:<init>:195, 0.0
org.apache.commons.math.linear.Array2DRowRealMatrix:walkInColumnOrder:572, 0.0
org.apache.commons.math.linear.CholeskyDecompositionImpl:<init>:151, 0.0
org.apache.commons.math.linear.CholeskyDecompositionImpl$Solver:<init>:189, 0.0
org.apache.commons.math.linear.CholeskyDecompositionImpl$Solver:solve:320, 0.0
org.apache.commons.math.linear.CholeskyDecompositionImpl$Solver:solve:319, 0.0
org.apache.commons.math.linear.EigenDecompositionImpl:findEigenVectors:547, 0.0
org.apache.commons.math.linear.DefaultRealMatrixPreservingVisitor:start:35, 0.0
org.apache.commons.math.linear.TriDiagonalTransformer:getQT:110, 0.0
org.apache.commons.math.linear.TriDiagonalTransformer:getQT:111, 0.0
org.apache.commons.math.linear.TriDiagonalTransformer:getQT:113, 0.0
org.apache.commons.math.linear.TriDiagonalTransformer:getQT:112, 0.0
org.apache.commons.math.linear.EigenDecompositionImpl:findEigenVectors:487, 0.0
org.apache.commons.math.linear.EigenDecompositionImpl:getV:162, 0.0
org.apache.commons.math.linear.EigenDecompositionImpl:getV:161, 0.0
org.apache.commons.math.linear.EigenDecompositionImpl:getV:160, 0.0
org.apache.commons.math.linear.EigenDecompositionImpl:findEigenVectors:576, 0.0
org.apache.commons.math.linear.EigenDecompositionImpl:findEigenVectors:512, 0.0
org.apache.commons.math.linear.TriDiagonalTransformer:transform:242, 0.0
org.apache.commons.math.linear.TriDiagonalTransformer:transform:243, 0.0
org.apache.commons.math.linear.EigenDecompositionImpl:findEigenVectors:611, 0.0
org.apache.commons.math.linear.EigenDecompositionImpl:findEigenVectors:612, 0.0
org.apache.commons.math.linear.TriDiagonalTransformer:getQT:116, 0.0
org.apache.commons.math.linear.TriDiagonalTransformer:getQT:115, 0.0
org.apache.commons.math.linear.TriDiagonalTransformer:getQT:114, 0.0
org.apache.commons.math.linear.EigenDecompositionImpl:findEigenVectors:489, 0.0
org.apache.commons.math.linear.EigenDecompositionImpl:getV:159, 0.0
org.apache.commons.math.linear.EigenDecompositionImpl:findEigenVectors:578, 0.0
org.apache.commons.math.linear.EigenDecompositionImpl:findEigenVectors:579, 0.0
org.apache.commons.math.linear.EigenDecompositionImpl:getD:177, 0.0
org.apache.commons.math.linear.EigenDecompositionImpl:findEigenVectors:510, 0.0
org.apache.commons.math.linear.EigenDecompositionImpl:findEigenVectors:511, 0.0
org.apache.commons.math.linear.EigenDecompositionImpl:transformToTridiagonal:462, 0.0
org.apache.commons.math.linear.EigenDecompositionImpl:transformToTridiagonal:460, 0.0
org.apache.commons.math.linear.EigenDecompositionImpl:transformToTridiagonal:459, 0.0
org.apache.commons.math.linear.EigenDecompositionImpl:transformToTridiagonal:458, 0.0
org.apache.commons.math.linear.EigenDecompositionImpl:findEigenVectors:556, 0.0
org.apache.commons.math.linear.EigenDecompositionImpl:findEigenVectors:557, 0.0
org.apache.commons.math.linear.EigenDecompositionImpl:findEigenVectors:554, 0.0
org.apache.commons.math.linear.EigenDecompositionImpl:findEigenVectors:555, 0.0
org.apache.commons.math.linear.EigenDecompositionImpl:findEigenVectors:552, 0.0
org.apache.commons.math.linear.EigenDecompositionImpl:findEigenVectors:553, 0.0
org.apache.commons.math.linear.TriDiagonalTransformer:getQT:109, 0.0
org.apache.commons.math.linear.TriDiagonalTransformer:getQT:106, 0.0
org.apache.commons.math.linear.TriDiagonalTransformer:getQT:105, 0.0
org.apache.commons.math.linear.EigenDecompositionImpl:findEigenVectors:485, 0.0
org.apache.commons.math.linear.EigenDecompositionImpl:findEigenVectors:584, 0.0
org.apache.commons.math.linear.EigenDecompositionImpl:findEigenVectors:585, 0.0
org.apache.commons.math.linear.EigenDecompositionImpl:findEigenVectors:583, 0.0
org.apache.commons.math.linear.EigenDecompositionImpl:getV:163, 0.0
org.apache.commons.math.linear.EigenDecompositionImpl:findEigenVectors:616, 0.0
org.apache.commons.math.linear.EigenDecompositionImpl:findEigenVectors:509, 0.0
org.apache.commons.math.linear.Array2DRowRealMatrix:addToEntry:402, 0.0
org.apache.commons.math.linear.Array2DRowRealMatrix:addToEntry:398, 0.0
org.apache.commons.math.linear.TriDiagonalTransformer:transform:236, 0.0
org.apache.commons.math.linear.TriDiagonalTransformer:transform:235, 0.0
org.apache.commons.math.linear.TriDiagonalTransformer:transform:234, 0.0
org.apache.commons.math.linear.TriDiagonalTransformer:transform:233, 0.0
org.apache.commons.math.linear.Array2DRowRealMatrix:addToEntry:403, 0.0
org.apache.commons.math.linear.EigenDecompositionImpl:findEigenVectors:486, 0.0
org.apache.commons.math.linear.EigenDecompositionImpl:findEigenVectors:582, 0.0
org.apache.commons.math.linear.EigenDecompositionImpl:findEigenVectors:610, 0.0
org.apache.commons.math.linear.EigenDecompositionImpl:findEigenVectors:614, 0.0
org.apache.commons.math.linear.DefaultRealMatrixPreservingVisitor:<init>:30, 0.0
org.apache.commons.math.linear.TriDiagonalTransformer:transform:238, 0.0
org.apache.commons.math.linear.TriDiagonalTransformer:transform:229, 0.0
org.apache.commons.math.linear.TriDiagonalTransformer:getQT:119, 0.0
org.apache.commons.math.linear.EigenDecompositionImpl:findEigenVectors:531, 0.0
org.apache.commons.math.linear.EigenDecompositionImpl:findEigenVectors:478, 0.0
org.apache.commons.math.linear.EigenDecompositionImpl:findEigenVectors:476, 0.0
org.apache.commons.math.linear.EigenDecompositionImpl:findEigenVectors:477, 0.0
org.apache.commons.math.linear.TriDiagonalTransformer:transform:249, 0.0
org.apache.commons.math.linear.TriDiagonalTransformer:transform:206, 0.0
org.apache.commons.math.linear.AbstractRealMatrix$5:visit:611, 0.0
org.apache.commons.math.linear.AbstractRealMatrix$5:visit:612, 0.0
org.apache.commons.math.linear.EigenDecompositionImpl:findEigenVectors:506, 0.0
org.apache.commons.math.linear.EigenDecompositionImpl:findEigenVectors:575, 0.0
org.apache.commons.math.linear.EigenDecompositionImpl:findEigenVectors:574, 0.0
org.apache.commons.math.linear.AbstractRealMatrix$5:<init>:606, 0.0
org.apache.commons.math.linear.EigenDecompositionImpl:findEigenVectors:484, 0.0
org.apache.commons.math.linear.EigenDecompositionImpl:findEigenVectors:481, 0.0
org.apache.commons.math.linear.EigenDecompositionImpl:findEigenVectors:480, 0.0
org.apache.commons.math.linear.TriDiagonalTransformer:transform:250, 0.0
org.apache.commons.math.linear.EigenDecompositionImpl:findEigenVectors:533, 0.0
org.apache.commons.math.linear.EigenDecompositionImpl:findEigenVectors:532, 0.0
org.apache.commons.math.linear.EigenDecompositionImpl:findEigenVectors:534, 0.0
org.apache.commons.math.linear.TriDiagonalTransformer:transform:205, 0.0
org.apache.commons.math.linear.TriDiagonalTransformer:transform:204, 0.0
org.apache.commons.math.linear.Array2DRowRealMatrix:multiply:275, 0.0
org.apache.commons.math.linear.AbstractRealMatrix:transpose:616, 0.0
org.apache.commons.math.linear.AbstractRealMatrix:transpose:603, 0.0
org.apache.commons.math.linear.AbstractRealMatrix:transpose:605, 0.0
org.apache.commons.math.linear.AbstractRealMatrix:transpose:604, 0.0
org.apache.commons.math.linear.AbstractRealMatrix:transpose:606, 0.0
org.apache.commons.math.linear.EigenDecompositionImpl:findEigenVectors:505, 0.0
org.apache.commons.math.linear.EigenDecompositionImpl:findEigenVectors:573, 0.0
org.apache.commons.math.linear.EigenDecompositionImpl:isSymmetric:144, 0.0
org.apache.commons.math.linear.TriDiagonalTransformer:getQT:121, 0.0
org.apache.commons.math.linear.TriDiagonalTransformer:getQT:120, 0.0
org.apache.commons.math.linear.EigenDecompositionImpl:findEigenVectors:471, 0.0
org.apache.commons.math.linear.EigenDecompositionImpl:findEigenVectors:474, 0.0
org.apache.commons.math.linear.EigenDecompositionImpl:findEigenVectors:475, 0.0
org.apache.commons.math.linear.EigenDecompositionImpl:findEigenVectors:472, 0.0
org.apache.commons.math.linear.EigenDecompositionImpl:findEigenVectors:473, 0.0
org.apache.commons.math.linear.EigenDecompositionImpl:findEigenVectors:535, 0.0
org.apache.commons.math.linear.EigenDecompositionImpl:findEigenVectors:537, 0.0
org.apache.commons.math.linear.EigenDecompositionImpl:findEigenVectors:536, 0.0
org.apache.commons.math.linear.EigenDecompositionImpl:findEigenVectors:539, 0.0
org.apache.commons.math.linear.EigenDecompositionImpl:findEigenVectors:538, 0.0
org.apache.commons.math.linear.TriDiagonalTransformer:transform:244, 0.0
org.apache.commons.math.linear.TriDiagonalTransformer:transform:212, 0.0
org.apache.commons.math.linear.TriDiagonalTransformer:transform:213, 0.0
org.apache.commons.math.linear.TriDiagonalTransformer:transform:214, 0.0
org.apache.commons.math.linear.EigenDecompositionImpl:getD:175, 0.0
org.apache.commons.math.linear.EigenDecompositionImpl:isSymmetric:143, 0.0
org.apache.commons.math.linear.EigenDecompositionImpl:findEigenVectors:577, 0.0
org.apache.commons.math.linear.TriDiagonalTransformer:getQT:117, 0.0
org.apache.commons.math.linear.TriDiagonalTransformer:transform:209, 0.0
org.apache.commons.math.linear.TriDiagonalTransformer:transform:210, 0.0
org.apache.commons.math.linear.TriDiagonalTransformer:transform:211, 0.0
org.apache.commons.math.linear.EigenDecompositionImpl:findEigenVectors:541, 0.0
org.apache.commons.math.linear.EigenDecompositionImpl:findEigenVectors:543, 0.0
org.apache.commons.math.linear.EigenDecompositionImpl:findEigenVectors:542, 0.0
org.apache.commons.math.linear.EigenDecompositionImpl:findEigenVectors:544, 0.0
org.apache.commons.math.linear.EigenDecompositionImpl:findEigenVectors:545, 0.0
org.apache.commons.math.linear.TriDiagonalTransformer:transform:246, 0.0
org.apache.commons.math.linear.EigenDecompositionImpl:getD:173, 0.0
org.apache.commons.math.linear.EigenDecompositionImpl:isSymmetric:153, 0.0
org.apache.commons.math.linear.EigenDecompositionImpl:findEigenVectors:495, 0.0
org.apache.commons.math.linear.TriDiagonalTransformer:getQT:126, 0.0
org.apache.commons.math.linear.TriDiagonalTransformer:getQT:125, 0.0
org.apache.commons.math.linear.TriDiagonalTransformer:getQT:124, 0.0
org.apache.commons.math.linear.EigenDecompositionImpl:findEigenVectors:499, 0.0
org.apache.commons.math.linear.TriDiagonalTransformer:transform:216, 0.0
org.apache.commons.math.linear.MatrixUtils:createRealDiagonalMatrix:204, 0.0
org.apache.commons.math.linear.MatrixUtils:createRealDiagonalMatrix:203, 0.0
org.apache.commons.math.linear.EigenDecompositionImpl:findEigenVectors:567, 0.0
org.apache.commons.math.linear.EigenDecompositionImpl:findEigenVectors:566, 0.0
org.apache.commons.math.linear.EigenDecompositionImpl:findEigenVectors:565, 0.0
org.apache.commons.math.linear.TriDiagonalTransformer:transform:257, 0.0
org.apache.commons.math.linear.EigenDecompositionImpl:findEigenVectors:527, 0.0
org.apache.commons.math.linear.EigenDecompositionImpl:findEigenVectors:529, 0.0
org.apache.commons.math.linear.EigenDecompositionImpl:findEigenVectors:528, 0.0
org.apache.commons.math.linear.EigenDecompositionImpl:findEigenVectors:602, 0.0
org.apache.commons.math.linear.DefaultRealMatrixPreservingVisitor:end:44, 0.0
org.apache.commons.math.linear.EigenDecompositionImpl:getVT:186, 0.0
org.apache.commons.math.linear.EigenDecompositionImpl:getVT:187, 0.0
org.apache.commons.math.linear.EigenDecompositionImpl:findEigenVectors:596, 0.0
org.apache.commons.math.linear.TriDiagonalTransformer:transform:217, 0.0
org.apache.commons.math.linear.TriDiagonalTransformer:transform:218, 0.0
org.apache.commons.math.linear.EigenDecompositionImpl:findEigenVectors:500, 0.0
org.apache.commons.math.linear.MatrixUtils:createRealDiagonalMatrix:206, 0.0
org.apache.commons.math.linear.EigenDecompositionImpl:findEigenVectors:569, 0.0
org.apache.commons.math.linear.EigenDecompositionImpl:<init>:107, 0.0
org.apache.commons.math.linear.EigenDecompositionImpl:findEigenVectors:525, 0.0
org.apache.commons.math.linear.TriDiagonalTransformer:transform:256, 0.0
org.apache.commons.math.linear.EigenDecompositionImpl:findEigenVectors:601, 0.0
org.apache.commons.math.linear.EigenDecompositionImpl:getVT:193, 0.0
org.apache.commons.math.linear.EigenDecompositionImpl:isSymmetric:141, 0.0
org.apache.commons.math.linear.EigenDecompositionImpl:isSymmetric:140, 0.0
org.apache.commons.math.linear.EigenDecompositionImpl:isSymmetric:142, 0.0
org.apache.commons.math.linear.EigenDecompositionImpl:findEigenVectors:595, 0.0
org.apache.commons.math.linear.EigenDecompositionImpl:isSymmetric:145, 0.0
org.apache.commons.math.linear.EigenDecompositionImpl:isSymmetric:146, 0.0
org.apache.commons.math.linear.EigenDecompositionImpl:isSymmetric:147, 0.0
org.apache.commons.math.linear.TriDiagonalTransformer:getQ:91, 0.0
org.apache.commons.math.linear.EigenDecompositionImpl:findEigenVectors:496, 0.0
org.apache.commons.math.linear.EigenDecompositionImpl:<init>:55, 0.0
org.apache.commons.math.linear.EigenDecompositionImpl:<init>:96, 0.0
org.apache.commons.math.linear.EigenDecompositionImpl:<init>:97, 0.0
org.apache.commons.math.linear.EigenDecompositionImpl:findEigenVectors:603, 0.0
org.apache.commons.math.linear.MatrixUtils:createRealDiagonalMatrix:202, 0.0
org.apache.commons.math.linear.TriDiagonalTransformer:transform:255, 0.0
org.apache.commons.math.linear.EigenDecompositionImpl:findEigenVectors:523, 0.0
org.apache.commons.math.linear.TriDiagonalTransformer:getQT:122, 0.0
org.apache.commons.math.linear.TriDiagonalTransformer:getQ:93, 0.0
org.apache.commons.math.linear.TriDiagonalTransformer:getMainDiagonalRef:185, 0.0
org.apache.commons.math.linear.EigenDecompositionImpl:<init>:98, 0.0
org.apache.commons.math.linear.EigenDecompositionImpl:<init>:99, 0.0
org.apache.commons.math.linear.EigenDecompositionImpl:findEigenVectors:519, 0.0
org.apache.commons.math.linear.EigenDecompositionImpl:findEigenVectors:520, 0.0
org.apache.commons.math.linear.EigenDecompositionImpl:findEigenVectors:521, 0.0
org.apache.commons.math.linear.EigenDecompositionImpl:findEigenVectors:522, 0.0
org.apache.commons.math.linear.TriDiagonalTransformer:<init>:66, 0.0
org.apache.commons.math.linear.TriDiagonalTransformer:<init>:67, 0.0
org.apache.commons.math.linear.EigenDecompositionImpl:findEigenVectors:597, 0.0
org.apache.commons.math.linear.TriDiagonalTransformer:transform:231, 0.0
org.apache.commons.math.linear.TriDiagonalTransformer:transform:230, 0.0
org.apache.commons.math.linear.TriDiagonalTransformer:transform:232, 0.0
org.apache.commons.math.linear.EigenDecompositionImpl:getV:167, 0.0
org.apache.commons.math.linear.TriDiagonalTransformer:getQT:103, 0.0
org.apache.commons.math.linear.EigenDecompositionImpl:findEigenVectors:586, 0.0
org.apache.commons.math.linear.EigenDecompositionImpl:findEigenVectors:587, 0.0
org.apache.commons.math.linear.EigenDecompositionImpl:findEigenVectors:588, 0.0
org.apache.commons.math.linear.TriDiagonalTransformer:transform:266, 0.0
org.apache.commons.math.linear.TriDiagonalTransformer:transform:265, 0.0
org.apache.commons.math.linear.EigenDecompositionImpl:findEigenVectors:558, 0.0
org.apache.commons.math.linear.EigenDecompositionImpl:findEigenVectors:559, 0.0
org.apache.commons.math.linear.EigenDecompositionImpl:findEigenVectors:560, 0.0
org.apache.commons.math.linear.EigenDecompositionImpl:findEigenVectors:563, 0.0
org.apache.commons.math.linear.TriDiagonalTransformer:getQT:132, 0.0
org.apache.commons.math.linear.TriDiagonalTransformer:getQ:90, 0.0
org.apache.commons.math.linear.EigenDecompositionImpl:getVT:183, 0.0
org.apache.commons.math.linear.TriDiagonalTransformer:<init>:71, 0.0
org.apache.commons.math.linear.TriDiagonalTransformer:<init>:80, 0.0
org.apache.commons.math.linear.TriDiagonalTransformer:<init>:82, 0.0
org.apache.commons.math.linear.TriDiagonalTransformer:<init>:76, 0.0
org.apache.commons.math.linear.TriDiagonalTransformer:<init>:77, 0.0
org.apache.commons.math.linear.TriDiagonalTransformer:<init>:72, 0.0
org.apache.commons.math.linear.TriDiagonalTransformer:<init>:73, 0.0
org.apache.commons.math.linear.TriDiagonalTransformer:<init>:74, 0.0
org.apache.commons.math.linear.TriDiagonalTransformer:<init>:75, 0.0
org.apache.commons.math.linear.EigenDecompositionImpl:findEigenVectors:516, 0.0
org.apache.commons.math.linear.TriDiagonalTransformer:getQT:137, 0.0
org.apache.commons.math.linear.TriDiagonalTransformer:transform:221, 0.0
org.apache.commons.math.linear.TriDiagonalTransformer:transform:222, 0.0
org.apache.commons.math.linear.TriDiagonalTransformer:transform:228, 0.0
org.apache.commons.math.linear.TriDiagonalTransformer:getQT:127, 0.0
org.apache.commons.math.linear.EigenDecompositionImpl:getVT:184, 0.0
org.apache.commons.math.linear.EigenDecompositionImpl:getVT:185, 0.0
org.apache.commons.math.linear.TriDiagonalTransformer:getSecondaryDiagonalRef:195, 0.0
org.apache.commons.math.linear.EigenDecompositionImpl:findEigenVectors:594, 0.0
org.apache.commons.math.linear.EigenDecompositionImpl:findEigenVectors:515, 0.0
org.apache.commons.math.linear.EigenDecompositionImpl:findEigenVectors:494, 0.0
org.apache.commons.math.linear.TriDiagonalTransformer:transform:258, 0.0
org.apache.commons.math.linear.EigenDecompositionImpl:findEigenVectors:608, 0.0
org.apache.commons.math.linear.EigenDecompositionImpl:findEigenVectors:609, 0.0
org.apache.commons.math.linear.BlockRealMatrix:addToEntry:1282, 0.0
org.apache.commons.math.linear.BlockRealMatrix:multiply:627, 0.0
org.apache.commons.math.linear.BlockRealMatrix:multiply:576, 0.0
org.apache.commons.math.linear.BlockRealMatrix:setEntry:1265, 0.0
org.apache.commons.math.linear.BlockRealMatrix:multiply:622, 0.0
org.apache.commons.math.linear.BlockRealMatrix:multiply:581, 0.0
org.apache.commons.math.linear.BlockRealMatrix:multiply:575, 0.0
org.apache.commons.math.linear.BlockRealMatrix:multiply:572, 0.0
org.apache.commons.math.linear.BlockRealMatrix:multiply:570, 0.0
org.apache.commons.math.linear.BlockRealMatrix:multiply:591, 0.0
org.apache.commons.math.linear.BlockRealMatrix:multiply:503, 0.0
org.apache.commons.math.linear.BlockRealMatrix:multiply:596, 0.0
org.apache.commons.math.linear.BlockRealMatrix:multiply:578, 0.0
org.apache.commons.math.linear.BlockRealMatrix:multiply:579, 0.0
org.apache.commons.math.linear.BlockRealMatrix:multiply:616, 0.0
org.apache.commons.math.linear.BlockRealMatrix:multiply:615, 0.0
org.apache.commons.math.linear.BlockRealMatrix:multiply:599, 0.0
org.apache.commons.math.linear.BlockRealMatrix:multiply:584, 0.0
org.apache.commons.math.linear.BlockRealMatrix:multiply:585, 0.0
org.apache.commons.math.linear.BlockRealMatrix:multiply:588, 0.0
org.apache.commons.math.linear.BlockRealMatrix:multiply:582, 0.0
org.apache.commons.math.linear.BlockRealMatrix:multiply:583, 0.0
org.apache.commons.math.linear.BlockRealMatrix:multiply:593, 0.0
org.apache.commons.math.linear.BlockRealMatrix:multiply:592, 0.0
org.apache.commons.math.linear.BlockRealMatrix:multiply:595, 0.0
org.apache.commons.math.linear.BlockRealMatrix:multiply:594, 0.0
org.apache.commons.math.linear.BlockRealMatrix:multiply:597, 0.0
org.apache.commons.math.linear.BlockRealMatrix:multiply:598, 0.0
org.apache.commons.math.linear.EigenDecompositionImpl:getRealEigenvalues:198, 0.0
org.apache.commons.math.linear.BlockRealMatrix:getData:649, 0.0
org.apache.commons.math.linear.BlockRealMatrix:getData:648, 0.0
org.apache.commons.math.linear.BlockRealMatrix:multiply:601, 0.0
org.apache.commons.math.linear.BlockRealMatrix:multiply:600, 0.0
org.apache.commons.math.linear.BlockRealMatrix:multiply:602, 0.0
org.apache.commons.math.linear.BlockRealMatrix:multiply:603, 0.0
org.apache.commons.math.linear.BlockRealMatrix:setEntry:1255, 0.0
org.apache.commons.math.linear.BlockRealMatrix:setEntry:1259, 0.0
org.apache.commons.math.linear.BlockRealMatrix:setEntry:1264, 0.0
org.apache.commons.math.linear.BlockRealMatrix:setEntry:1257, 0.0
org.apache.commons.math.linear.BlockRealMatrix:setEntry:1256, 0.0
org.apache.commons.math.linear.BlockRealMatrix:multiply:608, 0.0
org.apache.commons.math.linear.BlockRealMatrix:multiply:609, 0.0
org.apache.commons.math.linear.BlockRealMatrix:multiply:604, 0.0
org.apache.commons.math.linear.EigenDecompositionImpl:findEigenVectors:490, 0.0
org.apache.commons.math.linear.BlockRealMatrix:addToEntry:1276, 0.0
org.apache.commons.math.linear.BlockRealMatrix:addToEntry:1281, 0.0
org.apache.commons.math.linear.BlockRealMatrix:addToEntry:1274, 0.0
org.apache.commons.math.linear.BlockRealMatrix:addToEntry:1272, 0.0
org.apache.commons.math.linear.BlockRealMatrix:addToEntry:1273, 0.0
org.apache.commons.math.linear.BlockRealMatrix:multiply:611, 0.0
org.apache.commons.math.linear.EigenDecompositionImpl:getRealEigenvalue:204, 0.0
org.apache.commons.math.linear.EigenDecompositionImpl:findEigenVectors:497, 0.0
org.apache.commons.math.linear.EigenDecompositionImpl:findEigenVectors:604, 0.0
org.apache.commons.math.linear.EigenDecompositionImpl:getEigenvector:221, 0.0
org.apache.commons.math.linear.EigenDecompositionImpl:<init>:127, 0.0
org.apache.commons.math.linear.EigenDecompositionImpl:<init>:126, 0.0
org.apache.commons.math.linear.EigenDecompositionImpl:<init>:125, 0.0
org.apache.commons.math.linear.EigenDecompositionImpl:<init>:124, 0.0
org.apache.commons.math.linear.EigenDecompositionImpl:<init>:123, 0.0
org.apache.commons.math.linear.EigenDecompositionImpl:<init>:122, 0.0
org.apache.commons.math.linear.EigenDecompositionImpl:<init>:121, 0.0
org.apache.commons.math.linear.EigenDecompositionImpl:<init>:128, 0.0
org.apache.commons.math.linear.EigenDecompositionImpl:<init>:131, 0.0
org.apache.commons.math.linear.EigenDecompositionImpl:<init>:130, 0.0
org.apache.commons.math.linear.EigenDecompositionImpl$Solver:getInverse:435, 0.0
org.apache.commons.math.linear.EigenDecompositionImpl$Solver:<init>:266, 0.0
org.apache.commons.math.linear.EigenDecompositionImpl$Solver:<init>:267, 0.0
org.apache.commons.math.linear.EigenDecompositionImpl$Solver:<init>:264, 0.0
org.apache.commons.math.linear.EigenDecompositionImpl$Solver:<init>:265, 0.0
org.apache.commons.math.linear.EigenDecompositionImpl$Solver:<init>:268, 0.0
org.apache.commons.math.linear.EigenDecompositionImpl$Solver:getInverse:434, 0.0
org.apache.commons.math.linear.EigenDecompositionImpl$Solver:getInverse:437, 0.0
org.apache.commons.math.linear.EigenDecompositionImpl$Solver:getInverse:438, 0.0
org.apache.commons.math.linear.EigenDecompositionImpl$Solver:getInverse:439, 0.0
org.apache.commons.math.linear.EigenDecompositionImpl$Solver:getInverse:436, 0.0
org.apache.commons.math.linear.EigenDecompositionImpl$Solver:getInverse:426, 0.0
org.apache.commons.math.linear.EigenDecompositionImpl$Solver:getInverse:433, 0.0
org.apache.commons.math.linear.EigenDecompositionImpl$Solver:getInverse:431, 0.0
org.apache.commons.math.linear.EigenDecompositionImpl$Solver:getInverse:430, 0.0
org.apache.commons.math.linear.EigenDecompositionImpl$Solver:isNonSingular:410, 0.0
org.apache.commons.math.linear.EigenDecompositionImpl$Solver:isNonSingular:411, 0.0
org.apache.commons.math.linear.EigenDecompositionImpl:getSolver:238, 0.0
org.apache.commons.math.linear.EigenDecompositionImpl$Solver:getInverse:441, 0.0
org.apache.commons.math.linear.EigenDecompositionImpl$Solver:<init>:242, 0.0
org.apache.commons.math.linear.EigenDecompositionImpl$Solver:isNonSingular:415, 0.0
org.apache.commons.math.linear.EigenDecompositionImpl$Solver:getInverse:444, 0.0
org.apache.commons.math.linear.EigenDecompositionImpl$Solver:getInverse:427, 0.0
org.apache.commons.math.linear.EigenDecompositionImpl$Solver:isNonSingular:412, 0.0
org.apache.commons.math.linear.EigenDecompositionImpl$Solver:solve:329, 0.0
org.apache.commons.math.linear.EigenDecompositionImpl$Solver:solve:346, 0.0
org.apache.commons.math.linear.EigenDecompositionImpl$Solver:solve:345, 0.0
org.apache.commons.math.linear.EigenDecompositionImpl$Solver:solve:343, 0.0
org.apache.commons.math.linear.EigenDecompositionImpl$Solver:solve:342, 0.0
org.apache.commons.math.linear.EigenDecompositionImpl$Solver:solve:344, 0.0
org.apache.commons.math.linear.EigenDecompositionImpl$Solver:solve:341, 0.0
org.apache.commons.math.linear.EigenDecompositionImpl$Solver:solve:340, 0.0
org.apache.commons.math.linear.EigenDecompositionImpl$Solver:solve:401, 0.0
org.apache.commons.math.linear.EigenDecompositionImpl$Solver:solve:386, 0.0
org.apache.commons.math.linear.EigenDecompositionImpl$Solver:solve:334, 0.0
org.apache.commons.math.linear.EigenDecompositionImpl$Solver:solve:333, 0.0
org.apache.commons.math.linear.EigenDecompositionImpl$Solver:solve:387, 0.0
org.apache.commons.math.linear.EigenDecompositionImpl$Solver:solve:395, 0.0
org.apache.commons.math.linear.EigenDecompositionImpl$Solver:solve:396, 0.0
org.apache.commons.math.linear.EigenDecompositionImpl$Solver:solve:394, 0.0
org.apache.commons.math.linear.EigenDecompositionImpl$Solver:solve:298, 0.0
org.apache.commons.math.linear.EigenDecompositionImpl$Solver:solve:299, 0.0
org.apache.commons.math.linear.EigenDecompositionImpl$Solver:solve:391, 0.0
org.apache.commons.math.linear.EigenDecompositionImpl$Solver:solve:300, 0.0
org.apache.commons.math.linear.EigenDecompositionImpl$Solver:solve:301, 0.0
org.apache.commons.math.linear.EigenDecompositionImpl$Solver:solve:302, 0.0
org.apache.commons.math.linear.EigenDecompositionImpl$Solver:solve:303, 0.0
org.apache.commons.math.linear.EigenDecompositionImpl$Solver:solve:392, 0.0
org.apache.commons.math.linear.EigenDecompositionImpl$Solver:solve:390, 0.0
org.apache.commons.math.linear.EigenDecompositionImpl$Solver:solve:389, 0.0
org.apache.commons.math.linear.EigenDecompositionImpl$Solver:solve:388, 0.0
org.apache.commons.math.linear.EigenDecompositionImpl$Solver:solve:304, 0.0
org.apache.commons.math.linear.EigenDecompositionImpl$Solver:solve:308, 0.0
org.apache.commons.math.linear.EigenDecompositionImpl$Solver:solve:350, 0.0
org.apache.commons.math.linear.EigenDecompositionImpl$Solver:solve:385, 0.0
org.apache.commons.math.linear.EigenDecompositionImpl$Solver:solve:384, 0.0
org.apache.commons.math.linear.EigenDecompositionImpl$Solver:solve:375, 0.0
org.apache.commons.math.linear.EigenDecompositionImpl$Solver:solve:376, 0.0
org.apache.commons.math.linear.EigenDecompositionImpl$Solver:solve:371, 0.0
org.apache.commons.math.linear.EigenDecompositionImpl$Solver:solve:287, 0.0
org.apache.commons.math.linear.EigenDecompositionImpl$Solver:solve:291, 0.0
org.apache.commons.math.linear.EigenDecompositionImpl$Solver:solve:292, 0.0
org.apache.commons.math.linear.EigenDecompositionImpl$Solver:solve:293, 0.0
org.apache.commons.math.linear.EigenDecompositionImpl$Solver:solve:377, 0.0
org.apache.commons.math.linear.EigenDecompositionImpl$Solver:solve:335, 0.0
org.apache.commons.math.linear.LUDecompositionImpl$Solver:solve:322, 0.0
org.apache.commons.math.linear.LUDecompositionImpl$Solver:solve:319, 0.0
org.apache.commons.math.linear.LUDecompositionImpl$Solver:solve:327, 0.0
org.apache.commons.math.linear.LUDecompositionImpl$Solver:solve:323, 0.0
org.apache.commons.math.linear.LUDecompositionImpl$Solver:solve:338, 0.0
org.apache.commons.math.linear.LUDecompositionImpl$Solver:solve:339, 0.0
org.apache.commons.math.linear.LUDecompositionImpl$Solver:solve:308, 0.0
org.apache.commons.math.linear.LUDecompositionImpl$Solver:solve:311, 0.0
org.apache.commons.math.linear.LUDecompositionImpl$Solver:solve:310, 0.0
org.apache.commons.math.linear.LUDecompositionImpl$Solver:solve:335, 0.0
org.apache.commons.math.linear.LUDecompositionImpl$Solver:solve:343, 0.0
org.apache.commons.math.linear.LUDecompositionImpl$Solver:solve:315, 0.0
org.apache.commons.math.linear.LUDecompositionImpl$Solver:solve:337, 0.0
org.apache.commons.math.linear.LUDecompositionImpl$Solver:solve:336, 0.0
org.apache.commons.math.linear.LUDecompositionImpl$Solver:solve:328, 0.0
org.apache.commons.math.linear.LUDecompositionImpl$Solver:solve:329, 0.0
org.apache.commons.math.linear.LUDecompositionImpl$Solver:solve:330, 0.0
org.apache.commons.math.linear.LUDecompositionImpl$Solver:solve:316, 0.0
org.apache.commons.math.linear.BlockRealMatrix:subtract:400, 0.0
org.apache.commons.math.linear.QRDecompositionImpl$Solver:solve:395, 0.0
org.apache.commons.math.linear.QRDecompositionImpl$Solver:solve:414, 0.0
org.apache.commons.math.linear.BlockRealMatrix:getNorm:670, 0.0
org.apache.commons.math.linear.BlockRealMatrix:getNorm:671, 0.0
org.apache.commons.math.linear.BlockRealMatrix:getNorm:672, 0.0
org.apache.commons.math.linear.BlockRealMatrix:subtract:419, 0.0
org.apache.commons.math.linear.BlockRealMatrix:subtract:401, 0.0
org.apache.commons.math.linear.QRDecompositionImpl$Solver:solve:394, 0.0
org.apache.commons.math.linear.QRDecompositionImpl$Solver:solve:393, 0.0
org.apache.commons.math.linear.QRDecompositionImpl$Solver:solve:415, 0.0
org.apache.commons.math.linear.QRDecompositionImpl$Solver:solve:417, 0.0
org.apache.commons.math.linear.QRDecompositionImpl$Solver:solve:416, 0.0
org.apache.commons.math.linear.QRDecompositionImpl$Solver:solve:419, 0.0
org.apache.commons.math.linear.QRDecompositionImpl$Solver:solve:418, 0.0
org.apache.commons.math.linear.QRDecompositionImpl$Solver:solve:421, 0.0
org.apache.commons.math.linear.QRDecompositionImpl$Solver:solve:420, 0.0
org.apache.commons.math.linear.QRDecompositionImpl$Solver:solve:392, 0.0
org.apache.commons.math.linear.Array2DRowRealMatrix:walkInRowOrder:533, 0.0
org.apache.commons.math.linear.Array2DRowRealMatrix:walkInRowOrder:532, 0.0
org.apache.commons.math.linear.Array2DRowRealMatrix:walkInRowOrder:535, 0.0
org.apache.commons.math.linear.BlockRealMatrix:subtract:411, 0.0
org.apache.commons.math.linear.BlockRealMatrix:getNorm:674, 0.0
org.apache.commons.math.linear.BlockRealMatrix:getNorm:673, 0.0
org.apache.commons.math.linear.QRDecompositionImpl$Solver:solve:391, 0.0
org.apache.commons.math.linear.QRDecompositionImpl$Solver:solve:389, 0.0
org.apache.commons.math.linear.QRDecompositionImpl$Solver:solve:388, 0.0
org.apache.commons.math.linear.BlockRealMatrix:subtract:414, 0.0
org.apache.commons.math.linear.BlockRealMatrix:subtract:412, 0.0
org.apache.commons.math.linear.BlockRealMatrix:subtract:413, 0.0
org.apache.commons.math.linear.QRDecompositionImpl$Solver:solve:423, 0.0
org.apache.commons.math.linear.QRDecompositionImpl$Solver:solve:422, 0.0
org.apache.commons.math.linear.QRDecompositionImpl$Solver:solve:399, 0.0
org.apache.commons.math.linear.Array2DRowRealMatrix:walkInRowOrder:537, 0.0
org.apache.commons.math.linear.Array2DRowRealMatrix:walkInRowOrder:536, 0.0
org.apache.commons.math.linear.BlockRealMatrix:getNorm:664, 0.0
org.apache.commons.math.linear.BlockRealMatrix:getNorm:665, 0.0
org.apache.commons.math.linear.BlockRealMatrix:getNorm:666, 0.0
org.apache.commons.math.linear.QRDecompositionImpl$Solver:solve:427, 0.0
org.apache.commons.math.linear.QRDecompositionImpl$Solver:solve:426, 0.0
org.apache.commons.math.linear.QRDecompositionImpl$Solver:solve:400, 0.0
org.apache.commons.math.linear.AbstractRealMatrix:copySubMatrix:312, 0.0
org.apache.commons.math.linear.AbstractRealMatrix:copySubMatrix:309, 0.0
org.apache.commons.math.linear.AbstractRealMatrix:copySubMatrix:311, 0.0
org.apache.commons.math.linear.AbstractRealMatrix:copySubMatrix:310, 0.0
org.apache.commons.math.linear.MatrixUtils:checkSubMatrixIndex:579, 0.0
org.apache.commons.math.linear.QRDecompositionImpl$Solver:solve:353, 0.0
org.apache.commons.math.linear.Array2DRowRealMatrix:walkInRowOrder:538, 0.0
org.apache.commons.math.linear.BlockRealMatrix:getNorm:668, 0.0
org.apache.commons.math.linear.BlockRealMatrix:getNorm:669, 0.0
org.apache.commons.math.linear.BlockRealMatrix:getNorm:667, 0.0
org.apache.commons.math.linear.QRDecompositionImpl$Solver:solve:429, 0.0
org.apache.commons.math.linear.QRDecompositionImpl$Solver:solve:428, 0.0
org.apache.commons.math.linear.QRDecompositionImpl$Solver:solve:430, 0.0
org.apache.commons.math.linear.BlockRealMatrix:subtract:410, 0.0
org.apache.commons.math.linear.BlockRealMatrix:subtract:408, 0.0
org.apache.commons.math.linear.BlockRealMatrix:subtract:409, 0.0
org.apache.commons.math.linear.BlockRealMatrix:subtract:406, 0.0
org.apache.commons.math.linear.BlockRealMatrix:subtract:407, 0.0
org.apache.commons.math.linear.BlockRealMatrix:subtract:404, 0.0
org.apache.commons.math.linear.BlockRealMatrix:subtract:405, 0.0
org.apache.commons.math.linear.QRDecompositionImpl$Solver:solve:396, 0.0
org.apache.commons.math.linear.MatrixUtils:checkSubMatrixIndex:573, 0.0
org.apache.commons.math.linear.MatrixUtils:checkSubMatrixIndex:572, 0.0
org.apache.commons.math.linear.MatrixUtils:checkSubMatrixIndex:571, 0.0
org.apache.commons.math.linear.BlockRealMatrix:getNorm:680, 0.0
org.apache.commons.math.linear.QRDecompositionImpl$Solver:solve:403, 0.0
org.apache.commons.math.linear.BlockRealMatrix:subtract:390, 0.0
org.apache.commons.math.linear.AbstractRealMatrix:walkInOptimizedOrder:935, 0.0
org.apache.commons.math.linear.BlockRealMatrix:getNorm:681, 0.0
org.apache.commons.math.linear.BlockRealMatrix:subtract:394, 0.0
org.apache.commons.math.linear.BlockRealMatrix:subtract:399, 0.0
org.apache.commons.math.linear.BlockRealMatrix:subtract:391, 0.0
org.apache.commons.math.linear.BlockRealMatrix:subtract:396, 0.0
org.apache.commons.math.linear.MatrixUtils:checkSubMatrixIndex:566, 0.0
org.apache.commons.math.linear.MatrixUtils:checkSubMatrixIndex:565, 0.0
org.apache.commons.math.linear.MatrixUtils:checkSubMatrixIndex:564, 0.0
org.apache.commons.math.linear.Array2DRowRealMatrix:walkInRowOrder:541, 0.0
org.apache.commons.math.linear.QRDecompositionImpl:<init>:139, 0.0
org.apache.commons.math.linear.QRDecompositionImpl:<init>:138, 0.0
org.apache.commons.math.linear.AbstractRealMatrix$4:visit:341, 0.0
org.apache.commons.math.linear.AbstractRealMatrix$4:visit:340, 0.0
org.apache.commons.math.linear.QRDecompositionImpl$Solver:solve:367, 0.0
org.apache.commons.math.linear.QRDecompositionImpl$Solver:solve:431, 0.0
org.apache.commons.math.linear.AbstractRealMatrix:copySubMatrix:345, 0.0
org.apache.commons.math.linear.AbstractRealMatrix:copySubMatrix:320, 0.0
org.apache.commons.math.linear.QRDecompositionImpl$Solver:solve:406, 0.0
org.apache.commons.math.linear.QRDecompositionImpl$Solver:solve:404, 0.0
org.apache.commons.math.linear.QRDecompositionImpl$Solver:solve:405, 0.0
org.apache.commons.math.linear.QRDecompositionImpl$Solver:solve:378, 0.0
org.apache.commons.math.linear.QRDecompositionImpl$Solver:solve:360, 0.0
org.apache.commons.math.linear.QRDecompositionImpl$Solver:solve:361, 0.0
org.apache.commons.math.linear.QRDecompositionImpl$Solver:solve:362, 0.0
org.apache.commons.math.linear.QRDecompositionImpl:<init>:135, 0.0
org.apache.commons.math.linear.BlockRealMatrix:getNorm:684, 0.0
org.apache.commons.math.linear.AbstractRealMatrix$4:start:334, 0.0
org.apache.commons.math.linear.AbstractRealMatrix$4:start:335, 0.0
org.apache.commons.math.linear.AbstractRealMatrix$4:start:333, 0.0
org.apache.commons.math.linear.QRDecompositionImpl$Solver:solve:407, 0.0
org.apache.commons.math.linear.BlockRealMatrix:getNorm:675, 0.0
org.apache.commons.math.linear.QRDecompositionImpl:<init>:133, 0.0
org.apache.commons.math.linear.QRDecompositionImpl:<init>:132, 0.0
org.apache.commons.math.linear.QRDecompositionImpl$Solver:solve:387, 0.0
org.apache.commons.math.linear.QRDecompositionImpl$Solver:solve:338, 0.0
org.apache.commons.math.linear.AbstractRealMatrix$4:<init>:320, 0.0
org.apache.commons.math.linear.BlockRealMatrix:getNorm:677, 0.0
org.apache.commons.math.linear.QRDecompositionImpl$Solver:solve:439, 0.0
org.apache.commons.math.linear.QRDecompositionImpl$Solver:solve:340, 0.0
org.apache.commons.math.linear.QRDecompositionImpl$Solver:solve:339, 0.0
org.apache.commons.math.linear.QRDecompositionImpl$Solver:solve:381, 0.0
org.apache.commons.math.linear.QRDecompositionImpl$Solver:solve:380, 0.0
org.apache.commons.math.linear.QRDecompositionImpl$Solver:solve:384, 0.0
org.apache.commons.math.linear.QRDecompositionImpl$Solver:solve:379, 0.0
org.apache.commons.math.linear.QRDecompositionImpl:<init>:131, 0.0
org.apache.commons.math.linear.QRDecompositionImpl:<init>:130, 0.0
org.apache.commons.math.linear.QRDecompositionImpl$Solver:solve:326, 0.0
org.apache.commons.math.linear.BlockRealMatrix:subtract:424, 0.0
org.apache.commons.math.linear.QRDecompositionImpl$Solver:solve:373, 0.0
org.apache.commons.math.linear.QRDecompositionImpl$Solver:solve:372, 0.0
org.apache.commons.math.linear.QRDecompositionImpl$Solver:solve:375, 0.0
org.apache.commons.math.linear.QRDecompositionImpl$Solver:solve:374, 0.0
org.apache.commons.math.linear.QRDecompositionImpl$Solver:solve:371, 0.0
org.apache.commons.math.linear.QRDecompositionImpl$Solver:solve:376, 0.0
org.apache.commons.math.linear.QRDecompositionImpl$Solver:solve:363, 0.0
org.apache.commons.math.linear.QRDecompositionImpl$Solver:solve:292, 0.0
org.apache.commons.math.linear.QRDecompositionImpl$Solver:solve:297, 0.0
org.apache.commons.math.linear.QRDecompositionImpl$Solver:solve:368, 0.0
org.apache.commons.math.linear.QRDecompositionImpl$Solver:isNonSingular:278, 0.0
org.apache.commons.math.linear.RealMatrixImpl:setSubMatrix:337, 0.0
org.apache.commons.math.linear.RealMatrixImpl:setSubMatrix:317, 0.0
org.apache.commons.math.linear.RealMatrixImpl:setSubMatrix:336, 0.0
org.apache.commons.math.linear.RealMatrixImpl:getColumnDimension:412, 0.0
org.apache.commons.math.linear.RealMatrixImpl:setSubMatrix:327, 0.0
org.apache.commons.math.linear.RealMatrixImpl:setSubMatrix:328, 0.0
org.apache.commons.math.linear.RealMatrixImpl:getRowDimension:406, 0.0
org.apache.commons.math.linear.RealMatrixImpl:setSubMatrix:338, 0.0
org.apache.commons.math.linear.RealMatrixImpl:setSubMatrix:345, 0.0
org.apache.commons.math.linear.RealMatrixImpl:copyIn:625, 0.0
org.apache.commons.math.linear.RealMatrixImpl:copyIn:624, 0.0
org.apache.commons.math.linear.RealMatrixImpl:getEntry:356, 0.0
org.apache.commons.math.linear.RealMatrixImpl:setSubMatrix:322, 0.0
org.apache.commons.math.linear.RealMatrixImpl:setSubMatrix:332, 0.0
org.apache.commons.math.linear.RealMatrixImpl:setSubMatrix:333, 0.0
org.apache.commons.math.linear.RealMatrixImpl:<init>:98, 0.0
org.apache.commons.math.linear.RealMatrixImpl:<init>:96, 0.0
org.apache.commons.math.linear.RealMatrixImpl:<init>:97, 0.0
org.apache.commons.math.linear.RealMatrixImpl:setSubMatrix:316, 0.0
org.apache.commons.math.linear.RealMatrixImpl:setSubMatrix:343, 0.0
org.apache.commons.math.linear.RealMatrixImpl:setSubMatrix:349, 0.0
org.apache.commons.math.linear.RealMatrixImpl:operate:433, 0.0
org.apache.commons.math.linear.RealMatrixImpl:operate:427, 0.0
org.apache.commons.math.linear.RealMatrixImpl:operate:426, 0.0
org.apache.commons.math.linear.RealMatrixImpl:operate:431, 0.0
org.apache.commons.math.linear.RealMatrixImpl:operate:430, 0.0
org.apache.commons.math.linear.RealMatrixImpl:operate:429, 0.0
org.apache.commons.math.linear.RealMatrixImpl:operate:428, 0.0
org.apache.commons.math.linear.RealMatrixImpl:operate:419, 0.0
org.apache.commons.math.linear.RealMatrixImpl:operate:421, 0.0
org.apache.commons.math.linear.RealMatrixImpl:operate:420, 0.0
org.apache.commons.math.linear.RealMatrixImpl:operate:435, 0.0
org.apache.commons.math.linear.RealMatrixImpl:operate:422, 0.0
org.apache.commons.math.linear.RealMatrixImpl:preMultiply:455, 0.0
org.apache.commons.math.linear.RealMatrixImpl:preMultiply:454, 0.0
org.apache.commons.math.linear.RealMatrixImpl:preMultiply:452, 0.0
org.apache.commons.math.linear.RealMatrixImpl:preMultiply:457, 0.0
org.apache.commons.math.linear.RealMatrixImpl:preMultiply:451, 0.0
org.apache.commons.math.linear.RealMatrixImpl:preMultiply:460, 0.0
org.apache.commons.math.linear.RealMatrixImpl:preMultiply:446, 0.0
org.apache.commons.math.linear.RealMatrixImpl:preMultiply:453, 0.0
org.apache.commons.math.linear.RealMatrixImpl:preMultiply:443, 0.0
org.apache.commons.math.linear.RealMatrixImpl:preMultiply:444, 0.0
org.apache.commons.math.linear.RealMatrixImpl:preMultiply:445, 0.0
org.apache.commons.math.linear.RealMatrixImpl:setEntry:375, 0.0
org.apache.commons.math.linear.RealMatrixImpl:setEntry:374, 0.0
org.apache.commons.math.linear.RealMatrixImpl:setEntry:369, 0.0
org.apache.commons.math.linear.RealMatrixImpl:<init>:78, 0.0
org.apache.commons.math.linear.RealMatrixImpl:<init>:79, 0.0
org.apache.commons.math.linear.RealMatrixImpl:<init>:80, 0.0
org.apache.commons.math.linear.RealMatrixImpl:createMatrix:162, 0.0
org.apache.commons.math.linear.SingularValueDecompositionImpl:<init>:119, 0.0
org.apache.commons.math.linear.SingularValueDecompositionImpl:<init>:125, 0.0
org.apache.commons.math.linear.SingularValueDecompositionImpl:<init>:117, 0.0
org.apache.commons.math.linear.SingularValueDecompositionImpl:<init>:123, 0.0
org.apache.commons.math.linear.SingularValueDecompositionImpl:<init>:115, 0.0
org.apache.commons.math.linear.SingularValueDecompositionImpl:<init>:120, 0.0
org.apache.commons.math.linear.SingularValueDecompositionImpl:<init>:93, 0.0
org.apache.commons.math.linear.SingularValueDecompositionImpl:<init>:94, 0.0
org.apache.commons.math.linear.AbstractRealMatrix:getSubMatrix:274, 0.0
org.apache.commons.math.linear.SingularValueDecompositionImpl:<init>:114, 0.0
org.apache.commons.math.linear.SingularValueDecompositionImpl:getV:194, 0.0
org.apache.commons.math.linear.AbstractRealMatrix:getSubMatrix:268, 0.0
org.apache.commons.math.linear.SingularValueDecompositionImpl:<init>:104, 0.0
org.apache.commons.math.linear.SingularValueDecompositionImpl:<init>:92, 0.0
org.apache.commons.math.linear.AbstractRealMatrix:getSubMatrix:270, 0.0
org.apache.commons.math.linear.AbstractRealMatrix:getSubMatrix:269, 0.0
org.apache.commons.math.linear.SingularValueDecompositionImpl:getU:158, 0.0
org.apache.commons.math.linear.SingularValueDecompositionImpl:getS:183, 0.0
org.apache.commons.math.linear.SingularValueDecompositionImpl:<init>:110, 0.0
org.apache.commons.math.linear.SingularValueDecompositionImpl:<init>:105, 0.0
org.apache.commons.math.linear.SingularValueDecompositionImpl:getS:180, 0.0
org.apache.commons.math.linear.SingularValueDecompositionImpl:<init>:91, 0.0
org.apache.commons.math.linear.SingularValueDecompositionImpl:<init>:108, 0.0
org.apache.commons.math.linear.SingularValueDecompositionImpl:<init>:107, 0.0
org.apache.commons.math.linear.SingularValueDecompositionImpl:<init>:100, 0.0
org.apache.commons.math.linear.SingularValueDecompositionImpl:<init>:106, 0.0
org.apache.commons.math.linear.SingularValueDecompositionImpl:<init>:146, 0.0
org.apache.commons.math.linear.SingularValueDecompositionImpl:<init>:90, 0.0
org.apache.commons.math.linear.SingularValueDecompositionImpl:<init>:153, 0.0
org.apache.commons.math.linear.SingularValueDecompositionImpl:<init>:96, 0.0
org.apache.commons.math.linear.SingularValueDecompositionImpl:<init>:150, 0.0
org.apache.commons.math.linear.SingularValueDecompositionImpl:<init>:147, 0.0
org.apache.commons.math.linear.SingularValueDecompositionImpl:<init>:148, 0.0
org.apache.commons.math.linear.SingularValueDecompositionImpl:<init>:149, 0.0
org.apache.commons.math.linear.SingularValueDecompositionImpl:getS:177, 0.0
org.apache.commons.math.linear.SingularValueDecompositionImpl:<init>:139, 0.0
org.apache.commons.math.linear.SingularValueDecompositionImpl:<init>:140, 0.0
org.apache.commons.math.linear.AbstractRealMatrix:getSubMatrix:266, 0.0
org.apache.commons.math.linear.AbstractRealMatrix:getSubMatrix:264, 0.0
org.apache.commons.math.linear.SingularValueDecompositionImpl:<init>:85, 0.0
org.apache.commons.math.linear.SingularValueDecompositionImpl:<init>:86, 0.0
org.apache.commons.math.linear.SingularValueDecompositionImpl:<init>:81, 0.0
org.apache.commons.math.linear.SingularValueDecompositionImpl:<init>:80, 0.0
org.apache.commons.math.linear.SingularValueDecompositionImpl:<init>:83, 0.0
org.apache.commons.math.linear.SingularValueDecompositionImpl:<init>:82, 0.0
org.apache.commons.math.linear.SingularValueDecompositionImpl:<init>:77, 0.0
org.apache.commons.math.linear.SingularValueDecompositionImpl:<init>:78, 0.0
org.apache.commons.math.linear.SingularValueDecompositionImpl:<init>:75, 0.0
org.apache.commons.math.linear.SingularValueDecompositionImpl:<init>:137, 0.0
org.apache.commons.math.linear.SingularValueDecompositionImpl:<init>:129, 0.0
org.apache.commons.math.linear.SingularValueDecompositionImpl:<init>:127, 0.0
org.apache.commons.math.linear.SingularValueDecompositionImpl:<init>:131, 0.0
org.apache.commons.math.linear.SingularValueDecompositionImpl:<init>:132, 0.0
org.apache.commons.math.linear.SingularValueDecompositionImpl:<init>:135, 0.0
org.apache.commons.math.linear.SingularValueDecompositionImpl:getConditionNumber:248, 0.0
org.apache.commons.math.linear.SingularValueDecompositionImpl:getVT:201, 0.0
org.apache.commons.math.linear.SingularValueDecompositionImpl:getVT:202, 0.0
org.apache.commons.math.linear.SingularValueDecompositionImpl:getVT:206, 0.0
org.apache.commons.math.linear.SingularValueDecompositionImpl:access$000:35, 0.0
org.apache.commons.math.linear.SingularValueDecompositionImpl:getCovariance:220, 0.0
org.apache.commons.math.linear.SingularValueDecompositionImpl:getCovariance:237, 0.0
org.apache.commons.math.linear.SingularValueDecompositionImpl:getCovariance:236, 0.0
org.apache.commons.math.linear.SingularValueDecompositionImpl:getCovariance:227, 0.0
org.apache.commons.math.linear.SingularValueDecompositionImpl:getCovariance:226, 0.0
org.apache.commons.math.linear.SingularValueDecompositionImpl:getSingularValues:188, 0.0
org.apache.commons.math.linear.SingularValueDecompositionImpl:getCovariance:214, 0.0
org.apache.commons.math.linear.SingularValueDecompositionImpl:getCovariance:215, 0.0
org.apache.commons.math.linear.SingularValueDecompositionImpl:getCovariance:216, 0.0
org.apache.commons.math.linear.SingularValueDecompositionImpl$1:visit:233, 0.0
org.apache.commons.math.linear.SingularValueDecompositionImpl$1:visit:232, 0.0
org.apache.commons.math.linear.SingularValueDecompositionImpl:getCovariance:217, 0.0
org.apache.commons.math.linear.SingularValueDecompositionImpl$1:<init>:227, 0.0
org.apache.commons.math.linear.SingularValueDecompositionImpl:getSolver:267, 0.0
org.apache.commons.math.linear.AbstractRealMatrix:operate:705, 0.0
org.apache.commons.math.linear.AbstractRealMatrix:operate:702, 0.0
org.apache.commons.math.linear.AbstractRealMatrix:operate:704, 0.0
org.apache.commons.math.linear.AbstractRealMatrix:operate:703, 0.0
org.apache.commons.math.linear.SingularValueDecompositionImpl$Solver:<init>:296, 0.0
org.apache.commons.math.linear.SingularValueDecompositionImpl$Solver:<init>:297, 0.0
org.apache.commons.math.linear.SingularValueDecompositionImpl$Solver:solve:340, 0.0
org.apache.commons.math.linear.AbstractRealMatrix:operate:712, 0.0
org.apache.commons.math.linear.AbstractRealMatrix:operate:711, 0.0
org.apache.commons.math.linear.SingularValueDecompositionImpl$Solver:<init>:292, 0.0
org.apache.commons.math.linear.SingularValueDecompositionImpl$Solver:<init>:293, 0.0
org.apache.commons.math.linear.SingularValueDecompositionImpl$Solver:<init>:294, 0.0
org.apache.commons.math.linear.AbstractRealMatrix:operate:713, 0.0
org.apache.commons.math.linear.AbstractRealMatrix:operate:714, 0.0
org.apache.commons.math.linear.SingularValueDecompositionImpl$Solver:solve:323, 0.0
org.apache.commons.math.linear.AbstractRealMatrix:operate:715, 0.0
org.apache.commons.math.linear.AbstractRealMatrix:operate:720, 0.0
org.apache.commons.math.linear.SingularValueDecompositionImpl:getRank:256, 0.0
org.apache.commons.math.linear.SingularValueDecompositionImpl:getRank:254, 0.0
org.apache.commons.math.linear.AbstractRealMatrix:operate:717, 0.0
org.apache.commons.math.linear.SingularValueDecompositionImpl$Solver:<init>:307, 0.0
org.apache.commons.math.linear.SingularValueDecompositionImpl$Solver:<init>:306, 0.0
org.apache.commons.math.linear.SingularValueDecompositionImpl$Solver:<init>:308, 0.0
org.apache.commons.math.linear.SingularValueDecompositionImpl$Solver:<init>:272, 0.0
org.apache.commons.math.linear.SingularValueDecompositionImpl$Solver:<init>:302, 0.0
org.apache.commons.math.linear.SingularValueDecompositionImpl$Solver:solve:357, 0.0
org.apache.commons.math.linear.SingularValueDecompositionImpl$Solver:<init>:303, 0.0
org.apache.commons.math.linear.SingularValueDecompositionImpl:getRank:258, 0.0
org.apache.commons.math.linear.SingularValueDecompositionImpl:getUT:170, 0.0
org.apache.commons.math.linear.SingularValueDecompositionImpl$Solver:<init>:299, 0.0
org.apache.commons.math.linear.SingularValueDecompositionImpl:getUT:166, 0.0
org.apache.commons.math.linear.SingularValueDecompositionImpl:getRank:257, 0.0
org.apache.commons.math.linear.SingularValueDecompositionImpl:getUT:165, 0.0
org.apache.commons.math.linear.SingularValueDecompositionImpl$Solver:<init>:301, 0.0
org.apache.commons.math.linear.MatrixUtils:checkMultiplicationCompatible:651, 0.0
org.apache.commons.math.linear.AbstractRealMatrix:operate:706, 0.0
org.apache.commons.math.util.OpenIntToDoubleHashMap:get:187, 0.0
org.apache.commons.math.util.OpenIntToDoubleHashMap:get:188, 0.0
org.apache.commons.math.util.OpenIntToDoubleHashMap:get:189, 0.0
org.apache.commons.math.linear.OpenMapRealMatrix:<init>:51, 0.0
org.apache.commons.math.linear.OpenMapRealMatrix:<init>:50, 0.0
org.apache.commons.math.linear.OpenMapRealMatrix:<init>:54, 0.0
org.apache.commons.math.linear.OpenMapRealMatrix:<init>:53, 0.0
org.apache.commons.math.linear.OpenMapRealMatrix:<init>:52, 0.0
org.apache.commons.math.util.OpenIntToDoubleHashMap:put:429, 0.0
org.apache.commons.math.util.OpenIntToDoubleHashMap:put:430, 0.0
org.apache.commons.math.linear.OpenMapRealMatrix:computeKey:288, 0.0
org.apache.commons.math.linear.OpenMapRealMatrix:setEntry:247, 0.0
org.apache.commons.math.util.OpenIntToDoubleHashMap:containsKey:392, 0.0
org.apache.commons.math.util.OpenIntToDoubleHashMap:shouldGrowTable:476, 0.0
org.apache.commons.math.util.OpenIntToDoubleHashMap:<init>:127, 0.0
org.apache.commons.math.util.OpenIntToDoubleHashMap:<init>:129, 0.0
org.apache.commons.math.util.OpenIntToDoubleHashMap:<init>:128, 0.0
org.apache.commons.math.util.OpenIntToDoubleHashMap:<init>:131, 0.0
org.apache.commons.math.util.OpenIntToDoubleHashMap:<init>:130, 0.0
org.apache.commons.math.util.OpenIntToDoubleHashMap:<init>:133, 0.0
org.apache.commons.math.util.OpenIntToDoubleHashMap:<init>:132, 0.0
org.apache.commons.math.util.OpenIntToDoubleHashMap:<init>:134, 0.0
org.apache.commons.math.util.OpenIntToDoubleHashMap:findInsertionIndex:266, 0.0
org.apache.commons.math.linear.OpenMapRealMatrix:getEntry:229, 0.0
org.apache.commons.math.linear.OpenMapRealMatrix:getEntry:228, 0.0
org.apache.commons.math.linear.OpenMapRealMatrix:getEntry:227, 0.0
org.apache.commons.math.util.OpenIntToDoubleHashMap:put:417, 0.0
org.apache.commons.math.util.OpenIntToDoubleHashMap:put:419, 0.0
org.apache.commons.math.util.OpenIntToDoubleHashMap:put:418, 0.0
org.apache.commons.math.util.OpenIntToDoubleHashMap:put:420, 0.0
org.apache.commons.math.util.OpenIntToDoubleHashMap:computeCapacity:160, 0.0
org.apache.commons.math.util.OpenIntToDoubleHashMap:hashOf:485, 0.0
org.apache.commons.math.util.OpenIntToDoubleHashMap:hashOf:486, 0.0
org.apache.commons.math.linear.OpenMapRealMatrix:setEntry:244, 0.0
org.apache.commons.math.linear.OpenMapRealMatrix:setEntry:242, 0.0
org.apache.commons.math.linear.OpenMapRealMatrix:setEntry:243, 0.0
org.apache.commons.math.util.OpenIntToDoubleHashMap:<init>:110, 0.0
org.apache.commons.math.util.OpenIntToDoubleHashMap:<init>:111, 0.0
org.apache.commons.math.util.OpenIntToDoubleHashMap:computeCapacity:166, 0.0
org.apache.commons.math.linear.OpenMapRealMatrix:getColumnDimension:82, 0.0
org.apache.commons.math.util.OpenIntToDoubleHashMap:findInsertionIndex:282, 0.0
org.apache.commons.math.util.OpenIntToDoubleHashMap:put:433, 0.0
org.apache.commons.math.util.OpenIntToDoubleHashMap:put:425, 0.0
org.apache.commons.math.util.OpenIntToDoubleHashMap:put:427, 0.0
org.apache.commons.math.util.OpenIntToDoubleHashMap:put:426, 0.0
org.apache.commons.math.util.OpenIntToDoubleHashMap:put:428, 0.0
org.apache.commons.math.linear.OpenMapRealMatrix:setEntry:249, 0.0
org.apache.commons.math.util.OpenIntToDoubleHashMap:computeCapacity:163, 0.0
org.apache.commons.math.util.OpenIntToDoubleHashMap:computeCapacity:165, 0.0
org.apache.commons.math.util.OpenIntToDoubleHashMap:computeCapacity:164, 0.0
org.apache.commons.math.util.OpenIntToDoubleHashMap:get:190, 0.0
org.apache.commons.math.util.OpenIntToDoubleHashMap:findInsertionIndex:281, 0.0
org.apache.commons.math.util.OpenIntToDoubleHashMap:findInsertionIndex:280, 0.0
org.apache.commons.math.util.OpenIntToDoubleHashMap:findInsertionIndex:279, 0.0
org.apache.commons.math.util.OpenIntToDoubleHashMap:put:435, 0.0
org.apache.commons.math.linear.OpenMapRealMatrix:getRowDimension:235, 0.0
org.apache.commons.math.linear.AbstractRealMatrix:operate:687, 0.0
org.apache.commons.math.util.OpenIntToDoubleHashMap:remove:368, 0.0
org.apache.commons.math.linear.OpenMapRealMatrix:setEntry:245, 0.0
org.apache.commons.math.util.OpenIntToDoubleHashMap:get:194, 0.0
org.apache.commons.math.util.OpenIntToDoubleHashMap:remove:361, 0.0
org.apache.commons.math.util.OpenIntToDoubleHashMap:remove:362, 0.0
org.apache.commons.math.util.OpenIntToDoubleHashMap:remove:363, 0.0
org.apache.commons.math.linear.AbstractRealMatrix:operate:693, 0.0
org.apache.commons.math.linear.AbstractRealMatrix:operate:686, 0.0
org.apache.commons.math.util.OpenIntToDoubleHashMap:remove:367, 0.0
org.apache.commons.math.util.OpenIntToDoubleHashMap:get:193, 0.0
org.apache.commons.math.linear.AbstractRealMatrix:operate:685, 0.0
org.apache.commons.math.linear.AbstractRealMatrix:operate:690, 0.0
org.apache.commons.math.linear.AbstractRealMatrix:operate:678, 0.0
org.apache.commons.math.linear.AbstractRealMatrix:operate:677, 0.0
org.apache.commons.math.linear.AbstractRealMatrix:operate:676, 0.0
org.apache.commons.math.linear.AbstractRealMatrix:operate:679, 0.0
org.apache.commons.math.linear.AbstractRealMatrix:operate:684, 0.0
org.apache.commons.math.linear.AbstractRealMatrix:operate:688, 0.0
org.apache.commons.math.linear.AbstractRealMatrix:preMultiply:739, 0.0
org.apache.commons.math.linear.AbstractRealMatrix:preMultiply:738, 0.0
org.apache.commons.math.linear.AbstractRealMatrix:preMultiply:745, 0.0
org.apache.commons.math.linear.AbstractRealMatrix:preMultiply:737, 0.0
org.apache.commons.math.linear.AbstractRealMatrix:preMultiply:742, 0.0
org.apache.commons.math.linear.AbstractRealMatrix:preMultiply:728, 0.0
org.apache.commons.math.linear.AbstractRealMatrix:preMultiply:729, 0.0
org.apache.commons.math.linear.AbstractRealMatrix:preMultiply:730, 0.0
org.apache.commons.math.linear.AbstractRealMatrix:preMultiply:736, 0.0
org.apache.commons.math.linear.AbstractRealMatrix:preMultiply:740, 0.0
org.apache.commons.math.linear.AbstractRealMatrix:preMultiply:731, 0.0
org.apache.commons.math.linear.OpenMapRealVector:getL1Distance:473, 0.0
org.apache.commons.math.util.OpenIntToDoubleHashMap:findInsertionIndex:284, 0.0
org.apache.commons.math.linear.OpenMapRealVector:getDistance:431, 0.0
org.apache.commons.math.linear.OpenMapRealVector:projection:627, 0.0
org.apache.commons.math.linear.OpenMapRealVector:projection:628, 0.0
org.apache.commons.math.linear.OpenMapRealVector:<init>:171, 0.0
org.apache.commons.math.linear.OpenMapRealVector:<init>:170, 0.0
org.apache.commons.math.linear.OpenMapRealVector:<init>:169, 0.0
org.apache.commons.math.linear.OpenMapRealVector:<init>:173, 0.0
org.apache.commons.math.linear.OpenMapRealVector:<init>:172, 0.0
org.apache.commons.math.linear.AbstractRealVector$SparseEntryIterator:hasNext:912, 0.0
org.apache.commons.math.analysis.BinaryFunction$4:value:64, 0.0
org.apache.commons.math.linear.OpenMapRealVector:subtract:713, 0.0
org.apache.commons.math.linear.OpenMapRealVector:add:216, 0.0
org.apache.commons.math.util.OpenIntToDoubleHashMap$Iterator:<init>:518, 0.0
org.apache.commons.math.linear.AbstractRealVector:getNorm:214, 0.0
org.apache.commons.math.linear.OpenMapRealVector:unitVector:725, 0.0
org.apache.commons.math.linear.OpenMapRealVector:unitVector:726, 0.0
org.apache.commons.math.linear.OpenMapRealVector:unitVector:727, 0.0
org.apache.commons.math.linear.OpenMapRealVector:getL1Distance:487, 0.0
org.apache.commons.math.linear.OpenMapRealVector:getDistance:430, 0.0
org.apache.commons.math.util.OpenIntToDoubleHashMap$Iterator:hasNext:525, 0.0
org.apache.commons.math.linear.OpenMapRealVector:access$000:30, 0.0
org.apache.commons.math.util.OpenIntToDoubleHashMap$Iterator:value:558, 0.0
org.apache.commons.math.util.OpenIntToDoubleHashMap$Iterator:<init>:491, 0.0
org.apache.commons.math.linear.OpenMapRealVector:dotProduct:302, 0.0
org.apache.commons.math.util.OpenIntToDoubleHashMap:findInsertionIndex:283, 0.0
org.apache.commons.math.linear.OpenMapRealVector:getL1Distance:476, 0.0
org.apache.commons.math.linear.OpenMapRealVector:getL1Distance:477, 0.0
org.apache.commons.math.linear.OpenMapRealVector:getL1Distance:474, 0.0
org.apache.commons.math.linear.OpenMapRealVector:getL1Distance:475, 0.0
org.apache.commons.math.linear.OpenMapRealVector:setEntry:646, 0.0
org.apache.commons.math.linear.OpenMapRealVector:subtract:712, 0.0
org.apache.commons.math.linear.OpenMapRealVector:add:231, 0.0
org.apache.commons.math.linear.AbstractRealVector$SparseEntryIterator:next:918, 0.0
org.apache.commons.math.linear.AbstractRealVector$SparseEntryIterator:next:917, 0.0
org.apache.commons.math.analysis.ComposableFunction:<init>:29, 0.0
org.apache.commons.math.util.OpenIntToDoubleHashMap$Iterator:<init>:514, 0.0
org.apache.commons.math.linear.OpenMapRealVector:<init>:129, 0.0
org.apache.commons.math.linear.OpenMapRealVector:<init>:127, 0.0
org.apache.commons.math.linear.OpenMapRealVector:<init>:128, 0.0
org.apache.commons.math.linear.OpenMapRealVector:<init>:126, 0.0
org.apache.commons.math.linear.OpenMapRealVector:<init>:130, 0.0
org.apache.commons.math.linear.AbstractRealVector$SparseEntryIterator:advance:899, 0.0
org.apache.commons.math.linear.OpenMapRealVector:copy:289, 0.0
org.apache.commons.math.linear.OpenMapRealVector:getL1Distance:478, 0.0
org.apache.commons.math.util.OpenIntToDoubleHashMap$Iterator:key:540, 0.0
org.apache.commons.math.util.OpenIntToDoubleHashMap:put:421, 0.0
org.apache.commons.math.util.OpenIntToDoubleHashMap:put:423, 0.0
org.apache.commons.math.util.OpenIntToDoubleHashMap:put:422, 0.0
org.apache.commons.math.util.OpenIntToDoubleHashMap:containsKey:220, 0.0
org.apache.commons.math.linear.OpenMapRealVector:dotProduct:316, 0.0
org.apache.commons.math.linear.OpenMapRealVector:<init>:131, 0.0
org.apache.commons.math.linear.OpenMapRealVector:<init>:132, 0.0
org.apache.commons.math.linear.OpenMapRealVector:subtract:711, 0.0
org.apache.commons.math.linear.OpenMapRealVector:getEntry:459, 0.0
org.apache.commons.math.linear.OpenMapRealVector:getEntry:458, 0.0
org.apache.commons.math.linear.OpenMapRealVector:add:230, 0.0
org.apache.commons.math.linear.OpenMapRealVector:add:212, 0.0
org.apache.commons.math.linear.OpenMapRealVector:add:213, 0.0
org.apache.commons.math.linear.OpenMapRealVector:subtract:692, 0.0
org.apache.commons.math.linear.OpenMapRealVector:getLInfDistance:537, 0.0
org.apache.commons.math.linear.OpenMapRealVector:getL1Distance:479, 0.0
org.apache.commons.math.util.OpenIntToDoubleHashMap$Iterator:value:561, 0.0
org.apache.commons.math.linear.OpenMapRealVector:setEntry:642, 0.0
org.apache.commons.math.linear.AbstractRealVector:getL1Norm:223, 0.0
org.apache.commons.math.linear.AbstractRealVector:getL1Norm:224, 0.0
org.apache.commons.math.util.OpenIntToDoubleHashMap:containsKey:217, 0.0
org.apache.commons.math.util.OpenIntToDoubleHashMap:containsKey:218, 0.0
org.apache.commons.math.util.OpenIntToDoubleHashMap:containsKey:219, 0.0
org.apache.commons.math.linear.OpenMapRealVector:dotProduct:318, 0.0
org.apache.commons.math.linear.OpenMapRealVector:<init>:133, 0.0
org.apache.commons.math.linear.OpenMapRealVector:subtract:693, 0.0
org.apache.commons.math.linear.OpenMapRealVector:subtract:709, 0.0
org.apache.commons.math.linear.OpenMapRealVector:subtract:710, 0.0
org.apache.commons.math.linear.AbstractRealVector:getNorm:212, 0.0
org.apache.commons.math.linear.AbstractRealVector:getNorm:211, 0.0
org.apache.commons.math.util.OpenIntToDoubleHashMap$Iterator:key:536, 0.0
org.apache.commons.math.linear.OpenMapRealVector:dotProduct:303, 0.0
org.apache.commons.math.linear.AbstractRealVector:outerProduct:725, 0.0
org.apache.commons.math.linear.OpenMapRealVector:getL1Distance:481, 0.0
org.apache.commons.math.linear.OpenMapRealVector:getL1Distance:480, 0.0
org.apache.commons.math.linear.OpenMapRealVector:getL1Distance:482, 0.0
org.apache.commons.math.linear.OpenMapRealVector:getLInfDistance:536, 0.0
org.apache.commons.math.linear.AbstractRealVector:checkVectorDimensions:62, 0.0
org.apache.commons.math.util.OpenIntToDoubleHashMap:access$100:39, 0.0
org.apache.commons.math.linear.AbstractRealVector$SparseEntryIterator:<init>:889, 0.0
org.apache.commons.math.linear.AbstractRealVector$SparseEntryIterator:<init>:888, 0.0
org.apache.commons.math.linear.AbstractRealVector$SparseEntryIterator:<init>:890, 0.0
org.apache.commons.math.linear.AbstractRealVector$SparseEntryIterator:<init>:887, 0.0
org.apache.commons.math.linear.AbstractRealVector$SparseEntryIterator:<init>:886, 0.0
org.apache.commons.math.linear.OpenMapRealVector:getL1Distance:486, 0.0
org.apache.commons.math.util.OpenIntToDoubleHashMap:size:350, 0.0
org.apache.commons.math.linear.OpenMapRealVector:subtract:688, 0.0
org.apache.commons.math.analysis.BinaryFunction$3:value:55, 0.0
org.apache.commons.math.linear.AbstractRealVector:getL1Norm:226, 0.0
org.apache.commons.math.linear.OpenMapRealVector:add:235, 0.0
org.apache.commons.math.linear.OpenMapRealVector:add:234, 0.0
org.apache.commons.math.linear.OpenMapRealVector:add:233, 0.0
org.apache.commons.math.linear.OpenMapRealVector$OpenMapEntry:setValue:865, 0.0
org.apache.commons.math.linear.OpenMapRealVector$OpenMapEntry:setValue:866, 0.0
org.apache.commons.math.linear.OpenMapRealVector$OpenMapSparseIterator:hasNext:897, 0.0
org.apache.commons.math.linear.OpenMapRealVector:isDefaultValue:206, 0.0
org.apache.commons.math.linear.AbstractRealVector:outerProduct:741, 0.0
org.apache.commons.math.linear.OpenMapRealVector:getDistance:422, 0.0
org.apache.commons.math.linear.AbstractRealVector:add:117, 0.0
org.apache.commons.math.linear.AbstractRealVector:add:116, 0.0
org.apache.commons.math.linear.AbstractRealVector:add:115, 0.0
org.apache.commons.math.linear.OpenMapRealVector$OpenMapEntry:<init>:854, 0.0
org.apache.commons.math.linear.OpenMapRealVector$OpenMapEntry:<init>:853, 0.0
org.apache.commons.math.linear.OpenMapRealVector$OpenMapEntry:<init>:852, 0.0
org.apache.commons.math.analysis.BinaryFunction:fix2ndArgument:108, 0.0
org.apache.commons.math.linear.AbstractRealVector:dotProduct:183, 0.0
org.apache.commons.math.linear.OpenMapRealVector:unitize:743, 0.0
org.apache.commons.math.linear.OpenMapRealVector:dotProduct:315, 0.0
org.apache.commons.math.linear.OpenMapRealVector:add:236, 0.0
org.apache.commons.math.linear.OpenMapRealVector:getDistance:423, 0.0
org.apache.commons.math.linear.AbstractRealVector:outerProduct:739, 0.0
org.apache.commons.math.analysis.BinaryFunction$8:value:112, 0.0
org.apache.commons.math.linear.AbstractRealVector:add:114, 0.0
org.apache.commons.math.analysis.BinaryFunction$7:value:98, 0.0
org.apache.commons.math.linear.AbstractRealVector:checkVectorDimensions:57, 0.0
org.apache.commons.math.linear.AbstractRealVector:checkVectorDimensions:56, 0.0
org.apache.commons.math.linear.OpenMapRealVector:dotProduct:300, 0.0
org.apache.commons.math.linear.OpenMapRealVector:dotProduct:301, 0.0
org.apache.commons.math.linear.AbstractRealVector:mapDivideToSelf:468, 0.0
org.apache.commons.math.linear.AbstractRealVector:checkVectorDimensions:44, 0.0
org.apache.commons.math.linear.AbstractRealVector:checkVectorDimensions:45, 0.0
org.apache.commons.math.linear.AbstractRealVector:dotProduct:181, 0.0
org.apache.commons.math.linear.OpenMapRealVector:subtract:684, 0.0
org.apache.commons.math.linear.AbstractRealVector:mapMultiplyToSelf:580, 0.0
org.apache.commons.math.linear.AbstractRealVector:getL1Norm:227, 0.0
org.apache.commons.math.linear.AbstractRealVector:mapToSelf:832, 0.0
org.apache.commons.math.linear.OpenMapRealVector:subtract:703, 0.0
org.apache.commons.math.util.OpenIntToDoubleHashMap:iterator:248, 0.0
org.apache.commons.math.linear.AbstractRealVector:outerProduct:736, 0.0
org.apache.commons.math.linear.OpenMapRealVector:getLInfDistance:529, 0.0
org.apache.commons.math.linear.OpenMapRealVector:getLInfDistance:531, 0.0
org.apache.commons.math.linear.OpenMapRealVector:getLInfDistance:530, 0.0
org.apache.commons.math.linear.OpenMapRealVector:getDistance:425, 0.0
org.apache.commons.math.linear.OpenMapRealVector:getDistance:424, 0.0
org.apache.commons.math.linear.OpenMapRealVector:getDistance:426, 0.0
org.apache.commons.math.linear.OpenMapRealVector:subtract:683, 0.0
org.apache.commons.math.linear.OpenMapRealVector:subtract:682, 0.0
org.apache.commons.math.linear.OpenMapRealVector:subtract:681, 0.0
org.apache.commons.math.linear.AbstractRealVector:getNorm:215, 0.0
org.apache.commons.math.linear.AbstractRealVector:getNorm:216, 0.0
org.apache.commons.math.linear.AbstractRealVector:getNorm:217, 0.0
org.apache.commons.math.linear.OpenMapRealVector:subtract:687, 0.0
org.apache.commons.math.linear.OpenMapRealVector:subtract:686, 0.0
org.apache.commons.math.linear.OpenMapRealVector:subtract:685, 0.0
org.apache.commons.math.linear.AbstractRealVector:dotProduct:180, 0.0
org.apache.commons.math.linear.OpenMapRealVector:add:232, 0.0
org.apache.commons.math.linear.OpenMapRealVector:getL1Distance:471, 0.0
org.apache.commons.math.linear.OpenMapRealVector:getL1Distance:472, 0.0
org.apache.commons.math.linear.AbstractRealVector:getL1Norm:229, 0.0
org.apache.commons.math.linear.OpenMapRealVector:getLInfDistance:528, 0.0
org.apache.commons.math.linear.OpenMapRealVector:getDistance:453, 0.0
org.apache.commons.math.linear.AbstractRealVector:outerProduct:735, 0.0
org.apache.commons.math.linear.AbstractRealVector:add:118, 0.0
org.apache.commons.math.linear.AbstractRealVector:getNorm:218, 0.0
org.apache.commons.math.util.OpenIntToDoubleHashMap$Iterator:advance:588, 0.0
org.apache.commons.math.linear.OpenMapRealVector:getData:395, 0.0
org.apache.commons.math.linear.OpenMapRealVector:getData:396, 0.0
org.apache.commons.math.linear.OpenMapRealVector:getL1Distance:505, 0.0
org.apache.commons.math.linear.OpenMapRealVector:getL1Distance:506, 0.0
org.apache.commons.math.linear.OpenMapRealVector:getL1Distance:507, 0.0
org.apache.commons.math.linear.AbstractRealVector:add:111, 0.0
org.apache.commons.math.linear.AbstractRealVector:add:112, 0.0
org.apache.commons.math.linear.OpenMapRealVector:add:229, 0.0
org.apache.commons.math.linear.OpenMapRealVector:add:228, 0.0
org.apache.commons.math.linear.OpenMapRealVector:getDistance:414, 0.0
org.apache.commons.math.linear.OpenMapRealVector:getDistance:413, 0.0
org.apache.commons.math.linear.OpenMapRealVector:getLInfDistance:527, 0.0
org.apache.commons.math.linear.OpenMapRealVector:getDistance:451, 0.0
org.apache.commons.math.linear.OpenMapRealVector:getDistance:450, 0.0
org.apache.commons.math.linear.OpenMapRealVector:getDistance:449, 0.0
org.apache.commons.math.linear.OpenMapRealVector:getLInfDistance:554, 0.0
org.apache.commons.math.linear.OpenMapRealVector:getLInfDistance:555, 0.0
org.apache.commons.math.linear.OpenMapRealVector:getLInfDistance:553, 0.0
org.apache.commons.math.linear.OpenMapRealVector:add:241, 0.0
org.apache.commons.math.linear.OpenMapRealVector:getL1Distance:493, 0.0
org.apache.commons.math.linear.OpenMapRealVector:getL1Distance:494, 0.0
org.apache.commons.math.linear.AbstractRealVector:getLInfNorm:237, 0.0
org.apache.commons.math.linear.OpenMapRealVector:unitize:737, 0.0
org.apache.commons.math.linear.AbstractRealVector$SparseEntryIterator:advance:903, 0.0
org.apache.commons.math.linear.AbstractRealVector$SparseEntryIterator:advance:904, 0.0
org.apache.commons.math.linear.OpenMapRealVector:dotProduct:305, 0.0
org.apache.commons.math.linear.AbstractRealVector:sparseIterator:793, 0.0
org.apache.commons.math.util.OpenIntToDoubleHashMap$Iterator:advance:592, 0.0
org.apache.commons.math.MathRuntimeException$7:<init>:405, 0.0
org.apache.commons.math.linear.OpenMapRealVector:getData:394, 0.0
org.apache.commons.math.linear.OpenMapRealVector:getLInfDistance:526, 0.0
org.apache.commons.math.linear.OpenMapRealVector:getLInfDistance:543, 0.0
org.apache.commons.math.linear.OpenMapRealVector:getLInfDistance:544, 0.0
org.apache.commons.math.linear.AbstractRealVector:outerProduct:733, 0.0
org.apache.commons.math.linear.AbstractRealVector:outerProduct:734, 0.0
org.apache.commons.math.linear.AbstractRealVector:getLInfNorm:238, 0.0
org.apache.commons.math.linear.OpenMapRealVector:unitize:735, 0.0
org.apache.commons.math.linear.OpenMapRealVector$OpenMapEntry:getIndex:871, 0.0
org.apache.commons.math.linear.AbstractRealVector:dotProduct:178, 0.0
org.apache.commons.math.linear.AbstractRealVector:dotProduct:176, 0.0
org.apache.commons.math.linear.AbstractRealVector:dotProduct:177, 0.0
org.apache.commons.math.linear.OpenMapRealVector:dotProduct:307, 0.0
org.apache.commons.math.linear.OpenMapRealVector:dotProduct:306, 0.0
org.apache.commons.math.linear.OpenMapRealVector:getData:393, 0.0
org.apache.commons.math.linear.OpenMapRealVector:getData:392, 0.0
org.apache.commons.math.linear.AbstractRealVector:add:107, 0.0
org.apache.commons.math.linear.OpenMapRealVector$OpenMapEntry:getValue:859, 0.0
org.apache.commons.math.linear.AbstractRealVector:outerProduct:732, 0.0
org.apache.commons.math.linear.OpenMapRealVector:getLInfDistance:524, 0.0
org.apache.commons.math.linear.OpenMapRealVector:getLInfDistance:545, 0.0
org.apache.commons.math.linear.OpenMapRealVector:getDistance:417, 0.0
org.apache.commons.math.linear.OpenMapRealVector:getDistance:416, 0.0
org.apache.commons.math.linear.OpenMapRealVector:getDistance:419, 0.0
org.apache.commons.math.linear.OpenMapRealVector:getDistance:421, 0.0
org.apache.commons.math.linear.OpenMapRealVector:getDistance:420, 0.0
org.apache.commons.math.linear.OpenMapRealVector:getDistance:448, 0.0
org.apache.commons.math.linear.OpenMapRealVector:getDistance:447, 0.0
org.apache.commons.math.linear.OpenMapRealVector:unitize:739, 0.0
org.apache.commons.math.linear.OpenMapRealVector:unitize:740, 0.0
org.apache.commons.math.linear.AbstractRealVector:mapToSelf:834, 0.0
org.apache.commons.math.linear.AbstractRealVector:getLInfNorm:240, 0.0
org.apache.commons.math.linear.OpenMapRealVector:getL1Distance:497, 0.0
org.apache.commons.math.linear.OpenMapRealVector:ebeMultiply:356, 0.0
org.apache.commons.math.linear.AbstractRealVector$SparseEntryIterator:advance:905, 0.0
org.apache.commons.math.linear.OpenMapRealVector:add:227, 0.0
org.apache.commons.math.linear.OpenMapRealVector:getL1Distance:509, 0.0
org.apache.commons.math.util.OpenIntToDoubleHashMap$Iterator:advance:585, 0.0
org.apache.commons.math.util.OpenIntToDoubleHashMap$Iterator:advance:586, 0.0
org.apache.commons.math.util.OpenIntToDoubleHashMap$Iterator:advance:587, 0.0
org.apache.commons.math.linear.OpenMapRealVector:<init>:118, 0.0
org.apache.commons.math.linear.OpenMapRealVector:<init>:117, 0.0
org.apache.commons.math.linear.OpenMapRealVector:getDistance:415, 0.0
org.apache.commons.math.linear.OpenMapRealVector:getLInfDistance:547, 0.0
org.apache.commons.math.linear.OpenMapRealVector:unitize:738, 0.0
org.apache.commons.math.linear.OpenMapRealVector:add:240, 0.0
org.apache.commons.math.linear.OpenMapRealVector:getLInfDistance:521, 0.0
org.apache.commons.math.linear.OpenMapRealVector:getLInfDistance:522, 0.0
org.apache.commons.math.linear.OpenMapRealVector:getLInfDistance:523, 0.0
org.apache.commons.math.linear.OpenMapRealVector:sparseIterator:836, 0.0
org.apache.commons.math.util.OpenIntToDoubleHashMap$Iterator:advance:590, 0.0
org.apache.commons.math.linear.AbstractRealVector$SparseEntryIterator:advance:906, 0.0
org.apache.commons.math.linear.OpenMapRealVector:dotProduct:304, 0.0
org.apache.commons.math.linear.OpenMapRealVector:ebeMultiply:353, 0.0
org.apache.commons.math.linear.OpenMapRealVector:ebeMultiply:354, 0.0
org.apache.commons.math.util.OpenIntToDoubleHashMap:<init>:141, 0.0
org.apache.commons.math.util.OpenIntToDoubleHashMap:<init>:140, 0.0
org.apache.commons.math.util.OpenIntToDoubleHashMap:<init>:143, 0.0
org.apache.commons.math.util.OpenIntToDoubleHashMap:<init>:142, 0.0
org.apache.commons.math.util.OpenIntToDoubleHashMap:<init>:152, 0.0
org.apache.commons.math.util.OpenIntToDoubleHashMap:<init>:144, 0.0
org.apache.commons.math.util.OpenIntToDoubleHashMap:<init>:145, 0.0
org.apache.commons.math.util.OpenIntToDoubleHashMap:<init>:146, 0.0
org.apache.commons.math.util.OpenIntToDoubleHashMap:<init>:147, 0.0
org.apache.commons.math.util.OpenIntToDoubleHashMap:<init>:148, 0.0
org.apache.commons.math.util.OpenIntToDoubleHashMap:<init>:149, 0.0
org.apache.commons.math.util.OpenIntToDoubleHashMap:<init>:150, 0.0
org.apache.commons.math.util.OpenIntToDoubleHashMap:<init>:151, 0.0
org.apache.commons.math.linear.OpenMapRealVector:subtract:700, 0.0
org.apache.commons.math.linear.OpenMapRealVector:subtract:699, 0.0
org.apache.commons.math.analysis.BinaryFunction$7:<init>:94, 0.0
org.apache.commons.math.linear.AbstractRealVector$SparseEntryIterator:<init>:893, 0.0
org.apache.commons.math.analysis.BinaryFunction$8:<init>:108, 0.0
org.apache.commons.math.linear.AbstractRealVector:outerProduct:730, 0.0
org.apache.commons.math.linear.AbstractRealVector:outerProduct:731, 0.0
org.apache.commons.math.linear.OpenMapRealVector:subtract:718, 0.0
org.apache.commons.math.linear.AbstractRealVector:mapToSelf:835, 0.0
org.apache.commons.math.linear.OpenMapRealVector:ebeDivide:331, 0.0
org.apache.commons.math.linear.OpenMapRealVector:ebeMultiply:352, 0.0
org.apache.commons.math.MathRuntimeException:createNoSuchElementException:405, 0.0
org.apache.commons.math.util.OpenIntToDoubleHashMap:access$400:39, 0.0
org.apache.commons.math.linear.AbstractRealVector$SparseEntryIterator:advance:908, 0.0
org.apache.commons.math.util.OpenIntToDoubleHashMap$Iterator:advance:578, 0.0
org.apache.commons.math.linear.OpenMapRealVector:getLInfDistance:520, 0.0
org.apache.commons.math.util.OpenIntToDoubleHashMap:access$300:39, 0.0
org.apache.commons.math.linear.OpenMapRealVector:setEntry:641, 0.0
org.apache.commons.math.linear.OpenMapRealVector:setEntry:640, 0.0
org.apache.commons.math.linear.OpenMapRealVector:getLInfDistance:561, 0.0
org.apache.commons.math.linear.OpenMapRealVector:ebeDivide:328, 0.0
org.apache.commons.math.linear.OpenMapRealVector:ebeDivide:329, 0.0
org.apache.commons.math.linear.OpenMapRealVector:ebeMultiply:351, 0.0
org.apache.commons.math.linear.OpenMapRealVector:ebeMultiply:350, 0.0
org.apache.commons.math.linear.OpenMapRealVector:ebeMultiply:349, 0.0
org.apache.commons.math.util.OpenIntToDoubleHashMap$Iterator:advance:582, 0.0
org.apache.commons.math.util.OpenIntToDoubleHashMap:access$200:39, 0.0
org.apache.commons.math.linear.OpenMapRealVector:getLInfDistance:518, 0.0
org.apache.commons.math.linear.OpenMapRealVector:getLInfDistance:519, 0.0
org.apache.commons.math.util.OpenIntToDoubleHashMap:changeIndexSign:342, 0.0
org.apache.commons.math.linear.OpenMapRealVector:getLInfDistance:556, 0.0
org.apache.commons.math.linear.OpenMapRealVector:getLInfDistance:557, 0.0
org.apache.commons.math.util.OpenIntToDoubleHashMap$Iterator:value:554, 0.0
org.apache.commons.math.linear.OpenMapRealVector:getDimension:403, 0.0
org.apache.commons.math.linear.AbstractRealVector$SparseEntryIterator:next:922, 0.0
org.apache.commons.math.linear.AbstractRealVector$SparseEntryIterator:next:923, 0.0
org.apache.commons.math.linear.AbstractRealVector$SparseEntryIterator:next:921, 0.0
org.apache.commons.math.util.OpenIntToDoubleHashMap$Iterator:key:543, 0.0
org.apache.commons.math.linear.OpenMapRealVector:getL1Distance:503, 0.0
org.apache.commons.math.linear.OpenMapRealVector:getL1Distance:504, 0.0
org.apache.commons.math.linear.AbstractRealVector:outerProduct:726, 0.0
org.apache.commons.math.linear.OpenMapRealVector:dotProduct:309, 0.0
org.apache.commons.math.linear.OpenMapRealVector:unitize:733, 0.0
org.apache.commons.math.linear.OpenMapRealVector:unitize:734, 0.0
org.apache.commons.math.util.OpenIntToDoubleHashMap$Iterator:advance:572, 0.0
org.apache.commons.math.linear.OpenMapRealVector:ebeDivide:327, 0.0
org.apache.commons.math.linear.AbstractRealVector:getLInfNorm:235, 0.0
org.apache.commons.math.linear.AbstractRealVector:getLInfNorm:234, 0.0
org.apache.commons.math.linear.OpenMapRealVector:<init>:136, 0.0
org.apache.commons.math.analysis.BinaryFunction:fix1stArgument:94, 0.0
org.apache.commons.math.linear.OpenMapRealVector:getDistance:437, 0.0
org.apache.commons.math.linear.OpenMapRealVector:getDistance:438, 0.0
org.apache.commons.math.linear.OpenMapRealVector:getDistance:441, 0.0
org.apache.commons.math.linear.OpenMapRealVector:getLInfDistance:558, 0.0
org.apache.commons.math.linear.OpenMapRealVector:getEntries:196, 0.0
org.apache.commons.math.linear.OpenMapRealVector:getData:398, 0.0
org.apache.commons.math.util.OpenIntToDoubleHashMap$Iterator:<init>:516, 0.0
org.apache.commons.math.util.OpenIntToDoubleHashMap$Iterator:<init>:508, 0.0
org.apache.commons.math.util.OpenIntToDoubleHashMap$Iterator:<init>:511, 0.0
org.apache.commons.math.util.OpenIntToDoubleHashMap$Iterator:<init>:513, 0.0
org.apache.commons.math.util.OpenIntToDoubleHashMap$Iterator:<init>:505, 0.0
org.apache.commons.math.linear.OpenMapRealVector$OpenMapSparseIterator:<init>:891, 0.0
org.apache.commons.math.linear.OpenMapRealVector$OpenMapSparseIterator:<init>:890, 0.0
org.apache.commons.math.linear.OpenMapRealVector$OpenMapSparseIterator:<init>:893, 0.0
org.apache.commons.math.linear.OpenMapRealVector$OpenMapSparseIterator:<init>:892, 0.0
org.apache.commons.math.linear.OpenMapRealVector$OpenMapSparseIterator:next:903, 0.0
org.apache.commons.math.linear.OpenMapRealVector$OpenMapSparseIterator:next:902, 0.0
org.apache.commons.math.linear.AbstractRealVector:mapToSelf:837, 0.0
org.apache.commons.math.linear.OpenMapRealVector:ebeDivide:326, 0.0
org.apache.commons.math.linear.OpenMapRealVector:ebeDivide:324, 0.0
org.apache.commons.math.linear.OpenMapRealVector:ebeDivide:325, 0.0
org.apache.commons.math.linear.OpenMapRealVector:<init>:153, 0.0
org.apache.commons.math.linear.OpenMapRealVector:<init>:154, 0.0
org.apache.commons.math.linear.OpenMapRealVector:<init>:155, 0.0
org.apache.commons.math.linear.OpenMapRealVector:<init>:156, 0.0
org.apache.commons.math.linear.OpenMapRealVector:<init>:157, 0.0
org.apache.commons.math.linear.OpenMapRealVector:<init>:183, 0.0
org.apache.commons.math.linear.OpenMapRealVector:<init>:160, 0.0
org.apache.commons.math.linear.OpenMapRealVector:<init>:144, 0.0
org.apache.commons.math.linear.OpenMapRealVector:<init>:145, 0.0
org.apache.commons.math.linear.OpenMapRealVector:<init>:186, 0.0
org.apache.commons.math.linear.OpenMapRealVector:<init>:179, 0.0
org.apache.commons.math.linear.OpenMapRealVector:<init>:182, 0.0
org.apache.commons.math.linear.OpenMapRealVector:<init>:180, 0.0
org.apache.commons.math.linear.OpenMapRealVector:<init>:181, 0.0
org.apache.commons.math.linear.OpenMapRealVector:<init>:158, 0.0
org.apache.commons.math.linear.OpenMapRealVector:<init>:159, 0.0
org.apache.commons.math.linear.OpenMapRealVector:<init>:184, 0.0
org.apache.commons.math.linear.OpenMapRealVector:<init>:185, 0.0
org.apache.commons.math.linear.OpenMapRealVector:<init>:76, 0.0
org.apache.commons.math.linear.OpenMapRealVector:<init>:77, 0.0
org.apache.commons.math.linear.OpenMapRealVector:<init>:73, 0.0
org.apache.commons.math.linear.OpenMapRealVector:<init>:74, 0.0
org.apache.commons.math.linear.OpenMapRealVector:<init>:75, 0.0
org.apache.commons.math.linear.OpenMapRealVector:<init>:65, 0.0
org.apache.commons.math.linear.OpenMapRealVector:<init>:66, 0.0
org.apache.commons.math.linear.OpenMapRealVector:<init>:163, 0.0
org.apache.commons.math.linear.OpenMapRealVector:<init>:58, 0.0
org.apache.commons.math.linear.OpenMapRealVector:<init>:57, 0.0
org.apache.commons.math.linear.OpenMapRealVector:<init>:189, 0.0
org.apache.commons.math.linear.OpenMapRealVector:append:250, 0.0
org.apache.commons.math.linear.OpenMapRealVector:append:251, 0.0
org.apache.commons.math.linear.OpenMapRealVector:set:669, 0.0
org.apache.commons.math.linear.OpenMapRealVector:setSubVector:653, 0.0
org.apache.commons.math.linear.OpenMapRealVector:setSubVector:652, 0.0
org.apache.commons.math.linear.OpenMapRealVector:setSubVector:654, 0.0
org.apache.commons.math.linear.OpenMapRealVector:setSubVector:651, 0.0
org.apache.commons.math.linear.OpenMapRealVector:getSubVector:375, 0.0
org.apache.commons.math.linear.OpenMapRealVector:getSubVector:374, 0.0
org.apache.commons.math.linear.OpenMapRealVector:getSubVector:377, 0.0
org.apache.commons.math.linear.OpenMapRealVector:getSubVector:376, 0.0
org.apache.commons.math.linear.OpenMapRealVector:getSubVector:378, 0.0
org.apache.commons.math.linear.OpenMapRealVector:append:278, 0.0
org.apache.commons.math.linear.OpenMapRealVector:append:277, 0.0
org.apache.commons.math.linear.OpenMapRealVector:<init>:85, 0.0
org.apache.commons.math.linear.OpenMapRealVector:<init>:84, 0.0
org.apache.commons.math.linear.OpenMapRealVector:<init>:87, 0.0
org.apache.commons.math.linear.OpenMapRealVector:<init>:86, 0.0
org.apache.commons.math.linear.OpenMapRealVector:<init>:88, 0.0
org.apache.commons.math.linear.OpenMapRealVector:append:254, 0.0
org.apache.commons.math.linear.OpenMapRealVector:append:253, 0.0
org.apache.commons.math.linear.OpenMapRealVector:getSubVector:379, 0.0
org.apache.commons.math.linear.OpenMapRealVector:set:672, 0.0
org.apache.commons.math.linear.OpenMapRealVector:append:280, 0.0
org.apache.commons.math.linear.OpenMapRealVector:append:252, 0.0
org.apache.commons.math.linear.OpenMapRealVector:getSubVector:381, 0.0
org.apache.commons.math.linear.OpenMapRealVector:getSubVector:380, 0.0
org.apache.commons.math.linear.OpenMapRealVector:getSubVector:382, 0.0
org.apache.commons.math.linear.OpenMapRealVector:append:270, 0.0
org.apache.commons.math.linear.OpenMapRealVector:append:271, 0.0
org.apache.commons.math.linear.OpenMapRealVector:append:269, 0.0
org.apache.commons.math.linear.OpenMapRealVector:set:670, 0.0
org.apache.commons.math.linear.OpenMapRealVector:setSubVector:660, 0.0
org.apache.commons.math.linear.OpenMapRealVector:setSubVector:661, 0.0
org.apache.commons.math.linear.OpenMapRealVector:setSubVector:659, 0.0
org.apache.commons.math.linear.OpenMapRealVector:append:276, 0.0
org.apache.commons.math.linear.OpenMapRealVector:append:256, 0.0
org.apache.commons.math.linear.OpenMapRealVector:getSubVector:386, 0.0
org.apache.commons.math.linear.OpenMapRealVector:append:264, 0.0
org.apache.commons.math.linear.OpenMapRealVector:getSubVector:385, 0.0
org.apache.commons.math.linear.OpenMapRealVector:setSubVector:662, 0.0
org.apache.commons.math.linear.OpenMapRealVector:append:261, 0.0
org.apache.commons.math.linear.OpenMapRealVector:getSubVector:383, 0.0
org.apache.commons.math.linear.OpenMapRealVector:setSubVector:664, 0.0
org.apache.commons.math.analysis.ComposableFunction$16:value:171, 0.0
org.apache.commons.math.linear.OpenMapRealVector:setEntry:644, 0.0
org.apache.commons.math.linear.AbstractRealVector:mapCbrtToSelf:412, 0.0
org.apache.commons.math.analysis.ComposableFunction$13:value:144, 0.0
org.apache.commons.math.linear.OpenMapRealVector:mapAdd:596, 0.0
org.apache.commons.math.linear.AbstractRealVector:mapInvToSelf:524, 0.0
org.apache.commons.math.linear.AbstractRealVector:mapAbsToSelf:356, 0.0
org.apache.commons.math.analysis.ComposableFunction$11:value:126, 0.0
org.apache.commons.math.linear.AbstractRealVector:mapRintToSelf:608, 0.0
org.apache.commons.math.linear.AbstractRealVector:mapExpm1ToSelf:496, 0.0
org.apache.commons.math.linear.OpenMapRealVector:setEntry:643, 0.0
org.apache.commons.math.analysis.ComposableFunction$17:value:180, 0.0
org.apache.commons.math.linear.AbstractRealVector:mapSqrtToSelf:664, 0.0
org.apache.commons.math.analysis.ComposableFunction$15:value:162, 0.0
org.apache.commons.math.linear.OpenMapRealVector:mapAddToSelf:602, 0.0
org.apache.commons.math.linear.AbstractRealVector:mapCosToSelf:440, 0.0
org.apache.commons.math.linear.AbstractRealVector:mapLog10ToSelf:552, 0.0
org.apache.commons.math.analysis.ComposableFunction$6:value:81, 0.0
org.apache.commons.math.linear.AbstractRealVector:mapCoshToSelf:454, 0.0
org.apache.commons.math.linear.AbstractRealVector:mapTanToSelf:688, 0.0
org.apache.commons.math.linear.OpenMapRealVector:mapAddToSelf:603, 0.0
org.apache.commons.math.analysis.ComposableFunction$12:value:135, 0.0
org.apache.commons.math.analysis.ComposableFunction$22:value:224, 0.0
org.apache.commons.math.analysis.ComposableFunction$19:value:198, 0.0
org.apache.commons.math.linear.AbstractRealVector:mapTanhToSelf:702, 0.0
org.apache.commons.math.util.OpenIntToDoubleHashMap:remove:364, 0.0
org.apache.commons.math.analysis.ComposableFunction$9:value:108, 0.0
org.apache.commons.math.linear.AbstractRealVector$EntryImpl:setValue:858, 0.0
org.apache.commons.math.linear.AbstractRealVector$EntryImpl:setValue:857, 0.0
org.apache.commons.math.linear.AbstractRealVector:mapSinhToSelf:650, 0.0
org.apache.commons.math.analysis.ComposableFunction$26:value:260, 0.0
org.apache.commons.math.analysis.ComposableFunction$7:value:90, 0.0
org.apache.commons.math.linear.AbstractRealVector:mapSinToSelf:636, 0.0
org.apache.commons.math.linear.AbstractRealVector:mapAsinToSelf:384, 0.0
org.apache.commons.math.util.OpenIntToDoubleHashMap:doRemove:402, 0.0
org.apache.commons.math.util.OpenIntToDoubleHashMap:doRemove:403, 0.0
org.apache.commons.math.util.OpenIntToDoubleHashMap:doRemove:401, 0.0
org.apache.commons.math.util.OpenIntToDoubleHashMap:doRemove:406, 0.0
org.apache.commons.math.util.OpenIntToDoubleHashMap:doRemove:407, 0.0
org.apache.commons.math.util.OpenIntToDoubleHashMap:doRemove:404, 0.0
org.apache.commons.math.util.OpenIntToDoubleHashMap:doRemove:405, 0.0
org.apache.commons.math.linear.OpenMapRealVector:mapAddToSelf:605, 0.0
org.apache.commons.math.analysis.ComposableFunction$18:value:189, 0.0
org.apache.commons.math.analysis.ComposableFunction$14:value:153, 0.0
org.apache.commons.math.linear.AbstractRealVector:mapExpToSelf:482, 0.0
org.apache.commons.math.linear.AbstractRealVector:mapSubtractToSelf:677, 0.0
org.apache.commons.math.analysis.ComposableFunction$25:value:251, 0.0
org.apache.commons.math.analysis.ComposableFunction$21:value:215, 0.0
org.apache.commons.math.linear.AbstractRealVector:mapAtanToSelf:398, 0.0
org.apache.commons.math.analysis.ComposableFunction$23:value:233, 0.0
org.apache.commons.math.linear.AbstractRealVector:mapSignumToSelf:622, 0.0
org.apache.commons.math.analysis.ComposableFunction$8:value:99, 0.0
org.apache.commons.math.analysis.ComposableFunction$4:value:63, 0.0
org.apache.commons.math.linear.AbstractRealVector:mapFloorToSelf:510, 0.0
org.apache.commons.math.analysis.BinaryFunction$5:value:73, 0.0
org.apache.commons.math.linear.AbstractRealVector:mapPowToSelf:594, 0.0
org.apache.commons.math.linear.AbstractRealVector:mapAcosToSelf:370, 0.0
org.apache.commons.math.linear.AbstractRealVector:mapLog1pToSelf:566, 0.0
org.apache.commons.math.linear.AbstractRealVector:mapUlpToSelf:716, 0.0
org.apache.commons.math.linear.AbstractRealVector:mapCeilToSelf:426, 0.0
org.apache.commons.math.analysis.ComposableFunction$10:value:117, 0.0
org.apache.commons.math.analysis.ComposableFunction$20:value:207, 0.0
org.apache.commons.math.linear.AbstractRealVector:mapLogToSelf:538, 0.0
org.apache.commons.math.analysis.ComposableFunction$27:value:269, 0.0
org.apache.commons.math.analysis.ComposableFunction$24:value:242, 0.0
org.apache.commons.math.linear.OpenMapRealVector:hashCode:771, 0.0
org.apache.commons.math.linear.AbstractRealVector:checkVectorDimensions:58, 0.0
org.apache.commons.math.linear.OpenMapRealVector:hashCode:766, 0.0
org.apache.commons.math.linear.OpenMapRealVector:hashCode:762, 0.0
org.apache.commons.math.linear.OpenMapRealVector:hashCode:763, 0.0
org.apache.commons.math.linear.OpenMapRealVector:hashCode:760, 0.0
org.apache.commons.math.linear.OpenMapRealVector:hashCode:759, 0.0
org.apache.commons.math.linear.OpenMapRealVector:hashCode:764, 0.0
org.apache.commons.math.linear.OpenMapRealVector:hashCode:765, 0.0
org.apache.commons.math.linear.OpenMapRealVector:hashCode:767, 0.0
org.apache.commons.math.linear.OpenMapRealVector:hashCode:768, 0.0
org.apache.commons.math.linear.OpenMapRealVector:hashCode:769, 0.0
org.apache.commons.math.linear.OpenMapRealVector:equals:782, 0.0
org.apache.commons.math.linear.OpenMapRealVector:isInfinite:578, 0.0
org.apache.commons.math.linear.OpenMapRealVector:equals:806, 0.0
org.apache.commons.math.linear.OpenMapRealVector:equals:807, 0.0
org.apache.commons.math.linear.OpenMapRealVector:equals:808, 0.0
org.apache.commons.math.linear.OpenMapRealVector:equals:796, 0.0
org.apache.commons.math.linear.OpenMapRealVector:equals:799, 0.0
org.apache.commons.math.linear.OpenMapRealVector:equals:798, 0.0
org.apache.commons.math.linear.OpenMapRealVector:equals:800, 0.0
org.apache.commons.math.linear.OpenMapRealVector:equals:797, 0.0
org.apache.commons.math.linear.OpenMapRealVector:isInfinite:567, 0.0
org.apache.commons.math.linear.OpenMapRealVector:isInfinite:566, 0.0
org.apache.commons.math.linear.OpenMapRealVector:equals:785, 0.0
org.apache.commons.math.linear.OpenMapRealVector:equals:804, 0.0
org.apache.commons.math.linear.OpenMapRealVector:isInfinite:568, 0.0
org.apache.commons.math.linear.OpenMapRealVector:equals:803, 0.0
org.apache.commons.math.linear.OpenMapRealVector:equals:805, 0.0
org.apache.commons.math.linear.OpenMapRealVector:isInfinite:571, 0.0
org.apache.commons.math.linear.OpenMapRealVector:isInfinite:570, 0.0
org.apache.commons.math.linear.OpenMapRealVector:isInfinite:569, 0.0
org.apache.commons.math.linear.OpenMapRealVector:isNaN:583, 0.0
org.apache.commons.math.linear.OpenMapRealVector:isNaN:584, 0.0
org.apache.commons.math.linear.OpenMapRealVector:isInfinite:572, 0.0
org.apache.commons.math.linear.OpenMapRealVector:equals:789, 0.0
org.apache.commons.math.linear.OpenMapRealVector:equals:788, 0.0
org.apache.commons.math.linear.OpenMapRealVector:isNaN:585, 0.0
org.apache.commons.math.linear.OpenMapRealVector:isNaN:586, 0.0
org.apache.commons.math.linear.OpenMapRealVector:isInfinite:574, 0.0
org.apache.commons.math.linear.OpenMapRealVector:equals:811, 0.0
org.apache.commons.math.linear.OpenMapRealVector:isNaN:587, 0.0
org.apache.commons.math.linear.OpenMapRealVector:isInfinite:575, 0.0
org.apache.commons.math.linear.OpenMapRealVector:equals:792, 0.0
org.apache.commons.math.linear.OpenMapRealVector:equals:812, 0.0
org.apache.commons.math.linear.OpenMapRealVector:isNaN:590, 0.0
org.apache.commons.math.linear.OpenMapRealVector:isInfinite:577, 0.0
org.apache.commons.math.util.OpenIntToDoubleHashMap:readObject:605, 0.0
org.apache.commons.math.util.OpenIntToDoubleHashMap:readObject:607, 0.0
org.apache.commons.math.util.OpenIntToDoubleHashMap:readObject:606, 0.0
org.apache.commons.math.optimization.linear.SimplexTableau:getSolution:388, 0.0
org.apache.commons.math.optimization.linear.SimplexSolver:getPivotRow:89, 0.0
org.apache.commons.math.optimization.linear.SimplexTableau:getSolution:387, 0.0
org.apache.commons.math.optimization.linear.SimplexSolver:doOptimize:182, 0.0
org.apache.commons.math.optimization.linear.SimplexTableau:getSolution:371, 0.0
org.apache.commons.math.optimization.linear.SimplexTableau:getSolution:370, 0.0
org.apache.commons.math.optimization.linear.SimplexTableau:getSolution:375, 0.0
org.apache.commons.math.optimization.linear.SimplexTableau:getSolution:369, 0.0
org.apache.commons.math.optimization.linear.SimplexSolver:getPivotRow:103, 0.0
org.apache.commons.math.optimization.linear.SimplexTableau:getSolution:373, 0.0
org.apache.commons.math.optimization.linear.SimplexTableau:getSolution:374, 0.0
org.apache.commons.math.optimization.linear.SimplexTableau:getBasicRow:294, 0.0
org.apache.commons.math.optimization.linear.SimplexTableau:getSolution:393, 0.0
org.apache.commons.math.optimization.linear.SimplexSolver:getPivotRow:106, 0.0
org.apache.commons.math.optimization.linear.SimplexSolver:getPivotRow:104, 0.0
org.apache.commons.math.optimization.linear.SimplexSolver:getPivotRow:108, 0.0
org.apache.commons.math.optimization.linear.SimplexTableau:getSolution:381, 0.0
org.apache.commons.math.optimization.linear.SimplexTableau:getSolution:382, 0.0
org.apache.commons.math.optimization.linear.Relationship:<init>:42, 0.0
org.apache.commons.math.optimization.linear.Relationship:<init>:43, 0.0
org.apache.commons.math.optimization.linear.Relationship:<init>:44, 0.0
org.apache.commons.math.optimization.linear.LinearObjectiveFunction:getValue:92, 0.0
org.apache.commons.math.optimization.linear.SimplexSolver:getPivotRow:105, 0.0
org.apache.commons.math.optimization.linear.SimplexTableau:getSolution:377, 0.0
org.apache.commons.math.optimization.linear.SimplexTableau:getSolution:376, 0.0
org.apache.commons.math.optimization.linear.Relationship:<clinit>:25, 0.0
org.apache.commons.math.optimization.linear.Relationship:<clinit>:34, 0.0
org.apache.commons.math.optimization.linear.Relationship:<clinit>:28, 0.0
org.apache.commons.math.optimization.linear.Relationship:<clinit>:31, 0.0
org.apache.commons.math.optimization.linear.SimplexTableau:getSolution:385, 0.0
org.apache.commons.math.optimization.linear.SimplexTableau:dropPhase1Objective:312, 0.0
org.apache.commons.math.optimization.linear.SimplexTableau:dropPhase1Objective:303, 0.0
org.apache.commons.math.optimization.linear.SimplexSolver:solvePhase1:157, 0.0
org.apache.commons.math.optimization.linear.Relationship$1:<clinit>:57, 0.0
org.apache.commons.math.optimization.linear.Relationship:values:25, 0.0
org.apache.commons.math.optimization.linear.Relationship:oppositeRelationship:61, 0.0
org.apache.commons.math.optimization.linear.SimplexTableau:getSolution:379, 0.0
org.apache.commons.math.optimization.linear.SimplexTableau:getSolution:378, 0.0
org.apache.commons.math.optimization.linear.SimplexTableau:getData:530, 0.0
org.apache.commons.math.linear.AbstractRealMatrix:equals:1046, 0.0
org.apache.commons.math.optimization.linear.LinearConstraint:writeObject:220, 0.0
org.apache.commons.math.optimization.linear.LinearConstraint:writeObject:218, 0.0
org.apache.commons.math.optimization.linear.LinearConstraint:writeObject:219, 0.0
org.apache.commons.math.linear.MatrixUtils:deserializeRealMatrix:954, 0.0
org.apache.commons.math.linear.MatrixUtils:serializeRealMatrix:895, 0.0
org.apache.commons.math.optimization.linear.LinearObjectiveFunction:readObject:144, 0.0
org.apache.commons.math.optimization.linear.LinearObjectiveFunction:readObject:145, 0.0
org.apache.commons.math.optimization.linear.LinearObjectiveFunction:readObject:143, 0.0
org.apache.commons.math.linear.MatrixUtils:deserializeRealMatrix:941, 0.0
org.apache.commons.math.linear.MatrixUtils:deserializeRealMatrix:942, 0.0
org.apache.commons.math.linear.MatrixUtils:deserializeRealMatrix:952, 0.0
org.apache.commons.math.linear.MatrixUtils:deserializeRealMatrix:936, 0.0
org.apache.commons.math.linear.MatrixUtils:deserializeRealMatrix:939, 0.0
org.apache.commons.math.linear.AbstractRealMatrix:equals:1033, 0.0
org.apache.commons.math.linear.AbstractRealMatrix:equals:1034, 0.0
org.apache.commons.math.linear.AbstractRealMatrix:equals:1035, 0.0
org.apache.commons.math.linear.AbstractRealMatrix:equals:1036, 0.0
org.apache.commons.math.linear.MatrixUtils:serializeRealMatrix:891, 0.0
org.apache.commons.math.linear.MatrixUtils:serializeRealMatrix:890, 0.0
org.apache.commons.math.linear.MatrixUtils:serializeRealMatrix:893, 0.0
org.apache.commons.math.linear.MatrixUtils:serializeRealMatrix:892, 0.0
org.apache.commons.math.linear.MatrixUtils:serializeRealMatrix:894, 0.0
org.apache.commons.math.linear.MatrixUtils:deserializeRealMatrix:928, 0.0
org.apache.commons.math.linear.AbstractRealMatrix:equals:1040, 0.0
org.apache.commons.math.optimization.linear.SimplexTableau:equals:537, 0.0
org.apache.commons.math.linear.MatrixUtils:deserializeRealMatrix:931, 0.0
org.apache.commons.math.linear.MatrixUtils:deserializeRealMatrix:930, 0.0
org.apache.commons.math.linear.AbstractRealMatrix:equals:1039, 0.0
org.apache.commons.math.linear.AbstractRealMatrix:equals:1030, 0.0
org.apache.commons.math.optimization.linear.SimplexTableau:writeObject:576, 0.0
org.apache.commons.math.optimization.linear.SimplexTableau:writeObject:575, 0.0
org.apache.commons.math.optimization.linear.SimplexTableau:writeObject:574, 0.0
org.apache.commons.math.linear.AbstractRealMatrix:equals:1041, 0.0
org.apache.commons.math.optimization.linear.LinearObjectiveFunction:equals:114, 0.0
org.apache.commons.math.linear.MatrixUtils:serializeRealMatrix:899, 0.0
org.apache.commons.math.linear.MatrixUtils:deserializeRealVector:822, 0.0
org.apache.commons.math.linear.MatrixUtils:deserializeRealMatrix:929, 0.0
org.apache.commons.math.optimization.linear.SimplexTableau:equals:543, 0.0
org.apache.commons.math.optimization.linear.SimplexTableau:readObject:585, 0.0
org.apache.commons.math.optimization.linear.SimplexTableau:readObject:586, 0.0
org.apache.commons.math.optimization.linear.SimplexTableau:readObject:587, 0.0
org.apache.commons.math.linear.MatrixUtils:deserializeRealVector:821, 0.0
org.apache.commons.math.linear.MatrixUtils:deserializeRealVector:820, 0.0
org.apache.commons.math.linear.MatrixUtils:serializeRealMatrix:896, 0.0
org.apache.commons.math.linear.MatrixUtils:deserializeRealMatrix:926, 0.0
org.apache.commons.math.linear.MatrixUtils:deserializeRealMatrix:927, 0.0
org.apache.commons.math.linear.MatrixUtils:deserializeRealMatrix:925, 0.0
org.apache.commons.math.optimization.linear.LinearConstraint:equals:197, 0.0
org.apache.commons.math.optimization.linear.LinearConstraint:equals:196, 0.0
org.apache.commons.math.optimization.linear.LinearObjectiveFunction:equals:108, 0.0
org.apache.commons.math.optimization.linear.LinearConstraint:equals:195, 0.0
org.apache.commons.math.linear.MatrixUtils:deserializeRealVector:823, 0.0
org.apache.commons.math.optimization.linear.LinearConstraint:readObject:231, 0.0
org.apache.commons.math.optimization.linear.LinearConstraint:readObject:230, 0.0
org.apache.commons.math.optimization.linear.LinearConstraint:readObject:229, 0.0
org.apache.commons.math.optimization.linear.LinearObjectiveFunction:equals:112, 0.0
org.apache.commons.math.linear.MatrixUtils:deserializeRealVector:843, 0.0
org.apache.commons.math.linear.MatrixUtils:deserializeRealVector:832, 0.0
org.apache.commons.math.linear.MatrixUtils:deserializeRealVector:833, 0.0
org.apache.commons.math.linear.MatrixUtils:deserializeRealVector:830, 0.0
org.apache.commons.math.linear.MatrixUtils:deserializeRealVector:827, 0.0
org.apache.commons.math.optimization.linear.LinearConstraint:equals:191, 0.0
org.apache.commons.math.optimization.linear.LinearObjectiveFunction:equals:113, 0.0
org.apache.commons.math.linear.MatrixUtils:serializeRealVector:791, 0.0
org.apache.commons.math.optimization.linear.SimplexTableau:equals:541, 0.0
org.apache.commons.math.linear.MatrixUtils:serializeRealVector:790, 0.0
org.apache.commons.math.linear.MatrixUtils:serializeRealVector:789, 0.0
org.apache.commons.math.linear.AbstractRealMatrix:equals:1027, 0.0
org.apache.commons.math.optimization.linear.SimplexTableau:equals:542, 0.0
org.apache.commons.math.linear.MatrixUtils:serializeRealVector:794, 0.0
org.apache.commons.math.linear.MatrixUtils:deserializeRealVector:845, 0.0
org.apache.commons.math.linear.MatrixUtils:serializeRealVector:792, 0.0
org.apache.commons.math.optimization.linear.LinearObjectiveFunction:writeObject:133, 0.0
org.apache.commons.math.optimization.linear.LinearObjectiveFunction:writeObject:132, 0.0
org.apache.commons.math.optimization.linear.LinearObjectiveFunction:writeObject:134, 0.0
org.apache.commons.math.stat.regression.AbstractMultipleLinearRegression:validateSampleData:99, 0.0
org.apache.commons.math.stat.regression.AbstractMultipleLinearRegression:validateSampleData:94, 0.0
org.apache.commons.math.stat.regression.GLSMultipleLinearRegression:newSampleData:59, 0.0
org.apache.commons.math.stat.regression.GLSMultipleLinearRegression:newSampleData:58, 0.0
org.apache.commons.math.stat.regression.GLSMultipleLinearRegression:newSampleData:63, 0.0
org.apache.commons.math.stat.regression.GLSMultipleLinearRegression:newSampleData:62, 0.0
org.apache.commons.math.stat.regression.GLSMultipleLinearRegression:newSampleData:61, 0.0
org.apache.commons.math.stat.regression.GLSMultipleLinearRegression:newSampleData:60, 0.0
org.apache.commons.math.stat.regression.AbstractMultipleLinearRegression:validateSampleData:89, 0.0
org.apache.commons.math.stat.regression.AbstractMultipleLinearRegression:validateCovarianceData:114, 0.0
org.apache.commons.math.stat.regression.AbstractMultipleLinearRegression:newXSampleData:77, 0.0
org.apache.commons.math.stat.regression.AbstractMultipleLinearRegression:newXSampleData:78, 0.0
org.apache.commons.math.stat.regression.GLSMultipleLinearRegression:newCovarianceData:71, 0.0
org.apache.commons.math.stat.regression.GLSMultipleLinearRegression:newCovarianceData:72, 0.0
org.apache.commons.math.stat.regression.GLSMultipleLinearRegression:newCovarianceData:73, 0.0
org.apache.commons.math.stat.regression.AbstractMultipleLinearRegression:validateCovarianceData:110, 0.0
org.apache.commons.math.stat.regression.GLSMultipleLinearRegression:<init>:44, 0.0
org.apache.commons.math.stat.regression.AbstractMultipleLinearRegression:validateCovarianceData:119, 0.0
org.apache.commons.math.stat.regression.AbstractMultipleLinearRegression:<init>:30, 0.0
org.apache.commons.math.stat.regression.AbstractMultipleLinearRegression:newYSampleData:68, 0.0
org.apache.commons.math.stat.regression.AbstractMultipleLinearRegression:newYSampleData:69, 0.0
org.apache.commons.math.stat.regression.GLSMultipleLinearRegression:calculateBeta:100, 0.0
org.apache.commons.math.stat.regression.GLSMultipleLinearRegression:calculateBeta:98, 0.0
org.apache.commons.math.stat.regression.GLSMultipleLinearRegression:calculateBeta:99, 0.0
org.apache.commons.math.stat.regression.GLSMultipleLinearRegression:calculateBeta:96, 0.0
org.apache.commons.math.stat.regression.GLSMultipleLinearRegression:calculateBeta:97, 0.0
org.apache.commons.math.stat.regression.AbstractMultipleLinearRegression:estimateRegressionParameters:126, 0.0
org.apache.commons.math.stat.regression.AbstractMultipleLinearRegression:estimateRegressionParameters:125, 0.0
org.apache.commons.math.stat.regression.GLSMultipleLinearRegression:getOmegaInverse:84, 0.0
org.apache.commons.math.stat.regression.GLSMultipleLinearRegression:getOmegaInverse:82, 0.0
org.apache.commons.math.stat.regression.GLSMultipleLinearRegression:getOmegaInverse:81, 0.0
org.apache.commons.math.stat.regression.AbstractMultipleLinearRegression:estimateRegressionParametersVariance:142, 0.0
org.apache.commons.math.stat.regression.GLSMultipleLinearRegression:calculateBetaVariance:114, 0.0
org.apache.commons.math.stat.regression.GLSMultipleLinearRegression:calculateBetaVariance:113, 0.0
org.apache.commons.math.stat.regression.GLSMultipleLinearRegression:calculateBetaVariance:112, 0.0
org.apache.commons.math.stat.regression.AbstractMultipleLinearRegression:estimateResiduals:133, 0.0
org.apache.commons.math.stat.regression.AbstractMultipleLinearRegression:estimateResiduals:135, 0.0
org.apache.commons.math.stat.regression.AbstractMultipleLinearRegression:estimateResiduals:134, 0.0
org.apache.commons.math.stat.regression.AbstractMultipleLinearRegression:validateCovarianceData:111, 0.0
org.apache.commons.math.linear.Array2DRowRealMatrix:setSubMatrix:346, 0.0
org.apache.commons.math.stat.regression.AbstractMultipleLinearRegression:validateSampleData:90, 0.0
org.apache.commons.math.stat.regression.AbstractMultipleLinearRegression:validateSampleData:95, 0.0
org.apache.commons.math.stat.regression.OLSMultipleLinearRegression:newSampleData:72, 0.0
org.apache.commons.math.stat.regression.OLSMultipleLinearRegression:newSampleData:73, 0.0
org.apache.commons.math.stat.regression.OLSMultipleLinearRegression:newSampleData:74, 0.0
org.apache.commons.math.stat.regression.OLSMultipleLinearRegression:newSampleData:75, 0.0
org.apache.commons.math.stat.regression.OLSMultipleLinearRegression:<init>:57, 0.0
org.apache.commons.math.stat.regression.OLSMultipleLinearRegression:<init>:60, 0.0
org.apache.commons.math.stat.regression.OLSMultipleLinearRegression:newXSampleData:131, 0.0
org.apache.commons.math.stat.regression.OLSMultipleLinearRegression:newXSampleData:133, 0.0
org.apache.commons.math.stat.regression.OLSMultipleLinearRegression:newXSampleData:132, 0.0
org.apache.commons.math.stat.regression.OLSMultipleLinearRegression:calculateBeta:142, 0.0
org.apache.commons.math.linear.QRDecompositionImpl:getR:159, 0.0
org.apache.commons.math.linear.QRDecompositionImpl:getR:160, 0.0
org.apache.commons.math.linear.QRDecompositionImpl:getR:157, 0.0
org.apache.commons.math.linear.QRDecompositionImpl:getR:167, 0.0
org.apache.commons.math.stat.regression.OLSMultipleLinearRegression:calculateBetaVariance:161, 0.0
org.apache.commons.math.stat.regression.OLSMultipleLinearRegression:calculateBetaVariance:160, 0.0
org.apache.commons.math.stat.regression.OLSMultipleLinearRegression:calculateBetaVariance:158, 0.0
org.apache.commons.math.stat.regression.OLSMultipleLinearRegression:calculateBetaVariance:159, 0.0
org.apache.commons.math.linear.QRDecompositionImpl:getR:149, 0.0
org.apache.commons.math.linear.QRDecompositionImpl:getR:152, 0.0
org.apache.commons.math.linear.QRDecompositionImpl:getR:153, 0.0
org.apache.commons.math.linear.QRDecompositionImpl:getR:154, 0.0
org.apache.commons.math.linear.QRDecompositionImpl:getR:158, 0.0
org.apache.commons.math.stat.regression.AbstractMultipleLinearRegression:newSampleData:51, 0.0
org.apache.commons.math.stat.regression.AbstractMultipleLinearRegression:newSampleData:50, 0.0
org.apache.commons.math.stat.regression.AbstractMultipleLinearRegression:newSampleData:49, 0.0
org.apache.commons.math.stat.regression.AbstractMultipleLinearRegression:newSampleData:48, 0.0
org.apache.commons.math.linear.QRDecompositionImpl:getQT:209, 0.0
org.apache.commons.math.linear.QRDecompositionImpl:getQT:210, 0.0
org.apache.commons.math.linear.QRDecompositionImpl:getQT:198, 0.0
org.apache.commons.math.linear.QRDecompositionImpl:getQT:202, 0.0
org.apache.commons.math.linear.QRDecompositionImpl:getQT:182, 0.0
org.apache.commons.math.stat.regression.OLSMultipleLinearRegression:calculateHat:111, 0.0
org.apache.commons.math.linear.QRDecompositionImpl:getQ:174, 0.0
org.apache.commons.math.stat.regression.OLSMultipleLinearRegression:calculateHat:110, 0.0
org.apache.commons.math.stat.regression.OLSMultipleLinearRegression:newSampleData:85, 0.0
org.apache.commons.math.stat.regression.OLSMultipleLinearRegression:newSampleData:84, 0.0
org.apache.commons.math.stat.regression.OLSMultipleLinearRegression:newSampleData:86, 0.0
org.apache.commons.math.linear.QRDecompositionImpl:getQT:186, 0.0
org.apache.commons.math.linear.QRDecompositionImpl:getQT:187, 0.0
org.apache.commons.math.linear.QRDecompositionImpl:getQT:185, 0.0
org.apache.commons.math.linear.QRDecompositionImpl:getQT:194, 0.0
org.apache.commons.math.linear.QRDecompositionImpl:getQT:219, 0.0
org.apache.commons.math.linear.QRDecompositionImpl:getQ:176, 0.0
org.apache.commons.math.stat.regression.OLSMultipleLinearRegression:calculateHat:108, 0.0
org.apache.commons.math.stat.regression.OLSMultipleLinearRegression:calculateHat:109, 0.0
org.apache.commons.math.stat.regression.OLSMultipleLinearRegression:calculateHat:106, 0.0
org.apache.commons.math.stat.regression.OLSMultipleLinearRegression:calculateHat:107, 0.0
org.apache.commons.math.stat.regression.OLSMultipleLinearRegression:calculateHat:105, 0.0
org.apache.commons.math.linear.QRDecompositionImpl:getQT:195, 0.0
org.apache.commons.math.stat.regression.OLSMultipleLinearRegression:calculateHat:113, 0.0
org.apache.commons.math.linear.QRDecompositionImpl:getQT:199, 0.0
org.apache.commons.math.linear.QRDecompositionImpl:getQT:201, 0.0
org.apache.commons.math.linear.QRDecompositionImpl:getQT:200, 0.0
org.apache.commons.math.stat.regression.OLSMultipleLinearRegression:calculateHat:112, 0.0
org.apache.commons.math.linear.QRDecompositionImpl:getQ:173, 0.0
org.apache.commons.math.stat.regression.AbstractMultipleLinearRegression:newSampleData:59, 0.0
org.apache.commons.math.stat.regression.AbstractMultipleLinearRegression:newSampleData:58, 0.0
org.apache.commons.math.stat.regression.AbstractMultipleLinearRegression:newSampleData:60, 0.0
org.apache.commons.math.linear.QRDecompositionImpl:getQT:204, 0.0
org.apache.commons.math.linear.QRDecompositionImpl:getQT:203, 0.0
org.apache.commons.math.stat.regression.OLSMultipleLinearRegression:calculateHat:121, 0.0
org.apache.commons.math.stat.regression.AbstractMultipleLinearRegression:newSampleData:55, 0.0
org.apache.commons.math.stat.regression.AbstractMultipleLinearRegression:newSampleData:54, 0.0
org.apache.commons.math.linear.QRDecompositionImpl:getQT:205, 0.0
org.apache.commons.math.stat.regression.OLSMultipleLinearRegression:calculateHat:115, 0.0
org.apache.commons.math.stat.regression.AbstractMultipleLinearRegression:newSampleData:53, 0.0
org.apache.commons.math.stat.regression.AbstractMultipleLinearRegression:newSampleData:52, 0.0
org.apache.commons.math.linear.QRDecompositionImpl:getQT:207, 0.0
org.apache.commons.math.stat.regression.OLSMultipleLinearRegression:calculateYVariance:175, 0.0
org.apache.commons.math.stat.regression.OLSMultipleLinearRegression:calculateYVariance:174, 0.0
org.apache.commons.math.stat.regression.AbstractMultipleLinearRegression:estimateRegressionParametersStandardErrors:156, 0.0
org.apache.commons.math.stat.regression.AbstractMultipleLinearRegression:estimateRegressionParametersStandardErrors:153, 0.0
org.apache.commons.math.stat.regression.AbstractMultipleLinearRegression:calculateResiduals:199, 0.0
org.apache.commons.math.stat.regression.AbstractMultipleLinearRegression:calculateResiduals:200, 0.0
org.apache.commons.math.stat.regression.AbstractMultipleLinearRegression:estimateRegressionParametersStandardErrors:152, 0.0
org.apache.commons.math.stat.regression.AbstractMultipleLinearRegression:estimateRegressionParametersStandardErrors:149, 0.0
org.apache.commons.math.stat.regression.AbstractMultipleLinearRegression:estimateRegressionParametersStandardErrors:150, 0.0
org.apache.commons.math.stat.regression.AbstractMultipleLinearRegression:estimateRegressionParametersStandardErrors:151, 0.0
org.apache.commons.math.stat.regression.AbstractMultipleLinearRegression:estimateRegressionParametersStandardErrors:154, 0.0
org.apache.commons.math.linear.Array2DRowRealMatrix:walkInRowOrder:485, 0.0
org.apache.commons.math.linear.Array2DRowRealMatrix:walkInRowOrder:484, 0.0
org.apache.commons.math.linear.DefaultRealMatrixChangingVisitor:end:45, 0.0
org.apache.commons.math.linear.Array2DRowRealMatrix:walkInRowOrder:486, 0.0
org.apache.commons.math.linear.Array2DRowRealMatrix:walkInRowOrder:483, 0.0
org.apache.commons.math.linear.Array2DRowRealMatrix:walkInRowOrder:489, 0.0
org.apache.commons.math.linear.AbstractRealMatrix:walkInOptimizedOrder:913, 0.0
org.apache.commons.math.linear.DefaultRealMatrixChangingVisitor:start:35, 0.0
org.apache.commons.math.linear.DefaultRealMatrixChangingVisitor:<init>:30, 0.0
org.apache.commons.math.linear.Array2DRowRealMatrix:walkInRowOrder:481, 0.0
org.apache.commons.math.linear.Array2DRowRealMatrix:walkInRowOrder:480, 0.0
org.apache.commons.math.linear.Array2DRowRealMatrix:walkInRowOrder:482, 0.0
org.apache.commons.math.analysis.polynomials.PolynomialFunction:equals:349, 0.0
org.apache.commons.math.analysis.polynomials.PolynomialFunction:equals:344, 0.0
org.apache.commons.math.analysis.polynomials.PolynomialFunction:equals:342, 0.0
org.apache.commons.math.analysis.polynomials.PolynomialFunction:equals:347, 0.0
org.apache.commons.math.analysis.polynomials.PolynomialFunction:equals:346, 0.0
org.apache.commons.math.complex.ComplexField$LazyHolder:access$000:64, 0.0
org.apache.commons.math.complex.ComplexField:getInstance:47, 0.0
org.apache.commons.math.complex.ComplexField:readResolve:75, 0.0
org.apache.commons.math.complex.Complex:createComplex:987, 0.0
org.apache.commons.math.complex.Complex:isInfinite:325, 0.0
org.apache.commons.math.complex.Complex:readResolve:997, 0.0
org.apache.commons.math.fraction.BigFractionField:readResolve:75, 0.0
org.apache.commons.math.fraction.BigFraction:<init>:362, 0.0
org.apache.commons.math.fraction.BigFraction:<init>:363, 0.0
org.apache.commons.math.fraction.BigFraction:<init>:339, 0.0
org.apache.commons.math.fraction.BigFraction:<init>:338, 0.0
org.apache.commons.math.fraction.FractionField:getInstance:47, 0.0
org.apache.commons.math.fraction.FractionField$LazyHolder:access$000:64, 0.0
org.apache.commons.math.fraction.FractionField:readResolve:75, 0.0
org.apache.commons.math.util.MathUtils:gcd:653, 0.0
org.apache.commons.math.fraction.Fraction:<init>:286, 0.0
org.apache.commons.math.util.MathUtils:gcd:633, 0.0
org.apache.commons.math.util.MathUtils:gcd:632, 0.0
org.apache.commons.math.util.MathUtils:gcd:664, 0.0
org.apache.commons.math.fraction.Fraction:<init>:244, 0.0
org.apache.commons.math.fraction.Fraction:<init>:243, 0.0
org.apache.commons.math.util.MathUtils:gcd:659, 0.0
org.apache.commons.math.fraction.Fraction:<init>:266, 0.0
org.apache.commons.math.fraction.Fraction:<init>:265, 0.0
org.apache.commons.math.fraction.Fraction:<init>:280, 0.0
org.apache.commons.math.fraction.Fraction:<init>:279, 0.0
org.apache.commons.math.fraction.Fraction:equals:344, 0.0
org.apache.commons.math.util.MathUtils:gcd:666, 0.0
org.apache.commons.math.util.MathUtils:gcd:619, 0.0
org.apache.commons.math.fraction.Fraction:<init>:150, 0.0
org.apache.commons.math.fraction.Fraction:<init>:151, 0.0
org.apache.commons.math.fraction.Fraction:<init>:247, 0.0
org.apache.commons.math.util.MathUtils:gcd:618, 0.0
org.apache.commons.math.util.MathUtils:gcd:617, 0.0
org.apache.commons.math.fraction.Fraction:<init>:290, 0.0
org.apache.commons.math.fraction.Fraction:<init>:291, 0.0
org.apache.commons.math.fraction.Fraction:<init>:292, 0.0
org.apache.commons.math.util.MathUtils:gcd:636, 0.0
org.apache.commons.math.util.MathUtils:gcd:673, 0.0
org.apache.commons.math.util.MathUtils:gcd:660, 0.0
org.apache.commons.math.fraction.Fraction:equals:348, 0.0
org.apache.commons.math.fraction.Fraction:equals:347, 0.0
org.apache.commons.math.fraction.Fraction:<init>:239, 0.0
org.apache.commons.math.util.MathUtils:gcd:639, 0.0
org.apache.commons.math.fraction.Fraction:<init>:270, 0.0
org.apache.commons.math.util.MathUtils:gcd:635, 0.0
org.apache.commons.math.fraction.Fraction:<init>:255, 0.0
org.apache.commons.math.fraction.Fraction:<init>:256, 0.0
org.apache.commons.math.util.MathUtils:gcd:669, 0.0
org.apache.commons.math.util.MathUtils:gcd:672, 0.0
org.apache.commons.math.util.MathUtils:gcd:663, 0.0
org.apache.commons.math.fraction.Fraction:equals:341, 0.0
org.apache.commons.math.util.MathUtils:gcd:646, 0.0
org.apache.commons.math.util.MathUtils:gcd:640, 0.0
org.apache.commons.math.linear.ArrayFieldVector:equals:745, 0.0
org.apache.commons.math.linear.ArrayFieldVector:equals:755, 0.0
org.apache.commons.math.linear.ArrayFieldVector:equals:756, 0.0
org.apache.commons.math.fraction.Fraction:getField:661, 0.0
org.apache.commons.math.linear.ArrayFieldVector:getEntry:587, 0.0
org.apache.commons.math.linear.ArrayFieldVector:equals:761, 0.0
org.apache.commons.math.linear.ArrayFieldVector:<init>:93, 0.0
org.apache.commons.math.util.MathUtils:gcd:620, 0.0
org.apache.commons.math.linear.ArrayFieldVector:equals:765, 0.0
org.apache.commons.math.util.MathUtils:gcd:625, 0.0
org.apache.commons.math.linear.ArrayFieldVector:equals:760, 0.0
org.apache.commons.math.linear.ArrayFieldVector:equals:749, 0.0
org.apache.commons.math.linear.ArrayFieldVector:<init>:85, 0.0
org.apache.commons.math.linear.ArrayFieldVector:<init>:92, 0.0
org.apache.commons.math.linear.ArrayFieldVector:<init>:87, 0.0
org.apache.commons.math.linear.ArrayFieldVector:<init>:88, 0.0
org.apache.commons.math.linear.ArrayFieldVector:getDimension:592, 0.0
org.apache.commons.math.linear.AbstractFieldMatrix:equals:984, 0.0
org.apache.commons.math.linear.BlockFieldMatrix:<init>:152, 0.0
org.apache.commons.math.linear.BlockFieldMatrix:<init>:153, 0.0
org.apache.commons.math.linear.BlockFieldMatrix:<init>:156, 0.0
org.apache.commons.math.linear.BlockFieldMatrix:<init>:157, 0.0
org.apache.commons.math.linear.BlockFieldMatrix:<init>:159, 0.0
org.apache.commons.math.linear.BlockFieldMatrix:<init>:151, 0.0
org.apache.commons.math.linear.BlockFieldMatrix:toBlocksLayout:245, 0.0
org.apache.commons.math.linear.BlockFieldMatrix:toBlocksLayout:212, 0.0
org.apache.commons.math.linear.BlockFieldMatrix:toBlocksLayout:213, 0.0
org.apache.commons.math.linear.BlockFieldMatrix:toBlocksLayout:214, 0.0
org.apache.commons.math.linear.BlockFieldMatrix:toBlocksLayout:217, 0.0
org.apache.commons.math.linear.BlockFieldMatrix:toBlocksLayout:211, 0.0
org.apache.commons.math.linear.BlockFieldMatrix:<init>:168, 0.0
org.apache.commons.math.linear.BlockFieldMatrix:<init>:129, 0.0
org.apache.commons.math.linear.BlockFieldMatrix:<init>:130, 0.0
org.apache.commons.math.linear.AbstractFieldMatrix:equals:988, 0.0
org.apache.commons.math.linear.AbstractFieldMatrix:equals:982, 0.0
org.apache.commons.math.linear.AbstractFieldMatrix:equals:983, 0.0
org.apache.commons.math.linear.AbstractFieldMatrix:equals:981, 0.0
org.apache.commons.math.linear.BlockFieldMatrix:toBlocksLayout:246, 0.0
org.apache.commons.math.linear.BlockFieldMatrix:toBlocksLayout:247, 0.0
org.apache.commons.math.linear.BlockFieldMatrix:<init>:182, 0.0
org.apache.commons.math.linear.BlockFieldMatrix:blockWidth:1664, 0.0
org.apache.commons.math.linear.AbstractFieldMatrix:equals:987, 0.0
org.apache.commons.math.linear.BlockFieldMatrix:toBlocksLayout:234, 0.0
org.apache.commons.math.linear.BlockFieldMatrix:toBlocksLayout:218, 0.0
org.apache.commons.math.linear.BlockFieldMatrix:toBlocksLayout:219, 0.0
org.apache.commons.math.linear.BlockFieldMatrix:blockHeight:1655, 0.0
org.apache.commons.math.linear.BlockFieldMatrix:<init>:164, 0.0
org.apache.commons.math.fraction.FractionField:getZero:57, 0.0
org.apache.commons.math.linear.BlockFieldMatrix:getRowDimension:1321, 0.0
org.apache.commons.math.linear.AbstractFieldMatrix:equals:994, 0.0
org.apache.commons.math.linear.BlockFieldMatrix:<init>:167, 0.0
org.apache.commons.math.linear.BlockFieldMatrix:toBlocksLayout:237, 0.0
org.apache.commons.math.linear.BlockFieldMatrix:toBlocksLayout:236, 0.0
org.apache.commons.math.linear.BlockFieldMatrix:toBlocksLayout:235, 0.0
org.apache.commons.math.linear.BlockFieldMatrix:toBlocksLayout:244, 0.0
org.apache.commons.math.linear.BlockFieldMatrix:toBlocksLayout:240, 0.0
org.apache.commons.math.linear.BlockFieldMatrix:toBlocksLayout:241, 0.0
org.apache.commons.math.linear.BlockFieldMatrix:getColumnDimension:1327, 0.0
org.apache.commons.math.linear.BlockFieldMatrix:toBlocksLayout:230, 0.0
org.apache.commons.math.linear.BlockFieldMatrix:toBlocksLayout:255, 0.0
org.apache.commons.math.linear.BlockFieldMatrix:toBlocksLayout:231, 0.0
org.apache.commons.math.linear.BlockFieldMatrix:toBlocksLayout:233, 0.0
org.apache.commons.math.linear.BlockFieldMatrix:toBlocksLayout:232, 0.0
org.apache.commons.math.linear.BlockFieldMatrix:<init>:170, 0.0
org.apache.commons.math.linear.BlockFieldMatrix:<init>:169, 0.0
org.apache.commons.math.linear.AbstractFieldMatrix:<init>:46, 0.0
org.apache.commons.math.linear.AbstractFieldMatrix:<init>:44, 0.0
org.apache.commons.math.linear.AbstractFieldMatrix:<init>:45, 0.0
org.apache.commons.math.linear.AbstractFieldMatrix:equals:975, 0.0
org.apache.commons.math.linear.BlockFieldMatrix:getEntry:1214, 0.0
org.apache.commons.math.linear.BlockFieldMatrix:getEntry:1216, 0.0
org.apache.commons.math.linear.BlockFieldMatrix:getEntry:1212, 0.0
org.apache.commons.math.linear.BlockFieldMatrix:getEntry:1213, 0.0
org.apache.commons.math.linear.BlockFieldMatrix:<init>:176, 0.0
org.apache.commons.math.linear.AbstractFieldMatrix:buildArray:129, 0.0
org.apache.commons.math.linear.AbstractFieldMatrix:buildArray:130, 0.0
org.apache.commons.math.linear.AbstractFieldMatrix:equals:989, 0.0
org.apache.commons.math.linear.BlockFieldMatrix:toBlocksLayout:250, 0.0
org.apache.commons.math.linear.BlockFieldMatrix:toBlocksLayout:229, 0.0
org.apache.commons.math.linear.BlockFieldMatrix:toBlocksLayout:228, 0.0
org.apache.commons.math.linear.BlockFieldMatrix:toBlocksLayout:227, 0.0
org.apache.commons.math.linear.BlockFieldMatrix:<init>:171, 0.0
org.apache.commons.math.linear.AbstractFieldMatrix:equals:978, 0.0
org.apache.commons.math.linear.AbstractFieldMatrix:buildArray:152, 0.0
org.apache.commons.math.linear.AbstractFieldMatrix:buildArray:153, 0.0
org.apache.commons.math.linear.AbstractFieldMatrix:buildArray:154, 0.0
org.apache.commons.math.linear.Array2DRowFieldMatrix:setSubMatrix:355, 0.0
org.apache.commons.math.linear.Array2DRowFieldMatrix:setSubMatrix:348, 0.0
org.apache.commons.math.linear.Array2DRowFieldMatrix:setSubMatrix:347, 0.0
org.apache.commons.math.linear.Array2DRowFieldMatrix:setSubMatrix:327, 0.0
org.apache.commons.math.linear.Array2DRowFieldMatrix:setSubMatrix:337, 0.0
org.apache.commons.math.linear.Array2DRowFieldMatrix:setSubMatrix:336, 0.0
org.apache.commons.math.linear.Array2DRowFieldMatrix:setSubMatrix:353, 0.0
org.apache.commons.math.linear.Array2DRowFieldMatrix:setSubMatrix:328, 0.0
org.apache.commons.math.linear.Array2DRowFieldMatrix:setSubMatrix:359, 0.0
org.apache.commons.math.linear.Array2DRowFieldMatrix:setSubMatrix:343, 0.0
org.apache.commons.math.linear.Array2DRowFieldMatrix:setSubMatrix:342, 0.0
org.apache.commons.math.linear.Array2DRowFieldMatrix:<init>:106, 0.0
org.apache.commons.math.linear.Array2DRowFieldMatrix:<init>:104, 0.0
org.apache.commons.math.linear.Array2DRowFieldMatrix:<init>:105, 0.0
org.apache.commons.math.linear.Array2DRowFieldMatrix:setSubMatrix:332, 0.0
org.apache.commons.math.linear.Array2DRowFieldMatrix:setSubMatrix:349, 0.0
org.apache.commons.math.linear.Array2DRowFieldMatrix:copyIn:629, 0.0
org.apache.commons.math.linear.Array2DRowFieldMatrix:copyIn:628, 0.0
org.apache.commons.math.stat.Frequency:addValue:149, 0.0
org.apache.commons.math.stat.Frequency:addValue:142, 0.0
org.apache.commons.math.stat.Frequency:addValue:150, 0.0
org.apache.commons.math.stat.Frequency:equals:579, 0.0
org.apache.commons.math.stat.Frequency:equals:589, 0.0
org.apache.commons.math.stat.Frequency:addValue:139, 0.0
org.apache.commons.math.stat.Frequency:addValue:138, 0.0
org.apache.commons.math.stat.Frequency:addValue:140, 0.0
org.apache.commons.math.stat.Frequency:equals:587, 0.0
org.apache.commons.math.stat.Frequency:addValue:178, 0.0
org.apache.commons.math.stat.Frequency:addValue:179, 0.0
org.apache.commons.math.stat.Frequency:addValue:158, 0.0
org.apache.commons.math.stat.Frequency:addValue:159, 0.0
org.apache.commons.math.stat.Frequency:<init>:59, 0.0
org.apache.commons.math.stat.Frequency:<init>:61, 0.0
org.apache.commons.math.stat.Frequency:<init>:60, 0.0
org.apache.commons.math.stat.Frequency:addValue:133, 0.0
org.apache.commons.math.stat.Frequency:addValue:134, 0.0
org.apache.commons.math.stat.Frequency:equals:581, 0.0
org.apache.commons.math.stat.Frequency:equals:584, 0.0
org.apache.commons.math.stat.Frequency:equals:583, 0.0
org.apache.commons.math.stat.clustering.EuclideanIntegerPoint:equals:84, 0.0
org.apache.commons.math.stat.clustering.EuclideanIntegerPoint:equals:81, 0.0
org.apache.commons.math.stat.clustering.EuclideanIntegerPoint:equals:80, 0.0
org.apache.commons.math.stat.clustering.EuclideanIntegerPoint:getPoint:52, 0.0
org.apache.commons.math.stat.clustering.EuclideanIntegerPoint:<init>:43, 0.0
org.apache.commons.math.stat.clustering.EuclideanIntegerPoint:<init>:44, 0.0
org.apache.commons.math.stat.clustering.EuclideanIntegerPoint:<init>:45, 0.0
org.apache.commons.math.stat.clustering.EuclideanIntegerPoint:equals:89, 0.0
org.apache.commons.math.stat.clustering.EuclideanIntegerPoint:equals:77, 0.0
org.apache.commons.math.stat.clustering.EuclideanIntegerPoint:equals:85, 0.0
org.apache.commons.math.stat.descriptive.moment.Variance:evaluate:399, 0.0
org.apache.commons.math.stat.descriptive.moment.FourthMoment:<init>:65, 0.0
org.apache.commons.math.stat.descriptive.moment.FourthMoment:<init>:66, 0.0
org.apache.commons.math.stat.descriptive.moment.FourthMoment:<init>:67, 0.0
org.apache.commons.math.stat.descriptive.moment.Variance:evaluate:247, 0.0
org.apache.commons.math.stat.descriptive.moment.Variance:evaluate:248, 0.0
org.apache.commons.math.stat.descriptive.moment.Variance:clear:193, 0.0
org.apache.commons.math.stat.descriptive.moment.Variance:evaluate:412, 0.0
org.apache.commons.math.stat.descriptive.summary.SumOfSquares:evaluate:127, 0.0
org.apache.commons.math.stat.descriptive.rank.Min:evaluate:133, 0.0
org.apache.commons.math.stat.descriptive.rank.Percentile:<init>:93, 0.0
org.apache.commons.math.stat.descriptive.rank.Percentile:<init>:92, 0.0
org.apache.commons.math.stat.descriptive.rank.Percentile:<init>:91, 0.0
org.apache.commons.math.stat.descriptive.rank.Percentile:<init>:75, 0.0
org.apache.commons.math.stat.descriptive.moment.Variance:evaluate:398, 0.0
org.apache.commons.math.stat.descriptive.moment.Variance:evaluate:397, 0.0
org.apache.commons.math.stat.descriptive.moment.Variance:evaluate:396, 0.0
org.apache.commons.math.stat.descriptive.AbstractUnivariateStatistic:test:98, 0.0
org.apache.commons.math.stat.descriptive.DescriptiveStatistics:getVariance:205, 0.0
org.apache.commons.math.stat.descriptive.moment.Variance:clear:192, 0.0
org.apache.commons.math.stat.descriptive.moment.Skewness:<init>:59, 0.0
org.apache.commons.math.stat.descriptive.moment.Skewness:<init>:46, 0.0
org.apache.commons.math.stat.descriptive.moment.Skewness:<init>:62, 0.0
org.apache.commons.math.stat.descriptive.moment.Skewness:<init>:61, 0.0
org.apache.commons.math.stat.descriptive.moment.Skewness:<init>:60, 0.0
org.apache.commons.math.stat.descriptive.moment.Variance:evaluate:246, 0.0
org.apache.commons.math.stat.descriptive.moment.Variance:evaluate:244, 0.0
org.apache.commons.math.stat.descriptive.rank.Max:evaluate:133, 0.0
org.apache.commons.math.stat.descriptive.rank.Percentile:setQuantile:249, 0.0
org.apache.commons.math.stat.descriptive.moment.FirstMoment:clear:118, 0.0
org.apache.commons.math.stat.descriptive.moment.FirstMoment:clear:117, 0.0
org.apache.commons.math.stat.descriptive.moment.FirstMoment:clear:116, 0.0
org.apache.commons.math.stat.descriptive.moment.FirstMoment:clear:115, 0.0
org.apache.commons.math.stat.descriptive.moment.FirstMoment:clear:114, 0.0
org.apache.commons.math.stat.descriptive.moment.Mean:evaluate:155, 0.0
org.apache.commons.math.stat.descriptive.AbstractUnivariateStatistic:test:79, 0.0
org.apache.commons.math.stat.descriptive.moment.Variance:evaluate:395, 0.0
org.apache.commons.math.stat.descriptive.DescriptiveStatistics:<init>:103, 0.0
org.apache.commons.math.stat.descriptive.DescriptiveStatistics:<init>:100, 0.0
org.apache.commons.math.stat.descriptive.DescriptiveStatistics:<init>:97, 0.0
org.apache.commons.math.stat.descriptive.DescriptiveStatistics:<init>:109, 0.0
org.apache.commons.math.stat.descriptive.DescriptiveStatistics:<init>:106, 0.0
org.apache.commons.math.stat.descriptive.DescriptiveStatistics:<init>:85, 0.0
org.apache.commons.math.stat.descriptive.DescriptiveStatistics:<init>:115, 0.0
org.apache.commons.math.stat.descriptive.DescriptiveStatistics:<init>:80, 0.0
org.apache.commons.math.stat.descriptive.DescriptiveStatistics:<init>:112, 0.0
org.apache.commons.math.stat.descriptive.DescriptiveStatistics:<init>:94, 0.0
org.apache.commons.math.stat.descriptive.DescriptiveStatistics:<init>:88, 0.0
org.apache.commons.math.stat.descriptive.DescriptiveStatistics:<init>:121, 0.0
org.apache.commons.math.stat.descriptive.DescriptiveStatistics:<init>:91, 0.0
org.apache.commons.math.stat.descriptive.DescriptiveStatistics:<init>:120, 0.0
org.apache.commons.math.stat.descriptive.rank.Max:evaluate:132, 0.0
org.apache.commons.math.stat.descriptive.moment.Kurtosis:<init>:64, 0.0
org.apache.commons.math.stat.descriptive.moment.Kurtosis:<init>:65, 0.0
org.apache.commons.math.stat.descriptive.moment.Kurtosis:<init>:66, 0.0
org.apache.commons.math.stat.descriptive.moment.Kurtosis:<init>:67, 0.0
org.apache.commons.math.stat.descriptive.DescriptiveStatistics:getMin:258, 0.0
org.apache.commons.math.stat.descriptive.moment.Mean:evaluate:163, 0.0
org.apache.commons.math.stat.descriptive.moment.Mean:evaluate:160, 0.0
org.apache.commons.math.stat.descriptive.moment.Mean:evaluate:156, 0.0
org.apache.commons.math.stat.descriptive.moment.Mean:evaluate:157, 0.0
org.apache.commons.math.stat.descriptive.moment.Mean:evaluate:164, 0.0
org.apache.commons.math.stat.descriptive.DescriptiveStatistics:getSum:274, 0.0
org.apache.commons.math.stat.descriptive.summary.SumOfSquares:evaluate:123, 0.0
org.apache.commons.math.stat.descriptive.summary.Sum:evaluate:122, 0.0
org.apache.commons.math.stat.descriptive.summary.Sum:evaluate:121, 0.0
org.apache.commons.math.stat.descriptive.AbstractUnivariateStatistic:test:102, 0.0
org.apache.commons.math.stat.descriptive.DescriptiveStatistics:getStandardDeviation:222, 0.0
org.apache.commons.math.util.DefaultTransformer:transform:51, 0.0
org.apache.commons.math.stat.descriptive.rank.Percentile:setQuantile:254, 0.0
org.apache.commons.math.stat.descriptive.rank.Percentile:setQuantile:253, 0.0
org.apache.commons.math.stat.descriptive.summary.SumOfSquares:evaluate:124, 0.0
org.apache.commons.math.stat.descriptive.moment.Variance:evaluate:393, 0.0
org.apache.commons.math.stat.descriptive.AbstractUnivariateStatistic:test:83, 0.0
org.apache.commons.math.stat.descriptive.rank.Min:evaluate:131, 0.0
org.apache.commons.math.stat.descriptive.rank.Min:evaluate:130, 0.0
org.apache.commons.math.stat.descriptive.rank.Percentile:<init>:83, 0.0
org.apache.commons.math.stat.descriptive.rank.Percentile:<init>:82, 0.0
org.apache.commons.math.stat.descriptive.moment.Mean:evaluate:165, 0.0
org.apache.commons.math.stat.descriptive.rank.Min:evaluate:137, 0.0
org.apache.commons.math.stat.descriptive.moment.Variance:<init>:93, 0.0
org.apache.commons.math.stat.descriptive.moment.Variance:<init>:95, 0.0
org.apache.commons.math.stat.descriptive.moment.Variance:<init>:87, 0.0
org.apache.commons.math.stat.descriptive.moment.Variance:<init>:94, 0.0
org.apache.commons.math.stat.descriptive.moment.Variance:<init>:80, 0.0
org.apache.commons.math.stat.descriptive.moment.Variance:<init>:73, 0.0
org.apache.commons.math.stat.descriptive.summary.SumOfSquares:evaluate:121, 0.0
org.apache.commons.math.stat.descriptive.summary.SumOfSquares:evaluate:120, 0.0
org.apache.commons.math.stat.descriptive.moment.Variance:evaluate:256, 0.0
org.apache.commons.math.stat.descriptive.moment.Variance:evaluate:392, 0.0
org.apache.commons.math.stat.descriptive.moment.Variance:evaluate:390, 0.0
org.apache.commons.math.stat.descriptive.moment.Variance:evaluate:402, 0.0
org.apache.commons.math.stat.descriptive.moment.Variance:evaluate:400, 0.0
org.apache.commons.math.stat.descriptive.moment.Variance:evaluate:401, 0.0
org.apache.commons.math.stat.descriptive.summary.Sum:evaluate:125, 0.0
org.apache.commons.math.stat.descriptive.summary.Sum:evaluate:124, 0.0
org.apache.commons.math.stat.descriptive.DescriptiveStatistics:getMean:186, 0.0
org.apache.commons.math.stat.descriptive.moment.ThirdMoment:<init>:68, 0.0
org.apache.commons.math.stat.descriptive.moment.ThirdMoment:<init>:69, 0.0
org.apache.commons.math.stat.descriptive.moment.ThirdMoment:<init>:66, 0.0
org.apache.commons.math.stat.descriptive.moment.ThirdMoment:<init>:67, 0.0
org.apache.commons.math.stat.descriptive.rank.Max:evaluate:131, 0.0
org.apache.commons.math.stat.descriptive.rank.Max:evaluate:130, 0.0
org.apache.commons.math.stat.descriptive.summary.Sum:evaluate:123, 0.0
org.apache.commons.math.stat.descriptive.rank.Min:evaluate:129, 0.0
org.apache.commons.math.stat.descriptive.rank.Min:evaluate:128, 0.0
org.apache.commons.math.stat.descriptive.DescriptiveStatistics:getStandardDeviation:217, 0.0
org.apache.commons.math.stat.descriptive.moment.Variance:evaluate:252, 0.0
org.apache.commons.math.stat.descriptive.moment.Variance:evaluate:253, 0.0
org.apache.commons.math.stat.descriptive.moment.Variance:evaluate:251, 0.0
org.apache.commons.math.stat.descriptive.moment.Variance:evaluate:404, 0.0
org.apache.commons.math.stat.descriptive.moment.Variance:evaluate:405, 0.0
org.apache.commons.math.stat.descriptive.summary.SumOfSquares:evaluate:122, 0.0
org.apache.commons.math.stat.descriptive.AbstractUnivariateStatistic:test:88, 0.0
org.apache.commons.math.stat.descriptive.moment.Mean:evaluate:167, 0.0
org.apache.commons.math.stat.descriptive.rank.Min:evaluate:132, 0.0
org.apache.commons.math.stat.descriptive.DescriptiveStatistics:getStandardDeviation:216, 0.0
org.apache.commons.math.stat.descriptive.DescriptiveStatistics:getMax:250, 0.0
org.apache.commons.math.stat.descriptive.moment.Variance:evaluate:250, 0.0
org.apache.commons.math.stat.descriptive.moment.Variance:evaluate:406, 0.0
org.apache.commons.math.stat.descriptive.DescriptiveStatistics:getSumsq:283, 0.0
org.apache.commons.math.stat.descriptive.moment.SecondMoment:clear:89, 0.0
org.apache.commons.math.stat.descriptive.moment.SecondMoment:clear:91, 0.0
org.apache.commons.math.stat.descriptive.moment.SecondMoment:clear:90, 0.0
org.apache.commons.math.stat.descriptive.moment.Variance:clear:195, 0.0
org.apache.commons.math.stat.descriptive.rank.Max:evaluate:137, 0.0
org.apache.commons.math.util.ResizableDoubleArray:<init>:100, 0.0
org.apache.commons.math.util.ResizableDoubleArray:<init>:143, 0.0
org.apache.commons.math.util.ResizableDoubleArray:<init>:142, 0.0
org.apache.commons.math.util.ResizableDoubleArray:<init>:112, 0.0
org.apache.commons.math.util.ResizableDoubleArray:<init>:144, 0.0
org.apache.commons.math.util.ResizableDoubleArray:<init>:131, 0.0
org.apache.commons.math.util.ResizableDoubleArray:<init>:106, 0.0
org.apache.commons.math.util.ResizableDoubleArray:<init>:123, 0.0
org.apache.commons.math.util.ResizableDoubleArray:<init>:90, 0.0
org.apache.commons.math.stat.descriptive.moment.SecondMoment:<init>:59, 0.0
org.apache.commons.math.stat.descriptive.moment.SecondMoment:<init>:58, 0.0
org.apache.commons.math.stat.descriptive.moment.SecondMoment:<init>:57, 0.0
org.apache.commons.math.stat.descriptive.DescriptiveStatistics:getStandardDeviation:214, 0.0
org.apache.commons.math.stat.descriptive.DescriptiveStatistics:getStandardDeviation:215, 0.0
org.apache.commons.math.stat.descriptive.rank.Max:evaluate:129, 0.0
org.apache.commons.math.stat.descriptive.rank.Max:evaluate:128, 0.0
org.apache.commons.math.stat.descriptive.summary.Sum:evaluate:128, 0.0
org.apache.commons.math.stat.descriptive.AbstractUnivariateStatistic:test:93, 0.0
org.apache.commons.math.linear.AbstractRealMatrix:hashCode:1062, 0.0
org.apache.commons.math.linear.AbstractRealMatrix:hashCode:1063, 0.0
org.apache.commons.math.stat.descriptive.summary.SumOfSquares:increment:73, 0.0
org.apache.commons.math.stat.descriptive.moment.VectorialCovariance:getResult:93, 0.0
org.apache.commons.math.stat.descriptive.moment.VectorialCovariance:getResult:92, 0.0
org.apache.commons.math.stat.descriptive.moment.VectorialCovariance:getResult:95, 0.0
org.apache.commons.math.stat.descriptive.moment.VectorialCovariance:getResult:94, 0.0
org.apache.commons.math.stat.descriptive.summary.SumOfLogs:getN:100, 0.0
org.apache.commons.math.stat.descriptive.MultivariateSummaryStatistics:getResults:184, 0.0
org.apache.commons.math.stat.descriptive.MultivariateSummaryStatistics:getResults:185, 0.0
org.apache.commons.math.stat.descriptive.MultivariateSummaryStatistics:equals:372, 0.0
org.apache.commons.math.util.MathUtils:equals:480, 0.0
org.apache.commons.math.stat.descriptive.MultivariateSummaryStatistics:getCovariance:262, 0.0
org.apache.commons.math.stat.descriptive.summary.SumOfSquares:increment:72, 0.0
org.apache.commons.math.stat.descriptive.MultivariateSummaryStatistics:getN:174, 0.0
org.apache.commons.math.util.MathUtils:equals:483, 0.0
org.apache.commons.math.util.MathUtils:equals:488, 0.0
org.apache.commons.math.util.MathUtils:hash:772, 0.0
org.apache.commons.math.stat.descriptive.moment.VectorialCovariance:increment:76, 0.0
org.apache.commons.math.stat.descriptive.moment.VectorialCovariance:increment:77, 0.0
org.apache.commons.math.stat.descriptive.rank.Max:increment:77, 0.0
org.apache.commons.math.stat.descriptive.rank.Max:increment:78, 0.0
org.apache.commons.math.stat.descriptive.moment.VectorialCovariance:getResult:100, 0.0
org.apache.commons.math.stat.descriptive.MultivariateSummaryStatistics:equals:371, 0.0
org.apache.commons.math.stat.descriptive.moment.VectorialCovariance:getResult:85, 0.0
org.apache.commons.math.stat.descriptive.moment.VectorialCovariance:getResult:86, 0.0
org.apache.commons.math.stat.descriptive.moment.VectorialCovariance:getResult:88, 0.0
org.apache.commons.math.stat.descriptive.moment.VectorialCovariance:increment:70, 0.0
org.apache.commons.math.stat.descriptive.moment.GeometricMean:getResult:107, 0.0
org.apache.commons.math.stat.descriptive.moment.VectorialCovariance:increment:69, 0.0
org.apache.commons.math.stat.descriptive.MultivariateSummaryStatistics:addValue:152, 0.0
org.apache.commons.math.stat.descriptive.MultivariateSummaryStatistics:addValue:153, 0.0
org.apache.commons.math.stat.descriptive.MultivariateSummaryStatistics:addValue:154, 0.0
org.apache.commons.math.stat.descriptive.MultivariateSummaryStatistics:addValue:155, 0.0
org.apache.commons.math.stat.descriptive.MultivariateSummaryStatistics:addValue:148, 0.0
org.apache.commons.math.stat.descriptive.MultivariateSummaryStatistics:addValue:149, 0.0
org.apache.commons.math.stat.descriptive.MultivariateSummaryStatistics:addValue:150, 0.0
org.apache.commons.math.stat.descriptive.MultivariateSummaryStatistics:addValue:151, 0.0
org.apache.commons.math.stat.descriptive.MultivariateSummaryStatistics:getResults:183, 0.0
org.apache.commons.math.stat.descriptive.moment.FirstMoment:increment:102, 0.0
org.apache.commons.math.stat.descriptive.moment.FirstMoment:increment:103, 0.0
org.apache.commons.math.stat.descriptive.moment.FirstMoment:increment:106, 0.0
org.apache.commons.math.stat.descriptive.moment.FirstMoment:increment:107, 0.0
org.apache.commons.math.stat.descriptive.moment.FirstMoment:increment:104, 0.0
org.apache.commons.math.stat.descriptive.moment.FirstMoment:increment:105, 0.0
org.apache.commons.math.stat.descriptive.MultivariateSummaryStatistics:getSumSq:209, 0.0
org.apache.commons.math.stat.descriptive.summary.Sum:getResult:86, 0.0
org.apache.commons.math.linear.AbstractRealMatrix:hashCode:1061, 0.0
org.apache.commons.math.stat.descriptive.moment.VectorialCovariance:getResult:91, 0.0
org.apache.commons.math.stat.descriptive.summary.Sum:increment:73, 0.0
org.apache.commons.math.stat.descriptive.MultivariateSummaryStatistics:getGeometricMean:295, 0.0
org.apache.commons.math.stat.descriptive.moment.VectorialCovariance:getResult:89, 0.0
org.apache.commons.math.stat.descriptive.moment.GeometricMean:getResult:108, 0.0
org.apache.commons.math.stat.descriptive.MultivariateSummaryStatistics:getMean:231, 0.0
org.apache.commons.math.stat.descriptive.MultivariateSummaryStatistics:checkDimension:631, 0.0
org.apache.commons.math.stat.descriptive.summary.SumOfSquares:getResult:85, 0.0
org.apache.commons.math.stat.descriptive.MultivariateSummaryStatistics:getMax:273, 0.0
org.apache.commons.math.stat.descriptive.moment.FirstMoment:increment:100, 0.0
org.apache.commons.math.stat.descriptive.moment.Mean:getResult:127, 0.0
org.apache.commons.math.stat.descriptive.moment.GeometricMean:increment:100, 0.0
org.apache.commons.math.stat.descriptive.moment.GeometricMean:increment:99, 0.0
org.apache.commons.math.stat.descriptive.moment.Mean:increment:110, 0.0
org.apache.commons.math.stat.descriptive.moment.VectorialCovariance:increment:72, 0.0
org.apache.commons.math.stat.descriptive.MultivariateSummaryStatistics:equals:368, 0.0
org.apache.commons.math.stat.descriptive.rank.Min:getResult:94, 0.0
org.apache.commons.math.stat.descriptive.rank.Min:increment:77, 0.0
org.apache.commons.math.stat.descriptive.rank.Min:increment:78, 0.0
org.apache.commons.math.linear.AbstractRealMatrix:hashCode:1058, 0.0
org.apache.commons.math.linear.AbstractRealMatrix:hashCode:1059, 0.0
org.apache.commons.math.linear.AbstractRealMatrix:hashCode:1056, 0.0
org.apache.commons.math.linear.AbstractRealMatrix:hashCode:1057, 0.0
org.apache.commons.math.linear.AbstractRealMatrix:hashCode:1060, 0.0
org.apache.commons.math.util.MathUtils:equals:477, 0.0
org.apache.commons.math.stat.descriptive.summary.Sum:increment:74, 0.0
org.apache.commons.math.stat.descriptive.rank.Max:increment:74, 0.0
org.apache.commons.math.stat.descriptive.moment.FirstMoment:increment:99, 0.0
org.apache.commons.math.util.MathUtils:equals:484, 0.0
org.apache.commons.math.stat.descriptive.moment.GeometricMean:getResult:110, 0.0
org.apache.commons.math.stat.descriptive.moment.Mean:increment:108, 0.0
org.apache.commons.math.stat.descriptive.moment.VectorialCovariance:increment:71, 0.0
org.apache.commons.math.stat.descriptive.rank.Min:increment:75, 0.0
org.apache.commons.math.stat.descriptive.MultivariateSummaryStatistics:hashCode:395, 0.0
org.apache.commons.math.stat.descriptive.MultivariateSummaryStatistics:hashCode:394, 0.0
org.apache.commons.math.stat.descriptive.MultivariateSummaryStatistics:hashCode:393, 0.0
org.apache.commons.math.stat.descriptive.MultivariateSummaryStatistics:hashCode:392, 0.0
org.apache.commons.math.stat.descriptive.MultivariateSummaryStatistics:hashCode:399, 0.0
org.apache.commons.math.stat.descriptive.MultivariateSummaryStatistics:hashCode:398, 0.0
org.apache.commons.math.stat.descriptive.MultivariateSummaryStatistics:hashCode:397, 0.0
org.apache.commons.math.stat.descriptive.MultivariateSummaryStatistics:hashCode:396, 0.0
org.apache.commons.math.stat.descriptive.MultivariateSummaryStatistics:hashCode:400, 0.0
org.apache.commons.math.stat.descriptive.MultivariateSummaryStatistics:hashCode:391, 0.0
org.apache.commons.math.stat.descriptive.MultivariateSummaryStatistics:hashCode:390, 0.0
org.apache.commons.math.stat.descriptive.summary.Sum:increment:76, 0.0
org.apache.commons.math.stat.descriptive.summary.SumOfLogs:getResult:92, 0.0
org.apache.commons.math.stat.descriptive.MultivariateSummaryStatistics:addValue:157, 0.0
org.apache.commons.math.stat.descriptive.MultivariateSummaryStatistics:addValue:158, 0.0
org.apache.commons.math.stat.descriptive.MultivariateSummaryStatistics:addValue:159, 0.0
org.apache.commons.math.stat.descriptive.moment.VectorialCovariance:getResult:90, 0.0
org.apache.commons.math.stat.descriptive.MultivariateSummaryStatistics:equals:365, 0.0
org.apache.commons.math.stat.descriptive.moment.Mean:increment:107, 0.0
org.apache.commons.math.stat.descriptive.rank.Min:increment:74, 0.0
org.apache.commons.math.stat.descriptive.summary.SumOfSquares:increment:77, 0.0
org.apache.commons.math.stat.descriptive.summary.SumOfSquares:increment:78, 0.0
org.apache.commons.math.stat.descriptive.MultivariateSummaryStatistics:getSumLog:220, 0.0
org.apache.commons.math.stat.descriptive.summary.SumOfLogs:getResult:90, 0.0
org.apache.commons.math.stat.descriptive.rank.Max:increment:75, 0.0
org.apache.commons.math.stat.descriptive.summary.Sum:increment:78, 0.0
org.apache.commons.math.stat.descriptive.summary.Sum:increment:79, 0.0
org.apache.commons.math.stat.descriptive.rank.Max:getResult:94, 0.0
org.apache.commons.math.stat.descriptive.moment.VectorialCovariance:increment:73, 0.0
org.apache.commons.math.stat.descriptive.summary.SumOfLogs:increment:81, 0.0
org.apache.commons.math.stat.descriptive.summary.SumOfLogs:increment:80, 0.0
org.apache.commons.math.stat.descriptive.summary.SumOfLogs:increment:82, 0.0
org.apache.commons.math.stat.descriptive.summary.SumOfSquares:increment:75, 0.0
org.apache.commons.math.stat.descriptive.MultivariateSummaryStatistics:getSum:198, 0.0
org.apache.commons.math.stat.descriptive.summary.SumOfLogs:getResult:89, 0.0
org.apache.commons.math.stat.descriptive.MultivariateSummaryStatistics:getMin:284, 0.0
org.apache.commons.math.stat.descriptive.MultivariateSummaryStatistics:getResults:187, 0.0
org.apache.commons.math.linear.AbstractRealMatrix:hashCode:1067, 0.0
org.apache.commons.math.stat.descriptive.StatisticalSummaryValues:equals:138, 0.0
org.apache.commons.math.stat.descriptive.StatisticalSummaryValues:getVariance:118, 0.0
org.apache.commons.math.stat.descriptive.StatisticalSummaryValues:getMax:76, 0.0
org.apache.commons.math.stat.descriptive.StatisticalSummaryValues:getMin:90, 0.0
org.apache.commons.math.stat.descriptive.StatisticalSummaryValues:<init>:68, 0.0
org.apache.commons.math.stat.descriptive.StatisticalSummaryValues:<init>:69, 0.0
org.apache.commons.math.stat.descriptive.StatisticalSummaryValues:<init>:70, 0.0
org.apache.commons.math.stat.descriptive.StatisticalSummaryValues:<init>:64, 0.0
org.apache.commons.math.stat.descriptive.StatisticalSummaryValues:<init>:65, 0.0
org.apache.commons.math.stat.descriptive.StatisticalSummaryValues:<init>:66, 0.0
org.apache.commons.math.stat.descriptive.StatisticalSummaryValues:<init>:67, 0.0
org.apache.commons.math.stat.descriptive.StatisticalSummaryValues:<init>:63, 0.0
org.apache.commons.math.stat.descriptive.StatisticalSummaryValues:getSum:104, 0.0
org.apache.commons.math.stat.descriptive.StatisticalSummaryValues:equals:131, 0.0
org.apache.commons.math.stat.descriptive.StatisticalSummaryValues:getStandardDeviation:111, 0.0
org.apache.commons.math.stat.descriptive.StatisticalSummaryValues:getN:97, 0.0
org.apache.commons.math.stat.descriptive.StatisticalSummaryValues:equals:134, 0.0
org.apache.commons.math.stat.descriptive.StatisticalSummaryValues:equals:137, 0.0
org.apache.commons.math.stat.descriptive.StatisticalSummaryValues:hashCode:153, 0.0
org.apache.commons.math.stat.descriptive.StatisticalSummaryValues:hashCode:154, 0.0
org.apache.commons.math.stat.descriptive.StatisticalSummaryValues:hashCode:155, 0.0
org.apache.commons.math.stat.descriptive.StatisticalSummaryValues:hashCode:156, 0.0
org.apache.commons.math.stat.descriptive.StatisticalSummaryValues:hashCode:157, 0.0
org.apache.commons.math.stat.descriptive.StatisticalSummaryValues:hashCode:158, 0.0
org.apache.commons.math.stat.descriptive.StatisticalSummaryValues:hashCode:159, 0.0
org.apache.commons.math.stat.descriptive.StatisticalSummaryValues:getMean:83, 0.0
org.apache.commons.math.stat.descriptive.SummaryStatistics:equals:363, 0.0
org.apache.commons.math.stat.descriptive.SummaryStatistics:addValue:154, 0.0
org.apache.commons.math.stat.descriptive.SummaryStatistics:addValue:146, 0.0
org.apache.commons.math.stat.descriptive.SummaryStatistics:addValue:147, 0.0
org.apache.commons.math.stat.descriptive.SummaryStatistics:addValue:148, 0.0
org.apache.commons.math.stat.descriptive.SummaryStatistics:addValue:149, 0.0
org.apache.commons.math.stat.descriptive.SummaryStatistics:addValue:150, 0.0
org.apache.commons.math.stat.descriptive.SummaryStatistics:addValue:151, 0.0
org.apache.commons.math.stat.descriptive.moment.Variance:getResult:169, 0.0
org.apache.commons.math.stat.descriptive.SummaryStatistics:<init>:102, 0.0
org.apache.commons.math.stat.descriptive.SummaryStatistics:<init>:69, 0.0
org.apache.commons.math.stat.descriptive.SummaryStatistics:<init>:99, 0.0
org.apache.commons.math.stat.descriptive.SummaryStatistics:<init>:66, 0.0
org.apache.commons.math.stat.descriptive.SummaryStatistics:<init>:96, 0.0
org.apache.commons.math.stat.descriptive.SummaryStatistics:<init>:111, 0.0
org.apache.commons.math.stat.descriptive.SummaryStatistics:<init>:108, 0.0
org.apache.commons.math.stat.descriptive.SummaryStatistics:<init>:78, 0.0
org.apache.commons.math.stat.descriptive.SummaryStatistics:<init>:72, 0.0
org.apache.commons.math.stat.descriptive.SummaryStatistics:<init>:105, 0.0
org.apache.commons.math.stat.descriptive.SummaryStatistics:<init>:75, 0.0
org.apache.commons.math.stat.descriptive.SummaryStatistics:<init>:119, 0.0
org.apache.commons.math.stat.descriptive.SummaryStatistics:<init>:84, 0.0
org.apache.commons.math.stat.descriptive.SummaryStatistics:<init>:87, 0.0
org.apache.commons.math.stat.descriptive.SummaryStatistics:<init>:81, 0.0
org.apache.commons.math.stat.descriptive.SummaryStatistics:<init>:114, 0.0
org.apache.commons.math.stat.descriptive.SummaryStatistics:<init>:93, 0.0
org.apache.commons.math.stat.descriptive.SummaryStatistics:<init>:63, 0.0
org.apache.commons.math.stat.descriptive.SummaryStatistics:<init>:120, 0.0
org.apache.commons.math.stat.descriptive.SummaryStatistics:<init>:90, 0.0
org.apache.commons.math.stat.descriptive.SummaryStatistics:hashCode:387, 0.0
org.apache.commons.math.stat.descriptive.SummaryStatistics:hashCode:381, 0.0
org.apache.commons.math.stat.descriptive.SummaryStatistics:hashCode:386, 0.0
org.apache.commons.math.stat.descriptive.SummaryStatistics:hashCode:380, 0.0
org.apache.commons.math.stat.descriptive.SummaryStatistics:hashCode:383, 0.0
org.apache.commons.math.stat.descriptive.SummaryStatistics:hashCode:385, 0.0
org.apache.commons.math.stat.descriptive.SummaryStatistics:hashCode:382, 0.0
org.apache.commons.math.stat.descriptive.SummaryStatistics:hashCode:384, 0.0
org.apache.commons.math.stat.descriptive.SummaryStatistics:hashCode:379, 0.0
org.apache.commons.math.stat.descriptive.SummaryStatistics:hashCode:388, 0.0
org.apache.commons.math.stat.descriptive.SummaryStatistics:equals:356, 0.0
org.apache.commons.math.stat.descriptive.SummaryStatistics:getMax:250, 0.0
org.apache.commons.math.stat.descriptive.moment.Variance:getResult:168, 0.0
org.apache.commons.math.stat.descriptive.SummaryStatistics:getN:171, 0.0
org.apache.commons.math.stat.descriptive.moment.GeometricMean:<init>:81, 0.0
org.apache.commons.math.stat.descriptive.moment.GeometricMean:<init>:80, 0.0
org.apache.commons.math.stat.descriptive.moment.GeometricMean:<init>:82, 0.0
org.apache.commons.math.stat.descriptive.SummaryStatistics:getStandardDeviation:216, 0.0
org.apache.commons.math.stat.descriptive.SummaryStatistics:getStandardDeviation:217, 0.0
org.apache.commons.math.stat.descriptive.SummaryStatistics:getSumsq:190, 0.0
org.apache.commons.math.stat.descriptive.moment.SecondMoment:increment:81, 0.0
org.apache.commons.math.stat.descriptive.moment.SecondMoment:increment:80, 0.0
org.apache.commons.math.stat.descriptive.moment.SecondMoment:increment:82, 0.0
org.apache.commons.math.stat.descriptive.SummaryStatistics:getMean:202, 0.0
org.apache.commons.math.stat.descriptive.SummaryStatistics:getSum:179, 0.0
org.apache.commons.math.stat.descriptive.moment.Variance:getResult:167, 0.0
org.apache.commons.math.stat.descriptive.SummaryStatistics:equals:359, 0.0
org.apache.commons.math.stat.descriptive.SummaryStatistics:getMean:201, 0.0
org.apache.commons.math.stat.descriptive.SummaryStatistics:getMin:261, 0.0
org.apache.commons.math.stat.descriptive.SummaryStatistics:addValue:163, 0.0
org.apache.commons.math.stat.descriptive.SummaryStatistics:addValue:164, 0.0
org.apache.commons.math.stat.descriptive.moment.Variance:<init>:103, 0.0
org.apache.commons.math.stat.descriptive.moment.Variance:<init>:106, 0.0
org.apache.commons.math.stat.descriptive.moment.Variance:<init>:104, 0.0
org.apache.commons.math.stat.descriptive.moment.Variance:<init>:105, 0.0
org.apache.commons.math.stat.descriptive.moment.Variance:getResult:173, 0.0
org.apache.commons.math.stat.descriptive.SummaryStatistics:addValue:160, 0.0
org.apache.commons.math.stat.descriptive.moment.Mean:<init>:87, 0.0
org.apache.commons.math.stat.descriptive.moment.Mean:<init>:89, 0.0
org.apache.commons.math.stat.descriptive.moment.Mean:<init>:88, 0.0
org.apache.commons.math.stat.descriptive.moment.Mean:<init>:90, 0.0
org.apache.commons.math.stat.descriptive.SummaryStatistics:getVariance:236, 0.0
org.apache.commons.math.stat.descriptive.SummaryStatistics:getStandardDeviation:219, 0.0
org.apache.commons.math.stat.descriptive.SummaryStatistics:equals:362, 0.0
org.apache.commons.math.stat.descriptive.SummaryStatistics:getStandardDeviation:218, 0.0
org.apache.commons.math.stat.descriptive.SummaryStatistics:addValue:157, 0.0
org.apache.commons.math.stat.descriptive.SummaryStatistics:getStandardDeviation:224, 0.0
org.apache.commons.math.stat.descriptive.moment.SecondMoment:increment:78, 0.0
org.apache.commons.math.stat.descriptive.SummaryStatistics:getSummary:137, 0.0
org.apache.commons.math.stat.descriptive.moment.Variance:getResult:172, 0.0
org.apache.commons.math.stat.descriptive.SummaryStatistics:getVariance:235, 0.0
org.apache.commons.math.stat.descriptive.moment.SecondMoment:increment:77, 0.0
org.apache.commons.math.stat.descriptive.SummaryStatistics:getGeometricMean:272, 0.0
org.apache.commons.math.stat.descriptive.SynchronizedMultivariateSummaryStatistics:getCovariance:121, 0.0
org.apache.commons.math.stat.descriptive.SynchronizedMultivariateSummaryStatistics:getMin:137, 0.0
org.apache.commons.math.stat.descriptive.SynchronizedMultivariateSummaryStatistics:getMean:105, 0.0
org.apache.commons.math.stat.descriptive.SynchronizedMultivariateSummaryStatistics:getMax:129, 0.0
org.apache.commons.math.stat.descriptive.SynchronizedMultivariateSummaryStatistics:getGeometricMean:145, 0.0
org.apache.commons.math.stat.descriptive.SynchronizedMultivariateSummaryStatistics:getSumSq:89, 0.0
org.apache.commons.math.stat.descriptive.SynchronizedMultivariateSummaryStatistics:getN:73, 0.0
org.apache.commons.math.stat.descriptive.SynchronizedMultivariateSummaryStatistics:getSum:81, 0.0
org.apache.commons.math.stat.descriptive.SynchronizedMultivariateSummaryStatistics:hashCode:177, 0.0
org.apache.commons.math.stat.descriptive.SynchronizedMultivariateSummaryStatistics:equals:169, 0.0
org.apache.commons.math.stat.descriptive.SynchronizedMultivariateSummaryStatistics:getSumLog:97, 0.0
org.apache.commons.math.stat.descriptive.SynchronizedSummaryStatistics:<init>:42, 0.0
org.apache.commons.math.stat.descriptive.SynchronizedSummaryStatistics:<init>:41, 0.0
org.apache.commons.math.stat.descriptive.SynchronizedSummaryStatistics:hashCode:170, 0.0
org.apache.commons.math.stat.descriptive.SynchronizedSummaryStatistics:getMax:122, 0.0
org.apache.commons.math.stat.descriptive.SynchronizedSummaryStatistics:getN:74, 0.0
org.apache.commons.math.stat.descriptive.SynchronizedSummaryStatistics:getMin:130, 0.0
org.apache.commons.math.stat.descriptive.SynchronizedSummaryStatistics:getSummary:58, 0.0
org.apache.commons.math.stat.descriptive.SynchronizedSummaryStatistics:getSumsq:90, 0.0
org.apache.commons.math.stat.descriptive.SynchronizedSummaryStatistics:getVariance:114, 0.0
org.apache.commons.math.stat.descriptive.SynchronizedSummaryStatistics:getStandardDeviation:106, 0.0
org.apache.commons.math.stat.descriptive.SynchronizedSummaryStatistics:addValue:66, 0.0
org.apache.commons.math.stat.descriptive.SynchronizedSummaryStatistics:addValue:67, 0.0
org.apache.commons.math.stat.descriptive.SynchronizedSummaryStatistics:getMean:98, 0.0
org.apache.commons.math.stat.descriptive.SynchronizedSummaryStatistics:equals:162, 0.0
org.apache.commons.math.stat.descriptive.SynchronizedSummaryStatistics:getSum:82, 0.0
org.apache.commons.math.stat.descriptive.SynchronizedSummaryStatistics:getGeometricMean:138, 0.0
org.apache.commons.math.stat.descriptive.AbstractStorelessUnivariateStatistic:equals:161, 0.0
org.apache.commons.math.stat.descriptive.AbstractStorelessUnivariateStatistic:equals:168, 0.0
org.apache.commons.math.stat.descriptive.AbstractStorelessUnivariateStatistic:equals:167, 0.0
org.apache.commons.math.stat.descriptive.moment.FirstMoment:getN:132, 0.0
org.apache.commons.math.stat.descriptive.moment.FirstMoment:getResult:125, 0.0
org.apache.commons.math.stat.descriptive.AbstractStorelessUnivariateStatistic:equals:164, 0.0
org.apache.commons.math.stat.descriptive.AbstractStorelessUnivariateStatistic:hashCode:179, 0.0
org.apache.commons.math.stat.descriptive.moment.FourthMoment:getResult:108, 0.0
org.apache.commons.math.stat.descriptive.moment.ThirdMoment:increment:93, 0.0
org.apache.commons.math.stat.descriptive.moment.ThirdMoment:increment:92, 0.0
org.apache.commons.math.stat.descriptive.moment.ThirdMoment:increment:95, 0.0
org.apache.commons.math.stat.descriptive.moment.ThirdMoment:increment:94, 0.0
org.apache.commons.math.stat.descriptive.moment.ThirdMoment:increment:91, 0.0
org.apache.commons.math.stat.descriptive.moment.ThirdMoment:increment:90, 0.0
org.apache.commons.math.stat.descriptive.moment.ThirdMoment:increment:86, 0.0
org.apache.commons.math.stat.descriptive.moment.ThirdMoment:clear:110, 0.0
org.apache.commons.math.stat.descriptive.moment.ThirdMoment:clear:111, 0.0
org.apache.commons.math.stat.descriptive.moment.ThirdMoment:clear:113, 0.0
org.apache.commons.math.stat.descriptive.moment.ThirdMoment:clear:112, 0.0
org.apache.commons.math.stat.descriptive.moment.FourthMoment:increment:87, 0.0
org.apache.commons.math.stat.descriptive.moment.FourthMoment:increment:86, 0.0
org.apache.commons.math.stat.descriptive.moment.FourthMoment:increment:89, 0.0
org.apache.commons.math.stat.descriptive.moment.FourthMoment:increment:88, 0.0
org.apache.commons.math.stat.descriptive.moment.FourthMoment:clear:118, 0.0
org.apache.commons.math.stat.descriptive.moment.FourthMoment:clear:117, 0.0
org.apache.commons.math.stat.descriptive.moment.FourthMoment:clear:116, 0.0
org.apache.commons.math.stat.descriptive.moment.ThirdMoment:increment:87, 0.0
org.apache.commons.math.stat.descriptive.moment.FourthMoment:increment:85, 0.0
org.apache.commons.math.stat.descriptive.moment.FourthMoment:increment:93, 0.0
org.apache.commons.math.stat.descriptive.moment.FourthMoment:increment:92, 0.0
org.apache.commons.math.stat.descriptive.moment.FourthMoment:increment:95, 0.0
org.apache.commons.math.stat.descriptive.moment.FourthMoment:increment:101, 0.0
org.apache.commons.math.stat.descriptive.moment.FourthMoment:increment:99, 0.0
org.apache.commons.math.stat.descriptive.moment.FourthMoment:increment:97, 0.0
org.apache.commons.math.stat.descriptive.moment.GeometricMean:getN:149, 0.0
org.apache.commons.math.stat.descriptive.moment.GeometricMean:clear:119, 0.0
org.apache.commons.math.stat.descriptive.moment.GeometricMean:clear:120, 0.0
org.apache.commons.math.stat.descriptive.summary.SumOfLogs:clear:110, 0.0
org.apache.commons.math.stat.descriptive.summary.SumOfLogs:clear:108, 0.0
org.apache.commons.math.stat.descriptive.summary.SumOfLogs:clear:109, 0.0
org.apache.commons.math.stat.descriptive.moment.Kurtosis:getResult:120, 0.0
org.apache.commons.math.stat.descriptive.moment.Kurtosis:getN:140, 0.0
org.apache.commons.math.stat.descriptive.moment.Kurtosis:getResult:108, 0.0
org.apache.commons.math.stat.descriptive.moment.Kurtosis:getResult:107, 0.0
org.apache.commons.math.stat.descriptive.moment.Kurtosis:increment:94, 0.0
org.apache.commons.math.stat.descriptive.moment.Kurtosis:clear:134, 0.0
org.apache.commons.math.stat.descriptive.moment.Kurtosis:increment:100, 0.0
org.apache.commons.math.stat.descriptive.moment.Kurtosis:getResult:110, 0.0
org.apache.commons.math.stat.descriptive.moment.Kurtosis:getResult:109, 0.0
org.apache.commons.math.stat.descriptive.moment.Kurtosis:clear:129, 0.0
org.apache.commons.math.stat.descriptive.moment.Kurtosis:clear:128, 0.0
org.apache.commons.math.stat.descriptive.moment.Kurtosis:getResult:114, 0.0
org.apache.commons.math.stat.descriptive.moment.Kurtosis:getResult:113, 0.0
org.apache.commons.math.stat.descriptive.moment.Kurtosis:increment:95, 0.0
org.apache.commons.math.stat.descriptive.moment.Mean:getN:134, 0.0
org.apache.commons.math.stat.descriptive.moment.Mean:clear:120, 0.0
org.apache.commons.math.stat.descriptive.moment.Mean:clear:117, 0.0
org.apache.commons.math.stat.descriptive.moment.Mean:clear:118, 0.0
org.apache.commons.math.stat.descriptive.moment.SecondMoment:getResult:98, 0.0
org.apache.commons.math.stat.descriptive.moment.Skewness:getResult:104, 0.0
org.apache.commons.math.stat.descriptive.moment.Skewness:getResult:103, 0.0
org.apache.commons.math.stat.descriptive.moment.Skewness:getN:120, 0.0
org.apache.commons.math.stat.descriptive.moment.Skewness:clear:131, 0.0
org.apache.commons.math.stat.descriptive.moment.Skewness:getResult:106, 0.0
org.apache.commons.math.stat.descriptive.moment.Skewness:getResult:107, 0.0
org.apache.commons.math.stat.descriptive.moment.Skewness:increment:91, 0.0
org.apache.commons.math.stat.descriptive.moment.Skewness:increment:88, 0.0
org.apache.commons.math.stat.descriptive.moment.Skewness:clear:129, 0.0
org.apache.commons.math.stat.descriptive.moment.Skewness:increment:89, 0.0
org.apache.commons.math.stat.descriptive.moment.Skewness:clear:128, 0.0
org.apache.commons.math.stat.descriptive.moment.Skewness:getResult:110, 0.0
org.apache.commons.math.stat.descriptive.moment.Skewness:getResult:111, 0.0
org.apache.commons.math.stat.descriptive.moment.StandardDeviation:<init>:55, 0.0
org.apache.commons.math.stat.descriptive.moment.StandardDeviation:<init>:54, 0.0
org.apache.commons.math.stat.descriptive.moment.StandardDeviation:<init>:47, 0.0
org.apache.commons.math.stat.descriptive.moment.StandardDeviation:<init>:53, 0.0
org.apache.commons.math.stat.descriptive.moment.StandardDeviation:getResult:125, 0.0
org.apache.commons.math.stat.descriptive.moment.Variance:getN:184, 0.0
org.apache.commons.math.stat.descriptive.moment.StandardDeviation:getN:117, 0.0
org.apache.commons.math.stat.descriptive.moment.StandardDeviation:increment:110, 0.0
org.apache.commons.math.stat.descriptive.moment.StandardDeviation:increment:111, 0.0
org.apache.commons.math.stat.descriptive.moment.Variance:increment:157, 0.0
org.apache.commons.math.stat.descriptive.moment.Variance:increment:158, 0.0
org.apache.commons.math.stat.descriptive.moment.StandardDeviation:clear:133, 0.0
org.apache.commons.math.stat.descriptive.moment.StandardDeviation:clear:134, 0.0
org.apache.commons.math.stat.descriptive.moment.Variance:increment:160, 0.0
org.apache.commons.math.stat.descriptive.moment.ThirdMoment:getResult:102, 0.0
org.apache.commons.math.stat.descriptive.moment.VectorialCovariance:equals:147, 0.0
org.apache.commons.math.stat.descriptive.moment.VectorialCovariance:equals:149, 0.0
org.apache.commons.math.stat.descriptive.moment.VectorialCovariance:equals:141, 0.0
org.apache.commons.math.stat.descriptive.moment.VectorialCovariance:equals:140, 0.0
org.apache.commons.math.stat.descriptive.moment.VectorialCovariance:equals:138, 0.0
org.apache.commons.math.stat.descriptive.moment.VectorialCovariance:equals:136, 0.0
org.apache.commons.math.stat.descriptive.moment.VectorialCovariance:equals:145, 0.0
org.apache.commons.math.stat.descriptive.moment.VectorialCovariance:equals:143, 0.0
org.apache.commons.math.stat.descriptive.moment.VectorialMean:equals:100, 0.0
org.apache.commons.math.stat.descriptive.moment.VectorialMean:increment:59, 0.0
org.apache.commons.math.stat.descriptive.moment.VectorialMean:equals:93, 0.0
org.apache.commons.math.stat.descriptive.moment.VectorialMean:equals:95, 0.0
org.apache.commons.math.stat.descriptive.moment.VectorialMean:equals:98, 0.0
org.apache.commons.math.stat.descriptive.moment.VectorialMean:equals:97, 0.0
org.apache.commons.math.stat.descriptive.moment.VectorialMean:increment:56, 0.0
org.apache.commons.math.stat.descriptive.moment.VectorialMean:increment:57, 0.0
org.apache.commons.math.stat.descriptive.rank.Max:getN:101, 0.0
org.apache.commons.math.stat.descriptive.rank.Max:clear:85, 0.0
org.apache.commons.math.stat.descriptive.rank.Max:clear:87, 0.0
org.apache.commons.math.stat.descriptive.rank.Max:clear:86, 0.0
org.apache.commons.math.stat.descriptive.rank.Min:getN:101, 0.0
org.apache.commons.math.stat.descriptive.rank.Min:clear:85, 0.0
org.apache.commons.math.stat.descriptive.rank.Min:clear:87, 0.0
org.apache.commons.math.stat.descriptive.rank.Min:clear:86, 0.0
org.apache.commons.math.stat.descriptive.summary.Product:getN:93, 0.0
org.apache.commons.math.stat.descriptive.summary.Product:getResult:86, 0.0
org.apache.commons.math.stat.descriptive.summary.Product:<init>:56, 0.0
org.apache.commons.math.stat.descriptive.summary.Product:<init>:55, 0.0
org.apache.commons.math.stat.descriptive.summary.Product:<init>:54, 0.0
org.apache.commons.math.stat.descriptive.summary.Product:<init>:53, 0.0
org.apache.commons.math.stat.descriptive.summary.Product:increment:74, 0.0
org.apache.commons.math.stat.descriptive.summary.Product:increment:78, 0.0
org.apache.commons.math.stat.descriptive.summary.Product:increment:79, 0.0
org.apache.commons.math.stat.descriptive.summary.Product:increment:73, 0.0
org.apache.commons.math.stat.descriptive.summary.Product:increment:76, 0.0
org.apache.commons.math.stat.descriptive.summary.Product:clear:102, 0.0
org.apache.commons.math.stat.descriptive.summary.Product:clear:103, 0.0
org.apache.commons.math.stat.descriptive.summary.Product:clear:101, 0.0
org.apache.commons.math.stat.descriptive.summary.SumOfSquares:getN:92, 0.0
org.apache.commons.math.stat.descriptive.summary.SumOfSquares:clear:102, 0.0
org.apache.commons.math.stat.descriptive.summary.SumOfSquares:clear:100, 0.0
org.apache.commons.math.stat.descriptive.summary.SumOfSquares:clear:101, 0.0
org.apache.commons.math.stat.descriptive.summary.Sum:getN:93, 0.0
org.apache.commons.math.stat.descriptive.summary.Sum:clear:102, 0.0
org.apache.commons.math.stat.descriptive.summary.Sum:clear:103, 0.0
org.apache.commons.math.stat.descriptive.summary.Sum:clear:101, 0.0
org.apache.commons.math.util.BigRealField:readResolve:75, 0.0
org.apache.commons.math.util.BigRealField:getInstance:47, 0.0
org.apache.commons.math.util.BigRealField$LazyHolder:access$000:64, 0.0
org.apache.commons.math.util.DefaultTransformer:equals:65, 0.0
org.apache.commons.math.util.DefaultTransformer:equals:68, 0.0
org.apache.commons.math.util.DefaultTransformer:equals:71, 0.0
org.apache.commons.math.util.TransformerMap:equals:170, 0.0
org.apache.commons.math.util.TransformerMap:equals:169, 0.0
org.apache.commons.math.util.TransformerMap:equals:174, 0.0
org.apache.commons.math.util.TransformerMap:equals:166, 0.0
org.apache.commons.math.util.TransformerMap:putTransformer:94, 0.0
org.apache.commons.math.util.TransformerMap:equals:158, 0.0
org.apache.commons.math.util.TransformerMap:<init>:42, 0.0
org.apache.commons.math.util.TransformerMap:<init>:55, 0.0
org.apache.commons.math.util.TransformerMap:<init>:54, 0.0
org.apache.commons.math.util.TransformerMap:<init>:47, 0.0
org.apache.commons.math.util.TransformerMap:<init>:53, 0.0
org.apache.commons.math.util.TransformerMap:<init>:52, 0.0
org.apache.commons.math.util.TransformerMap:equals:163, 0.0
org.apache.commons.math.util.TransformerMap:equals:162, 0.0
org.apache.commons.math.util.TransformerMap:equals:161, 0.0
org.apache.commons.math.analysis.BinaryFunction$1:<init>:33, 0.0
org.apache.commons.math.analysis.BinaryFunction:<init>:30, 0.0
org.apache.commons.math.analysis.BinaryFunction$1:value:37, 0.0
org.apache.commons.math.analysis.BinaryFunction$2:<init>:42, 0.0
org.apache.commons.math.analysis.BinaryFunction$6:<init>:78, 0.0
org.apache.commons.math.analysis.BinaryFunction$3:<init>:51, 0.0
org.apache.commons.math.analysis.BinaryFunction:<clinit>:51, 0.0
org.apache.commons.math.analysis.BinaryFunction:<clinit>:42, 0.0
org.apache.commons.math.analysis.BinaryFunction:<clinit>:69, 0.0
org.apache.commons.math.analysis.BinaryFunction:<clinit>:78, 0.0
org.apache.commons.math.analysis.BinaryFunction:<clinit>:33, 0.0
org.apache.commons.math.analysis.BinaryFunction:<clinit>:60, 0.0
org.apache.commons.math.analysis.BinaryFunction$4:<init>:60, 0.0
org.apache.commons.math.analysis.BinaryFunction$5:<init>:69, 0.0
org.apache.commons.math.analysis.ComposableFunction$37:value:445, 0.0
org.apache.commons.math.analysis.ComposableFunction$37:value:446, 0.0
org.apache.commons.math.analysis.ComposableFunction$37:value:444, 0.0
org.apache.commons.math.analysis.ComposableFunction:asCollector:499, 0.0
org.apache.commons.math.analysis.ComposableFunction$37:<init>:440, 0.0
org.apache.commons.math.analysis.ComposableFunction$37:value:448, 0.0
org.apache.commons.math.analysis.ComposableFunction:asCollector:483, 0.0
org.apache.commons.math.analysis.BinaryFunction$2:value:46, 0.0
org.apache.commons.math.analysis.ComposableFunction:asCollector:440, 0.0
org.apache.commons.math.analysis.ComposableFunction:asCollector:466, 0.0
org.apache.commons.math.analysis.BinaryFunction$6:value:82, 0.0
org.apache.commons.math.analysis.ComposableFunction$7:<init>:86, 0.0
org.apache.commons.math.analysis.ComposableFunction$11:<init>:122, 0.0
org.apache.commons.math.analysis.ComposableFunction$25:<init>:247, 0.0
org.apache.commons.math.analysis.ComposableFunction$4:<init>:59, 0.0
org.apache.commons.math.analysis.ComposableFunction$16:<init>:167, 0.0
org.apache.commons.math.analysis.ComposableFunction$3:<init>:50, 0.0
org.apache.commons.math.analysis.ComposableFunction$10:<init>:113, 0.0
org.apache.commons.math.analysis.ComposableFunction$26:<init>:256, 0.0
org.apache.commons.math.analysis.ComposableFunction$20:<init>:203, 0.0
org.apache.commons.math.analysis.ComposableFunction$18:<init>:185, 0.0
org.apache.commons.math.analysis.ComposableFunction$19:<init>:194, 0.0
org.apache.commons.math.analysis.ComposableFunction$9:<init>:104, 0.0
org.apache.commons.math.analysis.ComposableFunction:<clinit>:68, 0.0
org.apache.commons.math.analysis.ComposableFunction:<clinit>:140, 0.0
org.apache.commons.math.analysis.ComposableFunction:<clinit>:203, 0.0
org.apache.commons.math.analysis.ComposableFunction:<clinit>:77, 0.0
org.apache.commons.math.analysis.ComposableFunction:<clinit>:131, 0.0
org.apache.commons.math.analysis.ComposableFunction:<clinit>:194, 0.0
org.apache.commons.math.analysis.ComposableFunction:<clinit>:220, 0.0
org.apache.commons.math.analysis.ComposableFunction:<clinit>:256, 0.0
org.apache.commons.math.analysis.ComposableFunction:<clinit>:86, 0.0
org.apache.commons.math.analysis.ComposableFunction:<clinit>:158, 0.0
org.apache.commons.math.analysis.ComposableFunction:<clinit>:212, 0.0
org.apache.commons.math.analysis.ComposableFunction:<clinit>:95, 0.0
org.apache.commons.math.analysis.ComposableFunction:<clinit>:265, 0.0
org.apache.commons.math.analysis.ComposableFunction:<clinit>:149, 0.0
org.apache.commons.math.analysis.ComposableFunction:<clinit>:238, 0.0
org.apache.commons.math.analysis.ComposableFunction:<clinit>:32, 0.0
org.apache.commons.math.analysis.ComposableFunction:<clinit>:229, 0.0
org.apache.commons.math.analysis.ComposableFunction:<clinit>:41, 0.0
org.apache.commons.math.analysis.ComposableFunction:<clinit>:167, 0.0
org.apache.commons.math.analysis.ComposableFunction:<clinit>:104, 0.0
org.apache.commons.math.analysis.ComposableFunction:<clinit>:50, 0.0
org.apache.commons.math.analysis.ComposableFunction:<clinit>:185, 0.0
org.apache.commons.math.analysis.ComposableFunction:<clinit>:113, 0.0
org.apache.commons.math.analysis.ComposableFunction:<clinit>:59, 0.0
org.apache.commons.math.analysis.ComposableFunction:<clinit>:247, 0.0
org.apache.commons.math.analysis.ComposableFunction:<clinit>:176, 0.0
org.apache.commons.math.analysis.ComposableFunction:<clinit>:122, 0.0
org.apache.commons.math.analysis.ComposableFunction$8:<init>:95, 0.0
org.apache.commons.math.analysis.ComposableFunction$12:<init>:131, 0.0
org.apache.commons.math.analysis.ComposableFunction$13:<init>:140, 0.0
org.apache.commons.math.analysis.ComposableFunction$2:<init>:41, 0.0
org.apache.commons.math.analysis.ComposableFunction$15:<init>:158, 0.0
org.apache.commons.math.analysis.ComposableFunction$21:<init>:212, 0.0
org.apache.commons.math.analysis.ComposableFunction$5:<init>:68, 0.0
org.apache.commons.math.analysis.ComposableFunction$27:<init>:265, 0.0
org.apache.commons.math.analysis.ComposableFunction$24:<init>:238, 0.0
org.apache.commons.math.analysis.ComposableFunction$17:<init>:176, 0.0
org.apache.commons.math.analysis.ComposableFunction$1:<init>:32, 0.0
org.apache.commons.math.analysis.ComposableFunction$23:<init>:229, 0.0
org.apache.commons.math.analysis.ComposableFunction$22:<init>:220, 0.0
org.apache.commons.math.analysis.ComposableFunction$14:<init>:149, 0.0
org.apache.commons.math.analysis.ComposableFunction$6:<init>:77, 0.0
org.apache.commons.math.analysis.ComposableFunction$30:value:327, 0.0
org.apache.commons.math.analysis.ComposableFunction$30:<init>:323, 0.0
org.apache.commons.math.analysis.ComposableFunction:combine:323, 0.0
org.apache.commons.math.analysis.ComposableFunction$28:<init>:283, 0.0
org.apache.commons.math.analysis.ComposableFunction:of:283, 0.0
org.apache.commons.math.analysis.ComposableFunction$29:<init>:302, 0.0
org.apache.commons.math.analysis.ComposableFunction:postCompose:302, 0.0
org.apache.commons.math.analysis.ComposableFunction$3:value:54, 0.0
org.apache.commons.math.analysis.ComposableFunction$29:value:306, 0.0
org.apache.commons.math.analysis.ComposableFunction$28:value:287, 0.0
org.apache.commons.math.analysis.ComposableFunction$5:value:72, 0.0
org.apache.commons.math.analysis.ComposableFunction$36:<init>:412, 0.0
org.apache.commons.math.analysis.ComposableFunction$36:value:416, 0.0
org.apache.commons.math.analysis.ComposableFunction$33:<init>:368, 0.0
org.apache.commons.math.analysis.ComposableFunction:add:353, 0.0
org.apache.commons.math.analysis.ComposableFunction$33:value:372, 0.0
org.apache.commons.math.analysis.ComposableFunction$31:<init>:338, 0.0
org.apache.commons.math.analysis.ComposableFunction$32:<init>:353, 0.0
org.apache.commons.math.analysis.ComposableFunction:multiply:383, 0.0
org.apache.commons.math.analysis.ComposableFunction$32:value:357, 0.0
org.apache.commons.math.analysis.ComposableFunction:add:338, 0.0
org.apache.commons.math.analysis.ComposableFunction:multiply:398, 0.0
org.apache.commons.math.analysis.ComposableFunction$31:value:342, 0.0
org.apache.commons.math.analysis.ComposableFunction:subtract:368, 0.0
org.apache.commons.math.analysis.ComposableFunction$34:<init>:383, 0.0
org.apache.commons.math.analysis.ComposableFunction:divide:412, 0.0
org.apache.commons.math.analysis.ComposableFunction$34:value:387, 0.0
org.apache.commons.math.analysis.ComposableFunction$35:value:402, 0.0
org.apache.commons.math.analysis.ComposableFunction$35:<init>:398, 0.0
org.apache.commons.math.analysis.ComposableFunction$2:value:45, 0.0
org.apache.commons.math.analysis.ComposableFunction$1:value:36, 0.0
org.apache.commons.math.analysis.integration.LegendreGaussIntegrator:stage:224, 0.0
org.apache.commons.math.analysis.integration.LegendreGaussIntegrator:integrate:187, 0.0
org.apache.commons.math.analysis.integration.UnivariateRealIntegratorImpl:verifyIterationCount:172, 0.0
org.apache.commons.math.analysis.integration.LegendreGaussIntegrator:stage:228, 0.0
org.apache.commons.math.analysis.integration.UnivariateRealIntegratorImpl:verifyInterval:159, 0.0
org.apache.commons.math.ConvergingAlgorithmImpl:setRelativeAccuracy:108, 0.0
org.apache.commons.math.ConvergingAlgorithmImpl:setRelativeAccuracy:109, 0.0
org.apache.commons.math.analysis.integration.LegendreGaussIntegrator:<init>:137, 0.0
org.apache.commons.math.analysis.integration.LegendreGaussIntegrator:<init>:136, 0.0
org.apache.commons.math.analysis.integration.LegendreGaussIntegrator:<init>:135, 0.0
org.apache.commons.math.analysis.polynomials.PolynomialFunction:getCoefficients:113, 0.0
org.apache.commons.math.analysis.integration.LegendreGaussIntegrator:<init>:153, 0.0
org.apache.commons.math.analysis.integration.LegendreGaussIntegrator:integrate:178, 0.0
org.apache.commons.math.analysis.integration.LegendreGaussIntegrator:integrate:182, 0.0
org.apache.commons.math.analysis.integration.LegendreGaussIntegrator:integrate:181, 0.0
org.apache.commons.math.analysis.integration.UnivariateRealIntegratorImpl:verifyIterationCount:177, 0.0
org.apache.commons.math.analysis.integration.LegendreGaussIntegrator:stage:225, 0.0
org.apache.commons.math.analysis.integration.LegendreGaussIntegrator:stage:231, 0.0
org.apache.commons.math.analysis.integration.UnivariateRealIntegratorImpl:clearResult:131, 0.0
org.apache.commons.math.analysis.integration.UnivariateRealIntegratorImpl:clearResult:133, 0.0
org.apache.commons.math.analysis.integration.UnivariateRealIntegratorImpl:clearResult:132, 0.0
org.apache.commons.math.analysis.integration.LegendreGaussIntegrator:<init>:131, 0.0
org.apache.commons.math.analysis.integration.LegendreGaussIntegrator:<init>:133, 0.0
org.apache.commons.math.analysis.integration.LegendreGaussIntegrator:<init>:132, 0.0
org.apache.commons.math.analysis.integration.LegendreGaussIntegrator:<init>:129, 0.0
org.apache.commons.math.analysis.integration.LegendreGaussIntegrator:<init>:128, 0.0
org.apache.commons.math.analysis.integration.LegendreGaussIntegrator:<clinit>:55, 0.0
org.apache.commons.math.analysis.integration.LegendreGaussIntegrator:<clinit>:81, 0.0
org.apache.commons.math.analysis.integration.LegendreGaussIntegrator:<clinit>:67, 0.0
org.apache.commons.math.analysis.integration.LegendreGaussIntegrator:<clinit>:97, 0.0
org.apache.commons.math.analysis.integration.LegendreGaussIntegrator:<clinit>:106, 0.0
org.apache.commons.math.analysis.integration.LegendreGaussIntegrator:<clinit>:89, 0.0
org.apache.commons.math.analysis.integration.LegendreGaussIntegrator:<clinit>:61, 0.0
org.apache.commons.math.analysis.integration.LegendreGaussIntegrator:<clinit>:74, 0.0
org.apache.commons.math.analysis.integration.LegendreGaussIntegrator:integrate:175, 0.0
org.apache.commons.math.analysis.integration.LegendreGaussIntegrator:<init>:144, 0.0
org.apache.commons.math.analysis.integration.LegendreGaussIntegrator:<init>:145, 0.0
org.apache.commons.math.analysis.integration.LegendreGaussIntegrator:<init>:143, 0.0
org.apache.commons.math.analysis.integration.LegendreGaussIntegrator:integrate:193, 0.0
org.apache.commons.math.analysis.integration.LegendreGaussIntegrator:integrate:195, 0.0
org.apache.commons.math.analysis.integration.LegendreGaussIntegrator:integrate:194, 0.0
org.apache.commons.math.analysis.integration.UnivariateRealIntegratorImpl:verifyInterval:164, 0.0
org.apache.commons.math.analysis.integration.UnivariateRealIntegratorImpl:setResult:125, 0.0
org.apache.commons.math.analysis.integration.UnivariateRealIntegratorImpl:setResult:124, 0.0
org.apache.commons.math.analysis.integration.UnivariateRealIntegratorImpl:setResult:123, 0.0
org.apache.commons.math.analysis.integration.UnivariateRealIntegratorImpl:setResult:122, 0.0
org.apache.commons.math.analysis.integration.LegendreGaussIntegrator:stage:222, 0.0
org.apache.commons.math.analysis.integration.LegendreGaussIntegrator:stage:223, 0.0
org.apache.commons.math.analysis.integration.LegendreGaussIntegrator:stage:218, 0.0
org.apache.commons.math.analysis.integration.LegendreGaussIntegrator:stage:219, 0.0
org.apache.commons.math.analysis.integration.LegendreGaussIntegrator:integrate:169, 0.0
org.apache.commons.math.analysis.integration.LegendreGaussIntegrator:integrate:168, 0.0
org.apache.commons.math.analysis.integration.LegendreGaussIntegrator:integrate:167, 0.0
org.apache.commons.math.analysis.integration.LegendreGaussIntegrator:integrate:174, 0.0
org.apache.commons.math.analysis.integration.LegendreGaussIntegrator:integrate:172, 0.0
org.apache.commons.math.analysis.integration.LegendreGaussIntegrator:<init>:139, 0.0
org.apache.commons.math.analysis.integration.LegendreGaussIntegrator:<init>:141, 0.0
org.apache.commons.math.analysis.integration.LegendreGaussIntegrator:<init>:140, 0.0
org.apache.commons.math.analysis.integration.LegendreGaussIntegrator:integrate:188, 0.0
org.apache.commons.math.analysis.integration.LegendreGaussIntegrator:integrate:189, 0.0
org.apache.commons.math.analysis.integration.UnivariateRealIntegratorImpl:<init>:98, 0.0
org.apache.commons.math.analysis.integration.UnivariateRealIntegratorImpl:<init>:99, 0.0
org.apache.commons.math.analysis.integration.UnivariateRealIntegratorImpl:<init>:96, 0.0
org.apache.commons.math.analysis.integration.UnivariateRealIntegratorImpl:<init>:42, 0.0
org.apache.commons.math.analysis.integration.UnivariateRealIntegratorImpl:<init>:95, 0.0
org.apache.commons.math.analysis.integration.UnivariateRealIntegratorImpl:<init>:94, 0.0
org.apache.commons.math.analysis.integration.UnivariateRealIntegratorImpl:<init>:91, 0.0
org.apache.commons.math.analysis.integration.LegendreGaussIntegrator:stage:226, 0.0
org.apache.commons.math.ConvergingAlgorithmImpl:getRelativeAccuracy:113, 0.0
org.apache.commons.math.analysis.integration.UnivariateRealIntegratorImpl:setMinimalIterationCount:137, 0.0
org.apache.commons.math.analysis.integration.UnivariateRealIntegratorImpl:setMinimalIterationCount:138, 0.0
org.apache.commons.math.analysis.integration.UnivariateRealIntegratorImpl:verifyIterationCount:173, 0.0
org.apache.commons.math.analysis.integration.RombergIntegrator:verifyIterationCount:119, 0.0
org.apache.commons.math.analysis.integration.RombergIntegrator:verifyIterationCount:114, 0.0
org.apache.commons.math.analysis.integration.RombergIntegrator:verifyIterationCount:112, 0.0
org.apache.commons.math.analysis.integration.UnivariateRealIntegratorImpl:verifyInterval:160, 0.0
org.apache.commons.math.analysis.integration.RombergIntegrator:verifyIterationCount:115, 0.0
org.apache.commons.math.analysis.integration.RombergIntegrator:integrate:70, 0.0
org.apache.commons.math.analysis.integration.RombergIntegrator:integrate:71, 0.0
org.apache.commons.math.analysis.integration.RombergIntegrator:integrate:81, 0.0
org.apache.commons.math.analysis.integration.RombergIntegrator:integrate:80, 0.0
org.apache.commons.math.analysis.integration.RombergIntegrator:integrate:76, 0.0
org.apache.commons.math.analysis.integration.RombergIntegrator:integrate:78, 0.0
org.apache.commons.math.analysis.integration.RombergIntegrator:integrate:79, 0.0
org.apache.commons.math.analysis.integration.RombergIntegrator:integrate:72, 0.0
org.apache.commons.math.analysis.integration.RombergIntegrator:integrate:74, 0.0
org.apache.commons.math.analysis.integration.RombergIntegrator:integrate:75, 0.0
org.apache.commons.math.analysis.integration.RombergIntegrator:<init>:56, 0.0
org.apache.commons.math.analysis.integration.RombergIntegrator:<init>:55, 0.0
org.apache.commons.math.analysis.integration.RombergIntegrator:integrate:98, 0.0
org.apache.commons.math.analysis.integration.RombergIntegrator:integrate:99, 0.0
org.apache.commons.math.analysis.integration.RombergIntegrator:integrate:97, 0.0
org.apache.commons.math.analysis.integration.TrapezoidIntegrator:stage:93, 0.0
org.apache.commons.math.analysis.integration.TrapezoidIntegrator:stage:94, 0.0
org.apache.commons.math.analysis.integration.TrapezoidIntegrator:stage:81, 0.0
org.apache.commons.math.analysis.integration.TrapezoidIntegrator:stage:82, 0.0
org.apache.commons.math.analysis.integration.TrapezoidIntegrator:stage:88, 0.0
org.apache.commons.math.analysis.integration.TrapezoidIntegrator:<init>:57, 0.0
org.apache.commons.math.analysis.integration.TrapezoidIntegrator:<init>:56, 0.0
org.apache.commons.math.analysis.integration.TrapezoidIntegrator:stage:85, 0.0
org.apache.commons.math.analysis.integration.TrapezoidIntegrator:stage:84, 0.0
org.apache.commons.math.analysis.integration.TrapezoidIntegrator:stage:87, 0.0
org.apache.commons.math.analysis.integration.TrapezoidIntegrator:stage:86, 0.0
org.apache.commons.math.analysis.integration.RombergIntegrator:integrate:95, 0.0
org.apache.commons.math.analysis.integration.RombergIntegrator:integrate:96, 0.0
org.apache.commons.math.analysis.integration.RombergIntegrator:integrate:100, 0.0
org.apache.commons.math.analysis.integration.RombergIntegrator:integrate:101, 0.0
org.apache.commons.math.analysis.integration.RombergIntegrator:integrate:89, 0.0
org.apache.commons.math.analysis.integration.TrapezoidIntegrator:verifyIterationCount:136, 0.0
org.apache.commons.math.analysis.integration.TrapezoidIntegrator:verifyIterationCount:134, 0.0
org.apache.commons.math.analysis.integration.TrapezoidIntegrator:stage:80, 0.0
org.apache.commons.math.analysis.integration.TrapezoidIntegrator:verifyIterationCount:141, 0.0
org.apache.commons.math.analysis.integration.TrapezoidIntegrator:stage:89, 0.0
org.apache.commons.math.analysis.integration.TrapezoidIntegrator:stage:90, 0.0
org.apache.commons.math.analysis.integration.RombergIntegrator:integrate:93, 0.0
org.apache.commons.math.analysis.integration.RombergIntegrator:integrate:92, 0.0
org.apache.commons.math.analysis.integration.RombergIntegrator:integrate:91, 0.0
org.apache.commons.math.analysis.integration.RombergIntegrator:integrate:85, 0.0
org.apache.commons.math.analysis.integration.RombergIntegrator:integrate:84, 0.0
org.apache.commons.math.analysis.integration.RombergIntegrator:integrate:86, 0.0
org.apache.commons.math.analysis.integration.RombergIntegrator:integrate:88, 0.0
org.apache.commons.math.analysis.integration.RombergIntegrator:integrate:104, 0.0
org.apache.commons.math.analysis.integration.SimpsonIntegrator:verifyIterationCount:110, 0.0
org.apache.commons.math.analysis.integration.SimpsonIntegrator:verifyIterationCount:103, 0.0
org.apache.commons.math.analysis.integration.SimpsonIntegrator:verifyIterationCount:105, 0.0
org.apache.commons.math.analysis.integration.SimpsonIntegrator:verifyIterationCount:106, 0.0
org.apache.commons.math.analysis.integration.SimpsonIntegrator:<init>:55, 0.0
org.apache.commons.math.analysis.integration.SimpsonIntegrator:<init>:54, 0.0
org.apache.commons.math.analysis.integration.SimpsonIntegrator:integrate:69, 0.0
org.apache.commons.math.analysis.integration.SimpsonIntegrator:integrate:70, 0.0
org.apache.commons.math.analysis.integration.SimpsonIntegrator:integrate:71, 0.0
org.apache.commons.math.analysis.integration.SimpsonIntegrator:integrate:73, 0.0
org.apache.commons.math.analysis.integration.SimpsonIntegrator:integrate:74, 0.0
org.apache.commons.math.analysis.integration.SimpsonIntegrator:integrate:89, 0.0
org.apache.commons.math.analysis.integration.SimpsonIntegrator:integrate:85, 0.0
org.apache.commons.math.analysis.integration.SimpsonIntegrator:integrate:84, 0.0
org.apache.commons.math.analysis.integration.SimpsonIntegrator:integrate:83, 0.0
org.apache.commons.math.analysis.integration.SimpsonIntegrator:integrate:95, 0.0
org.apache.commons.math.analysis.integration.SimpsonIntegrator:integrate:94, 0.0
org.apache.commons.math.analysis.integration.SimpsonIntegrator:integrate:82, 0.0
org.apache.commons.math.analysis.integration.SimpsonIntegrator:integrate:87, 0.0
org.apache.commons.math.analysis.integration.SimpsonIntegrator:integrate:86, 0.0
org.apache.commons.math.analysis.integration.SimpsonIntegrator:integrate:91, 0.0
org.apache.commons.math.analysis.integration.SimpsonIntegrator:integrate:90, 0.0
org.apache.commons.math.analysis.integration.SimpsonIntegrator:integrate:81, 0.0
org.apache.commons.math.analysis.integration.SimpsonIntegrator:integrate:80, 0.0
org.apache.commons.math.analysis.integration.TrapezoidIntegrator:integrate:110, 0.0
org.apache.commons.math.analysis.integration.TrapezoidIntegrator:integrate:111, 0.0
org.apache.commons.math.analysis.integration.TrapezoidIntegrator:integrate:115, 0.0
org.apache.commons.math.analysis.integration.TrapezoidIntegrator:integrate:114, 0.0
org.apache.commons.math.analysis.integration.TrapezoidIntegrator:integrate:112, 0.0
org.apache.commons.math.analysis.integration.TrapezoidIntegrator:verifyIterationCount:137, 0.0
org.apache.commons.math.analysis.integration.TrapezoidIntegrator:integrate:126, 0.0
org.apache.commons.math.analysis.integration.TrapezoidIntegrator:integrate:117, 0.0
org.apache.commons.math.analysis.integration.TrapezoidIntegrator:integrate:116, 0.0
org.apache.commons.math.analysis.integration.TrapezoidIntegrator:integrate:123, 0.0
org.apache.commons.math.analysis.integration.TrapezoidIntegrator:integrate:122, 0.0
org.apache.commons.math.analysis.integration.TrapezoidIntegrator:integrate:119, 0.0
org.apache.commons.math.analysis.integration.TrapezoidIntegrator:integrate:118, 0.0
org.apache.commons.math.analysis.integration.TrapezoidIntegrator:integrate:121, 0.0
org.apache.commons.math.analysis.interpolation.BicubicSplineFunction:value:375, 0.0
org.apache.commons.math.analysis.interpolation.BicubicSplineInterpolatingFunction:value:170, 0.0
org.apache.commons.math.analysis.interpolation.BicubicSplineInterpolatingFunction:value:169, 0.0
org.apache.commons.math.analysis.interpolation.BicubicSplineInterpolatingFunction:value:172, 0.0
org.apache.commons.math.analysis.interpolation.BicubicSplineFunction:value:379, 0.0
org.apache.commons.math.analysis.interpolation.BicubicSplineFunction:value:392, 0.0
org.apache.commons.math.analysis.interpolation.BicubicSplineFunction:value:386, 0.0
org.apache.commons.math.analysis.interpolation.BicubicSplineFunction:value:385, 0.0
org.apache.commons.math.analysis.interpolation.BicubicSplineFunction:value:384, 0.0
org.apache.commons.math.analysis.interpolation.BicubicSplineFunction:value:390, 0.0
org.apache.commons.math.analysis.interpolation.BicubicSplineFunction:value:389, 0.0
org.apache.commons.math.analysis.interpolation.BicubicSplineFunction:value:388, 0.0
org.apache.commons.math.analysis.interpolation.BicubicSplineInterpolatingFunction:value:158, 0.0
org.apache.commons.math.analysis.interpolation.BicubicSplineInterpolatingFunction:value:159, 0.0
org.apache.commons.math.analysis.interpolation.BicubicSplineInterpolatingFunction:value:163, 0.0
org.apache.commons.math.analysis.interpolation.BicubicSplineInterpolatingFunction:value:164, 0.0
org.apache.commons.math.analysis.polynomials.PolynomialSplineFunction:getPolynomials:193, 0.0
org.apache.commons.math.analysis.polynomials.PolynomialSplineFunction:getPolynomials:192, 0.0
org.apache.commons.math.analysis.polynomials.PolynomialSplineFunction:getPolynomials:194, 0.0
org.apache.commons.math.analysis.polynomials.PolynomialFunction:derivative:265, 0.0
org.apache.commons.math.analysis.interpolation.TricubicSplineFunction:value:455, 0.0
org.apache.commons.math.analysis.interpolation.TricubicSplineFunction:value:485, 0.0
org.apache.commons.math.analysis.interpolation.TricubicSplineFunction:value:451, 0.0
org.apache.commons.math.analysis.interpolation.TricubicSplineInterpolatingFunction:value:309, 0.0
org.apache.commons.math.analysis.interpolation.TricubicSplineInterpolatingFunction:value:308, 0.0
org.apache.commons.math.analysis.interpolation.TricubicSplineFunction:value:459, 0.0
org.apache.commons.math.analysis.interpolation.TricubicSplineFunction:value:476, 0.0
org.apache.commons.math.analysis.interpolation.TricubicSplineFunction:value:477, 0.0
org.apache.commons.math.analysis.interpolation.TricubicSplineFunction:value:474, 0.0
org.apache.commons.math.analysis.interpolation.TricubicSplineFunction:value:472, 0.0
org.apache.commons.math.analysis.interpolation.TricubicSplineFunction:value:473, 0.0
org.apache.commons.math.analysis.interpolation.TricubicSplineFunction:value:470, 0.0
org.apache.commons.math.analysis.interpolation.TricubicSplineFunction:value:468, 0.0
org.apache.commons.math.analysis.interpolation.TricubicSplineFunction:value:469, 0.0
org.apache.commons.math.analysis.interpolation.TricubicSplineFunction:value:466, 0.0
org.apache.commons.math.analysis.interpolation.TricubicSplineFunction:value:464, 0.0
org.apache.commons.math.analysis.interpolation.TricubicSplineFunction:value:465, 0.0
org.apache.commons.math.analysis.interpolation.TricubicSplineInterpolatingFunction:searchIndex:339, 0.0
org.apache.commons.math.analysis.interpolation.TricubicSplineFunction:value:478, 0.0
org.apache.commons.math.analysis.interpolation.TricubicSplineInterpolatingFunction:value:326, 0.0
org.apache.commons.math.analysis.interpolation.TricubicSplineInterpolatingFunction:value:324, 0.0
org.apache.commons.math.analysis.interpolation.TricubicSplineInterpolatingFunction:value:325, 0.0
org.apache.commons.math.analysis.interpolation.TricubicSplineInterpolatingFunction:value:328, 0.0
org.apache.commons.math.analysis.interpolation.TricubicSplineInterpolatingFunction:searchIndex:343, 0.0
org.apache.commons.math.analysis.interpolation.TricubicSplineInterpolatingFunction:searchIndex:344, 0.0
org.apache.commons.math.analysis.interpolation.TricubicSplineFunction:value:479, 0.0
org.apache.commons.math.analysis.interpolation.TricubicSplineFunction:value:480, 0.0
org.apache.commons.math.analysis.interpolation.TricubicSplineInterpolatingFunction:searchIndex:345, 0.0
org.apache.commons.math.analysis.interpolation.TricubicSplineInterpolatingFunction:value:313, 0.0
org.apache.commons.math.analysis.interpolation.TricubicSplineInterpolatingFunction:value:314, 0.0
org.apache.commons.math.analysis.interpolation.TricubicSplineInterpolatingFunction:searchIndex:346, 0.0
org.apache.commons.math.analysis.interpolation.TricubicSplineInterpolatingFunction:value:319, 0.0
org.apache.commons.math.analysis.interpolation.TricubicSplineInterpolatingFunction:value:318, 0.0
org.apache.commons.math.analysis.polynomials.PolynomialFunction:degree:101, 0.0
org.apache.commons.math.analysis.polynomials.PolynomialsUtils:<clinit>:68, 0.0
org.apache.commons.math.analysis.polynomials.PolynomialsUtils:<clinit>:69, 0.0
org.apache.commons.math.analysis.polynomials.PolynomialsUtils:<clinit>:70, 0.0
org.apache.commons.math.analysis.polynomials.PolynomialsUtils:<clinit>:71, 0.0
org.apache.commons.math.analysis.polynomials.PolynomialsUtils:<clinit>:64, 0.0
org.apache.commons.math.analysis.polynomials.PolynomialsUtils:<clinit>:73, 0.0
org.apache.commons.math.analysis.polynomials.PolynomialsUtils:<clinit>:47, 0.0
org.apache.commons.math.analysis.polynomials.PolynomialsUtils:<clinit>:50, 0.0
org.apache.commons.math.analysis.polynomials.PolynomialsUtils:<clinit>:49, 0.0
org.apache.commons.math.analysis.polynomials.PolynomialsUtils:<clinit>:48, 0.0
org.apache.commons.math.analysis.polynomials.PolynomialsUtils:<clinit>:55, 0.0
org.apache.commons.math.analysis.polynomials.PolynomialsUtils:<clinit>:54, 0.0
org.apache.commons.math.analysis.polynomials.PolynomialsUtils:<clinit>:57, 0.0
org.apache.commons.math.analysis.polynomials.PolynomialsUtils:<clinit>:56, 0.0
org.apache.commons.math.analysis.polynomials.PolynomialsUtils:<clinit>:63, 0.0
org.apache.commons.math.analysis.polynomials.PolynomialsUtils:<clinit>:62, 0.0
org.apache.commons.math.analysis.polynomials.PolynomialsUtils:<clinit>:61, 0.0
org.apache.commons.math.analysis.polynomials.PolynomialsUtils:buildPolynomial:214, 0.0
org.apache.commons.math.analysis.polynomials.PolynomialsUtils:buildPolynomial:215, 0.0
org.apache.commons.math.analysis.polynomials.PolynomialsUtils$1:generate:100, 0.0
org.apache.commons.math.analysis.polynomials.PolynomialsUtils:buildPolynomial:201, 0.0
org.apache.commons.math.fraction.BigFraction:add:516, 0.0
org.apache.commons.math.analysis.polynomials.PolynomialsUtils:computeUpToDegree:267, 0.0
org.apache.commons.math.analysis.polynomials.PolynomialsUtils:computeUpToDegree:238, 0.0
org.apache.commons.math.analysis.polynomials.PolynomialsUtils:computeUpToDegree:237, 0.0
org.apache.commons.math.analysis.polynomials.PolynomialsUtils:computeUpToDegree:250, 0.0
org.apache.commons.math.analysis.polynomials.PolynomialsUtils:computeUpToDegree:247, 0.0
org.apache.commons.math.analysis.polynomials.PolynomialsUtils:computeUpToDegree:244, 0.0
org.apache.commons.math.analysis.polynomials.PolynomialsUtils:computeUpToDegree:243, 0.0
org.apache.commons.math.analysis.polynomials.PolynomialsUtils:computeUpToDegree:241, 0.0
org.apache.commons.math.analysis.polynomials.PolynomialsUtils:buildPolynomial:219, 0.0
org.apache.commons.math.fraction.BigFraction:add:524, 0.0
org.apache.commons.math.fraction.BigFraction:add:525, 0.0
org.apache.commons.math.analysis.polynomials.PolynomialsUtils$1:<init>:96, 0.0
org.apache.commons.math.analysis.polynomials.PolynomialsUtils$1:<init>:97, 0.0
org.apache.commons.math.analysis.polynomials.PolynomialsUtils:createChebyshevPolynomial:95, 0.0
org.apache.commons.math.analysis.polynomials.PolynomialsUtils:computeUpToDegree:234, 0.0
org.apache.commons.math.analysis.polynomials.PolynomialsUtils:computeUpToDegree:233, 0.0
org.apache.commons.math.analysis.polynomials.PolynomialsUtils:buildPolynomial:213, 0.0
org.apache.commons.math.analysis.polynomials.PolynomialsUtils:buildPolynomial:211, 0.0
org.apache.commons.math.analysis.polynomials.PolynomialsUtils:computeUpToDegree:254, 0.0
org.apache.commons.math.analysis.polynomials.PolynomialsUtils:computeUpToDegree:252, 0.0
org.apache.commons.math.analysis.polynomials.PolynomialsUtils:computeUpToDegree:253, 0.0
org.apache.commons.math.analysis.polynomials.PolynomialsUtils:computeUpToDegree:251, 0.0
org.apache.commons.math.analysis.polynomials.PolynomialsUtils:buildPolynomial:197, 0.0
org.apache.commons.math.analysis.polynomials.PolynomialsUtils:buildPolynomial:196, 0.0
org.apache.commons.math.analysis.polynomials.PolynomialsUtils:buildPolynomial:198, 0.0
org.apache.commons.math.fraction.BigFraction:add:520, 0.0
org.apache.commons.math.fraction.BigFraction:add:521, 0.0
org.apache.commons.math.fraction.BigFraction:add:523, 0.0
org.apache.commons.math.fraction.BigFraction:add:530, 0.0
org.apache.commons.math.fraction.BigFraction:<clinit>:69, 0.0
org.apache.commons.math.fraction.BigFraction:<clinit>:39, 0.0
org.apache.commons.math.fraction.BigFraction:<clinit>:66, 0.0
org.apache.commons.math.fraction.BigFraction:<clinit>:42, 0.0
org.apache.commons.math.fraction.BigFraction:<clinit>:78, 0.0
org.apache.commons.math.fraction.BigFraction:<clinit>:72, 0.0
org.apache.commons.math.fraction.BigFraction:<clinit>:45, 0.0
org.apache.commons.math.fraction.BigFraction:<clinit>:75, 0.0
org.apache.commons.math.fraction.BigFraction:<clinit>:51, 0.0
org.apache.commons.math.fraction.BigFraction:<clinit>:48, 0.0
org.apache.commons.math.fraction.BigFraction:<clinit>:54, 0.0
org.apache.commons.math.fraction.BigFraction:<clinit>:57, 0.0
org.apache.commons.math.fraction.BigFraction:<clinit>:63, 0.0
org.apache.commons.math.fraction.BigFraction:<clinit>:88, 0.0
org.apache.commons.math.fraction.BigFraction:<clinit>:60, 0.0
org.apache.commons.math.analysis.polynomials.PolynomialsUtils:computeUpToDegree:258, 0.0
org.apache.commons.math.analysis.polynomials.PolynomialsUtils:computeUpToDegree:259, 0.0
org.apache.commons.math.analysis.polynomials.PolynomialsUtils:computeUpToDegree:263, 0.0
org.apache.commons.math.analysis.polynomials.PolynomialsUtils:computeUpToDegree:260, 0.0
org.apache.commons.math.analysis.polynomials.PolynomialsUtils:buildPolynomial:199, 0.0
org.apache.commons.math.fraction.BigFraction:add:517, 0.0
org.apache.commons.math.complex.Complex:multiply:359, 0.0
org.apache.commons.math.analysis.solvers.LaguerreSolver:solve:341, 0.0
org.apache.commons.math.analysis.solvers.LaguerreSolver:solve:340, 0.0
org.apache.commons.math.analysis.solvers.LaguerreSolver:solve:339, 0.0
org.apache.commons.math.analysis.solvers.LaguerreSolver:solve:338, 0.0
org.apache.commons.math.analysis.solvers.UnivariateRealSolverImpl:verifyBracketing:247, 0.0
org.apache.commons.math.analysis.solvers.UnivariateRealSolverImpl:verifyBracketing:248, 0.0
org.apache.commons.math.analysis.solvers.LaguerreSolver:solve:368, 0.0
org.apache.commons.math.analysis.solvers.LaguerreSolver:solve:371, 0.0
org.apache.commons.math.complex.Complex:abs:107, 0.0
org.apache.commons.math.complex.Complex:abs:122, 0.0
org.apache.commons.math.analysis.solvers.UnivariateRealSolverImpl:isSequence:196, 0.0
org.apache.commons.math.analysis.solvers.LaguerreSolver:isRootOK:218, 0.0
org.apache.commons.math.analysis.solvers.LaguerreSolver:isRootOK:219, 0.0
org.apache.commons.math.complex.Complex:sqrt:787, 0.0
org.apache.commons.math.analysis.solvers.LaguerreSolver:solve:179, 0.0
org.apache.commons.math.analysis.solvers.LaguerreSolver:solve:343, 0.0
org.apache.commons.math.analysis.solvers.LaguerreSolver:solve:348, 0.0
org.apache.commons.math.analysis.solvers.LaguerreSolver:solve:346, 0.0
org.apache.commons.math.complex.Complex:abs:123, 0.0
org.apache.commons.math.analysis.solvers.LaguerreSolver:solve:192, 0.0
org.apache.commons.math.analysis.solvers.LaguerreSolver:solve:191, 0.0
org.apache.commons.math.complex.Complex:subtract:441, 0.0
org.apache.commons.math.analysis.solvers.UnivariateRealSolverImpl:isBracketing:184, 0.0
org.apache.commons.math.complex.Complex:abs:111, 0.0
org.apache.commons.math.complex.Complex:divide:213, 0.0
org.apache.commons.math.complex.Complex:divide:214, 0.0
org.apache.commons.math.complex.Complex:divide:215, 0.0
org.apache.commons.math.analysis.solvers.LaguerreSolver:solve:377, 0.0
org.apache.commons.math.analysis.solvers.LaguerreSolver:solve:376, 0.0
org.apache.commons.math.analysis.solvers.UnivariateRealSolverImpl:verifyBracketing:254, 0.0
org.apache.commons.math.complex.Complex:abs:126, 0.0
org.apache.commons.math.complex.Complex:abs:125, 0.0
org.apache.commons.math.complex.Complex:multiply:356, 0.0
org.apache.commons.math.complex.Complex:divide:231, 0.0
org.apache.commons.math.complex.Complex:divide:230, 0.0
org.apache.commons.math.complex.Complex:divide:229, 0.0
org.apache.commons.math.complex.Complex:subtract:445, 0.0
org.apache.commons.math.analysis.solvers.LaguerreSolver:solve:353, 0.0
org.apache.commons.math.complex.Complex:abs:112, 0.0
org.apache.commons.math.analysis.solvers.LaguerreSolver:solve:380, 0.0
org.apache.commons.math.analysis.solvers.LaguerreSolver:solve:379, 0.0
org.apache.commons.math.analysis.solvers.LaguerreSolver:solve:180, 0.0
org.apache.commons.math.complex.Complex:multiply:364, 0.0
org.apache.commons.math.analysis.solvers.UnivariateRealSolverImpl:<init>:74, 0.0
org.apache.commons.math.analysis.solvers.UnivariateRealSolverImpl:<init>:75, 0.0
org.apache.commons.math.analysis.solvers.LaguerreSolver:solve:313, 0.0
org.apache.commons.math.analysis.solvers.LaguerreSolver:solve:314, 0.0
org.apache.commons.math.complex.Complex:sqrt:792, 0.0
org.apache.commons.math.analysis.solvers.LaguerreSolver:solve:185, 0.0
org.apache.commons.math.complex.Complex:abs:115, 0.0
org.apache.commons.math.complex.Complex:divide:209, 0.0
org.apache.commons.math.analysis.solvers.LaguerreSolver:solve:356, 0.0
org.apache.commons.math.analysis.solvers.LaguerreSolver:solve:354, 0.0
org.apache.commons.math.analysis.solvers.LaguerreSolver:solve:355, 0.0
org.apache.commons.math.complex.Complex:divide:223, 0.0
org.apache.commons.math.analysis.solvers.LaguerreSolver:<init>:68, 0.0
org.apache.commons.math.analysis.solvers.LaguerreSolver:<init>:69, 0.0
org.apache.commons.math.analysis.solvers.LaguerreSolver:solve:332, 0.0
org.apache.commons.math.complex.Complex:sqrt:791, 0.0
org.apache.commons.math.analysis.solvers.LaguerreSolver:solve:184, 0.0
org.apache.commons.math.analysis.solvers.LaguerreSolver:solve:183, 0.0
org.apache.commons.math.analysis.solvers.LaguerreSolver:solve:181, 0.0
org.apache.commons.math.analysis.solvers.LaguerreSolver:solve:365, 0.0
org.apache.commons.math.analysis.solvers.LaguerreSolver:solve:366, 0.0
org.apache.commons.math.analysis.solvers.LaguerreSolver:solve:367, 0.0
org.apache.commons.math.analysis.solvers.LaguerreSolver:solve:360, 0.0
org.apache.commons.math.analysis.solvers.LaguerreSolver:solve:361, 0.0
org.apache.commons.math.analysis.solvers.LaguerreSolver:solve:362, 0.0
org.apache.commons.math.analysis.solvers.LaguerreSolver:solve:363, 0.0
org.apache.commons.math.analysis.solvers.UnivariateRealSolverImpl:<init>:78, 0.0
org.apache.commons.math.analysis.solvers.UnivariateRealSolverImpl:<init>:79, 0.0
org.apache.commons.math.analysis.solvers.UnivariateRealSolverImpl:<init>:81, 0.0
org.apache.commons.math.analysis.solvers.UnivariateRealSolverImpl:<init>:80, 0.0
org.apache.commons.math.analysis.solvers.LaguerreSolver:solve:319, 0.0
org.apache.commons.math.analysis.solvers.LaguerreSolver:solve:318, 0.0
org.apache.commons.math.analysis.solvers.LaguerreSolver:solve:326, 0.0
org.apache.commons.math.analysis.solvers.LaguerreSolver:solve:327, 0.0
org.apache.commons.math.analysis.solvers.LaguerreSolver:solve:324, 0.0
org.apache.commons.math.analysis.solvers.LaguerreSolver:solve:325, 0.0
org.apache.commons.math.analysis.solvers.LaguerreSolver:solve:322, 0.0
org.apache.commons.math.analysis.solvers.LaguerreSolver:solve:323, 0.0
org.apache.commons.math.analysis.solvers.LaguerreSolver:solve:321, 0.0
org.apache.commons.math.analysis.solvers.LaguerreSolver:solve:330, 0.0
org.apache.commons.math.analysis.solvers.LaguerreSolver:solve:331, 0.0
org.apache.commons.math.analysis.solvers.LaguerreSolver:solve:328, 0.0
org.apache.commons.math.analysis.solvers.LaguerreSolver:solve:329, 0.0
org.apache.commons.math.analysis.solvers.LaguerreSolver:<init>:70, 0.0
org.apache.commons.math.analysis.solvers.LaguerreSolver:solve:190, 0.0
org.apache.commons.math.analysis.solvers.LaguerreSolver:solve:188, 0.0
org.apache.commons.math.analysis.solvers.LaguerreSolver:solve:189, 0.0
org.apache.commons.math.analysis.solvers.LaguerreSolver:solve:174, 0.0
org.apache.commons.math.analysis.solvers.LaguerreSolver:solve:186, 0.0
org.apache.commons.math.complex.Complex:add:148, 0.0
org.apache.commons.math.analysis.solvers.UnivariateRealSolverImpl:isBracketing:182, 0.0
org.apache.commons.math.analysis.solvers.UnivariateRealSolverImpl:isBracketing:183, 0.0
org.apache.commons.math.complex.Complex:divide:219, 0.0
org.apache.commons.math.analysis.solvers.LaguerreSolver:<init>:74, 0.0
org.apache.commons.math.analysis.solvers.LaguerreSolver:solve:99, 0.0
org.apache.commons.math.analysis.solvers.LaguerreSolver:solve:335, 0.0
org.apache.commons.math.analysis.solvers.LaguerreSolver:solve:337, 0.0
org.apache.commons.math.analysis.solvers.LaguerreSolver:solve:336, 0.0
org.apache.commons.math.analysis.solvers.LaguerreSolver:<init>:81, 0.0
org.apache.commons.math.analysis.solvers.LaguerreSolver:<init>:80, 0.0
org.apache.commons.math.analysis.solvers.LaguerreSolver:<init>:82, 0.0
org.apache.commons.math.analysis.solvers.UnivariateRealSolverImpl:verifyInterval:209, 0.0
org.apache.commons.math.analysis.solvers.UnivariateRealSolverImpl:verifyBracketing:249, 0.0
org.apache.commons.math.analysis.solvers.LaguerreSolver:solve:175, 0.0
org.apache.commons.math.complex.Complex:sqrt:797, 0.0
org.apache.commons.math.complex.Complex:sqrt:796, 0.0
org.apache.commons.math.complex.Complex:sqrt:795, 0.0
org.apache.commons.math.analysis.solvers.LaguerreSolver:solve:197, 0.0
org.apache.commons.math.util.MathUtils:indicator:809, 0.0
org.apache.commons.math.analysis.solvers.LaguerreSolver:solveAll:271, 0.0
org.apache.commons.math.analysis.solvers.LaguerreSolver:solve:196, 0.0
org.apache.commons.math.analysis.solvers.LaguerreSolver:solve:373, 0.0
org.apache.commons.math.analysis.solvers.LaguerreSolver:solve:372, 0.0
org.apache.commons.math.analysis.solvers.LaguerreSolver:solveAll:270, 0.0
org.apache.commons.math.analysis.solvers.LaguerreSolver:solve:351, 0.0
org.apache.commons.math.analysis.solvers.LaguerreSolver:solve:350, 0.0
org.apache.commons.math.analysis.solvers.LaguerreSolver:solve:349, 0.0
org.apache.commons.math.analysis.solvers.LaguerreSolver:solve:199, 0.0
org.apache.commons.math.analysis.solvers.LaguerreSolver:solve:200, 0.0
org.apache.commons.math.complex.Complex:sqrt:799, 0.0
org.apache.commons.math.analysis.solvers.LaguerreSolver:solve:198, 0.0
org.apache.commons.math.complex.Complex:divide:226, 0.0
org.apache.commons.math.complex.Complex:divide:225, 0.0
org.apache.commons.math.complex.Complex:divide:224, 0.0
org.apache.commons.math.analysis.solvers.LaguerreSolver:solveAll:266, 0.0
org.apache.commons.math.analysis.solvers.LaguerreSolver:solveAll:264, 0.0
org.apache.commons.math.analysis.solvers.LaguerreSolver:solveAll:265, 0.0
org.apache.commons.math.analysis.solvers.LaguerreSolver:solveAll:284, 0.0
org.apache.commons.math.analysis.solvers.LaguerreSolver:solveAll:283, 0.0
org.apache.commons.math.analysis.solvers.LaguerreSolver:solveAll:282, 0.0
org.apache.commons.math.analysis.solvers.LaguerreSolver:solveAll:280, 0.0
org.apache.commons.math.analysis.solvers.LaguerreSolver:solveAll:279, 0.0
org.apache.commons.math.analysis.solvers.LaguerreSolver:solveAll:278, 0.0
org.apache.commons.math.util.MathUtils:indicator:806, 0.0
org.apache.commons.math.analysis.solvers.LaguerreSolver:solveAll:292, 0.0
org.apache.commons.math.analysis.solvers.LaguerreSolver:solveAll:293, 0.0
org.apache.commons.math.analysis.solvers.LaguerreSolver:solveAll:294, 0.0
org.apache.commons.math.complex.Complex:abs:116, 0.0
org.apache.commons.math.analysis.solvers.LaguerreSolver:solveAll:277, 0.0
org.apache.commons.math.analysis.solvers.LaguerreSolver:solveAll:289, 0.0
org.apache.commons.math.analysis.solvers.LaguerreSolver:solveAll:276, 0.0
org.apache.commons.math.complex.Complex:abs:119, 0.0
org.apache.commons.math.complex.Complex:abs:120, 0.0
org.apache.commons.math.analysis.solvers.LaguerreSolver:solveAll:287, 0.0
org.apache.commons.math.analysis.solvers.LaguerreSolver:solveAll:286, 0.0
org.apache.commons.math.analysis.solvers.LaguerreSolver:solveAll:285, 0.0
org.apache.commons.math.analysis.solvers.LaguerreSolver:solveAll:272, 0.0
org.apache.commons.math.optimization.general.LevenbergMarquardtOptimizer:qrDecomposition:799, 0.0
org.apache.commons.math.optimization.general.LevenbergMarquardtOptimizer:qrDecomposition:800, 0.0
org.apache.commons.math.optimization.general.LevenbergMarquardtOptimizer:doOptimize:273, 0.0
org.apache.commons.math.optimization.general.LevenbergMarquardtOptimizer:determineLMParameter:477, 0.0
org.apache.commons.math.analysis.solvers.BisectionSolver:<init>:53, 0.0
org.apache.commons.math.analysis.solvers.BisectionSolver:<init>:52, 0.0
org.apache.commons.math.ConvergingAlgorithmImpl:resetRelativeAccuracy:119, 0.0
org.apache.commons.math.ConvergingAlgorithmImpl:resetRelativeAccuracy:118, 0.0
org.apache.commons.math.optimization.general.NonLinearConjugateGradientOptimizer:doOptimize:119, 0.0
org.apache.commons.math.optimization.general.NonLinearConjugateGradientOptimizer$IdentityPreconditioner:<init>:240, 0.0
org.apache.commons.math.optimization.general.NonLinearConjugateGradientOptimizer:doOptimize:198, 0.0
org.apache.commons.math.optimization.MultiStartDifferentiableMultivariateRealOptimizer:getIterations:137, 0.0
org.apache.commons.math.optimization.general.NonLinearConjugateGradientOptimizer:doOptimize:163, 0.0
org.apache.commons.math.optimization.general.NonLinearConjugateGradientOptimizer:doOptimize:167, 0.0
org.apache.commons.math.optimization.general.NonLinearConjugateGradientOptimizer:doOptimize:164, 0.0
org.apache.commons.math.analysis.solvers.BrentSolver:solve:322, 0.0
org.apache.commons.math.analysis.solvers.BrentSolver:solve:321, 0.0
org.apache.commons.math.optimization.MultiStartDifferentiableMultivariateRealOptimizer:optimize:187, 0.0
org.apache.commons.math.optimization.MultiStartDifferentiableMultivariateRealOptimizer:optimize:193, 0.0
org.apache.commons.math.optimization.general.NonLinearConjugateGradientOptimizer:doOptimize:120, 0.0
org.apache.commons.math.optimization.general.NonLinearConjugateGradientOptimizer:doOptimize:200, 0.0
org.apache.commons.math.optimization.general.ConjugateGradientFormula:<clinit>:41, 0.0
org.apache.commons.math.optimization.general.ConjugateGradientFormula:<clinit>:47, 0.0
org.apache.commons.math.optimization.general.ConjugateGradientFormula:<clinit>:44, 0.0
org.apache.commons.math.optimization.GoalType:<clinit>:27, 0.0
org.apache.commons.math.optimization.GoalType:<clinit>:33, 0.0
org.apache.commons.math.optimization.GoalType:<clinit>:30, 0.0
org.apache.commons.math.optimization.general.NonLinearConjugateGradientOptimizer:doOptimize:158, 0.0
org.apache.commons.math.optimization.general.NonLinearConjugateGradientOptimizer:doOptimize:159, 0.0
org.apache.commons.math.optimization.general.NonLinearConjugateGradientOptimizer:doOptimize:122, 0.0
org.apache.commons.math.optimization.general.NonLinearConjugateGradientOptimizer:doOptimize:193, 0.0
org.apache.commons.math.optimization.general.NonLinearConjugateGradientOptimizer:doOptimize:168, 0.0
org.apache.commons.math.optimization.GoalType:<init>:27, 0.0
org.apache.commons.math.optimization.MultiStartDifferentiableMultivariateRealOptimizer:getMaxEvaluations:147, 0.0
org.apache.commons.math.optimization.general.NonLinearConjugateGradientOptimizer:doOptimize:123, 0.0
org.apache.commons.math.optimization.general.NonLinearConjugateGradientOptimizer:doOptimize:195, 0.0
org.apache.commons.math.random.UncorrelatedRandomVectorGenerator:<init>:64, 0.0
org.apache.commons.math.random.UncorrelatedRandomVectorGenerator:<init>:63, 0.0
org.apache.commons.math.random.UncorrelatedRandomVectorGenerator:<init>:62, 0.0
org.apache.commons.math.random.UncorrelatedRandomVectorGenerator:<init>:61, 0.0
org.apache.commons.math.optimization.general.AbstractScalarDifferentiableOptimizer:setMaxIterations:91, 0.0
org.apache.commons.math.optimization.general.AbstractScalarDifferentiableOptimizer:setMaxIterations:90, 0.0
org.apache.commons.math.optimization.general.NonLinearConjugateGradientOptimizer$LineSearchFunction:<init>:266, 0.0
org.apache.commons.math.optimization.general.NonLinearConjugateGradientOptimizer$LineSearchFunction:<init>:267, 0.0
org.apache.commons.math.optimization.general.NonLinearConjugateGradientOptimizer$LineSearchFunction:<init>:265, 0.0
org.apache.commons.math.optimization.general.NonLinearConjugateGradientOptimizer:findUpperBound:229, 0.0
org.apache.commons.math.optimization.general.NonLinearConjugateGradientOptimizer:findUpperBound:228, 0.0
org.apache.commons.math.optimization.general.NonLinearConjugateGradientOptimizer:findUpperBound:227, 0.0
org.apache.commons.math.optimization.general.AbstractScalarDifferentiableOptimizer:setConvergenceChecker:126, 0.0
org.apache.commons.math.optimization.general.AbstractScalarDifferentiableOptimizer:setConvergenceChecker:125, 0.0
org.apache.commons.math.optimization.general.NonLinearConjugateGradientOptimizer:doOptimize:204, 0.0
org.apache.commons.math.optimization.general.NonLinearConjugateGradientOptimizer:doOptimize:203, 0.0
org.apache.commons.math.optimization.general.AbstractScalarDifferentiableOptimizer:setMaxEvaluations:106, 0.0
org.apache.commons.math.optimization.general.AbstractScalarDifferentiableOptimizer:setMaxEvaluations:105, 0.0
org.apache.commons.math.optimization.general.NonLinearConjugateGradientOptimizer:doOptimize:127, 0.0
org.apache.commons.math.optimization.general.NonLinearConjugateGradientOptimizer:doOptimize:126, 0.0
org.apache.commons.math.optimization.general.NonLinearConjugateGradientOptimizer:doOptimize:125, 0.0
org.apache.commons.math.optimization.MultiStartDifferentiableMultivariateRealOptimizer:optimize:216, 0.0
org.apache.commons.math.optimization.MultiStartDifferentiableMultivariateRealOptimizer:optimize:202, 0.0
org.apache.commons.math.optimization.general.NonLinearConjugateGradientOptimizer:doOptimize:172, 0.0
org.apache.commons.math.optimization.MultiStartDifferentiableMultivariateRealOptimizer$1:<init>:202, 0.0
org.apache.commons.math.optimization.general.NonLinearConjugateGradientOptimizer:doOptimize:128, 0.0
org.apache.commons.math.optimization.general.NonLinearConjugateGradientOptimizer:doOptimize:208, 0.0
org.apache.commons.math.random.UncorrelatedRandomVectorGenerator:<init>:56, 0.0
org.apache.commons.math.random.UncorrelatedRandomVectorGenerator:<init>:55, 0.0
org.apache.commons.math.optimization.general.AbstractScalarDifferentiableOptimizer:incrementIterationsCounter:139, 0.0
org.apache.commons.math.optimization.general.AbstractScalarDifferentiableOptimizer:computeObjectiveValue:166, 0.0
org.apache.commons.math.optimization.general.NonLinearConjugateGradientOptimizer:doOptimize:171, 0.0
org.apache.commons.math.optimization.general.NonLinearConjugateGradientOptimizer:doOptimize:170, 0.0
org.apache.commons.math.optimization.MultiStartDifferentiableMultivariateRealOptimizer:<init>:85, 0.0
org.apache.commons.math.optimization.MultiStartDifferentiableMultivariateRealOptimizer:<init>:84, 0.0
org.apache.commons.math.optimization.MultiStartDifferentiableMultivariateRealOptimizer:<init>:87, 0.0
org.apache.commons.math.optimization.MultiStartDifferentiableMultivariateRealOptimizer:<init>:86, 0.0
org.apache.commons.math.optimization.MultiStartDifferentiableMultivariateRealOptimizer:<init>:81, 0.0
org.apache.commons.math.optimization.MultiStartDifferentiableMultivariateRealOptimizer:<init>:80, 0.0
org.apache.commons.math.optimization.MultiStartDifferentiableMultivariateRealOptimizer:<init>:83, 0.0
org.apache.commons.math.optimization.MultiStartDifferentiableMultivariateRealOptimizer:<init>:82, 0.0
org.apache.commons.math.optimization.MultiStartDifferentiableMultivariateRealOptimizer:<init>:79, 0.0
org.apache.commons.math.optimization.MultiStartDifferentiableMultivariateRealOptimizer:<init>:89, 0.0
org.apache.commons.math.optimization.MultiStartDifferentiableMultivariateRealOptimizer:<init>:88, 0.0
org.apache.commons.math.optimization.general.NonLinearConjugateGradientOptimizer:findUpperBound:231, 0.0
org.apache.commons.math.optimization.general.NonLinearConjugateGradientOptimizer:findUpperBound:230, 0.0
org.apache.commons.math.optimization.general.NonLinearConjugateGradientOptimizer:findUpperBound:232, 0.0
org.apache.commons.math.optimization.general.AbstractScalarDifferentiableOptimizer:getIterations:100, 0.0
org.apache.commons.math.optimization.MultiStartDifferentiableMultivariateRealOptimizer$1:compare:204, 0.0
org.apache.commons.math.optimization.general.NonLinearConjugateGradientOptimizer:doOptimize:173, 0.0
org.apache.commons.math.optimization.general.NonLinearConjugateGradientOptimizer$LineSearchFunction:value:274, 0.0
org.apache.commons.math.optimization.general.NonLinearConjugateGradientOptimizer$LineSearchFunction:value:273, 0.0
org.apache.commons.math.optimization.general.NonLinearConjugateGradientOptimizer:doOptimize:129, 0.0
org.apache.commons.math.analysis.solvers.BrentSolver:solve:335, 0.0
org.apache.commons.math.optimization.general.NonLinearConjugateGradientOptimizer:<init>:68, 0.0
org.apache.commons.math.optimization.general.NonLinearConjugateGradientOptimizer:<init>:69, 0.0
org.apache.commons.math.optimization.general.NonLinearConjugateGradientOptimizer:<init>:70, 0.0
org.apache.commons.math.optimization.general.NonLinearConjugateGradientOptimizer:<init>:71, 0.0
org.apache.commons.math.optimization.general.NonLinearConjugateGradientOptimizer:<init>:72, 0.0
org.apache.commons.math.optimization.general.NonLinearConjugateGradientOptimizer:<init>:73, 0.0
org.apache.commons.math.optimization.MultiStartDifferentiableMultivariateRealOptimizer:optimize:197, 0.0
org.apache.commons.math.optimization.MultiStartDifferentiableMultivariateRealOptimizer:optimize:196, 0.0
org.apache.commons.math.optimization.MultiStartDifferentiableMultivariateRealOptimizer:optimize:182, 0.0
org.apache.commons.math.optimization.MultiStartDifferentiableMultivariateRealOptimizer:optimize:195, 0.0
org.apache.commons.math.optimization.MultiStartDifferentiableMultivariateRealOptimizer:setConvergenceChecker:163, 0.0
org.apache.commons.math.optimization.MultiStartDifferentiableMultivariateRealOptimizer:setConvergenceChecker:162, 0.0
org.apache.commons.math.optimization.general.AbstractScalarDifferentiableOptimizer:computeObjectiveValue:170, 0.0
org.apache.commons.math.optimization.general.NonLinearConjugateGradientOptimizer:doOptimize:182, 0.0
org.apache.commons.math.optimization.general.NonLinearConjugateGradientOptimizer:doOptimize:181, 0.0
org.apache.commons.math.optimization.general.AbstractScalarDifferentiableOptimizer:getGradientEvaluations:120, 0.0
org.apache.commons.math.optimization.MultiStartDifferentiableMultivariateRealOptimizer:getEvaluations:152, 0.0
org.apache.commons.math.optimization.MultiStartDifferentiableMultivariateRealOptimizer$1:compare:211, 0.0
org.apache.commons.math.analysis.solvers.BrentSolver:solve:291, 0.0
org.apache.commons.math.analysis.solvers.BrentSolver:solve:292, 0.0
org.apache.commons.math.optimization.MultiStartDifferentiableMultivariateRealOptimizer:getOptima:122, 0.0
org.apache.commons.math.optimization.general.NonLinearConjugateGradientOptimizer:doOptimize:138, 0.0
org.apache.commons.math.optimization.general.NonLinearConjugateGradientOptimizer:doOptimize:186, 0.0
org.apache.commons.math.optimization.general.NonLinearConjugateGradientOptimizer:doOptimize:137, 0.0
org.apache.commons.math.optimization.general.NonLinearConjugateGradientOptimizer:doOptimize:135, 0.0
org.apache.commons.math.optimization.general.NonLinearConjugateGradientOptimizer:doOptimize:134, 0.0
org.apache.commons.math.optimization.general.NonLinearConjugateGradientOptimizer$LineSearchFunction:value:275, 0.0
org.apache.commons.math.optimization.MultiStartDifferentiableMultivariateRealOptimizer:setMaxEvaluations:143, 0.0
org.apache.commons.math.optimization.MultiStartDifferentiableMultivariateRealOptimizer:setMaxEvaluations:142, 0.0
org.apache.commons.math.optimization.general.NonLinearConjugateGradientOptimizer:doOptimize:178, 0.0
org.apache.commons.math.optimization.general.NonLinearConjugateGradientOptimizer:doOptimize:179, 0.0
org.apache.commons.math.optimization.general.NonLinearConjugateGradientOptimizer:doOptimize:180, 0.0
org.apache.commons.math.optimization.MultiStartDifferentiableMultivariateRealOptimizer:optimize:223, 0.0
org.apache.commons.math.optimization.MultiStartDifferentiableMultivariateRealOptimizer$1:compare:206, 0.0
org.apache.commons.math.optimization.MultiStartDifferentiableMultivariateRealOptimizer:getOptima:119, 0.0
org.apache.commons.math.optimization.general.NonLinearConjugateGradientOptimizer:findUpperBound:233, 0.0
org.apache.commons.math.optimization.general.NonLinearConjugateGradientOptimizer:doOptimize:142, 0.0
org.apache.commons.math.optimization.general.NonLinearConjugateGradientOptimizer$LineSearchFunction:value:283, 0.0
org.apache.commons.math.optimization.general.NonLinearConjugateGradientOptimizer$LineSearchFunction:value:282, 0.0
org.apache.commons.math.optimization.general.NonLinearConjugateGradientOptimizer$LineSearchFunction:value:279, 0.0
org.apache.commons.math.optimization.general.AbstractScalarDifferentiableOptimizer:<init>:85, 0.0
org.apache.commons.math.optimization.general.AbstractScalarDifferentiableOptimizer:<init>:84, 0.0
org.apache.commons.math.optimization.general.AbstractScalarDifferentiableOptimizer:<init>:86, 0.0
org.apache.commons.math.optimization.general.AbstractScalarDifferentiableOptimizer:<init>:83, 0.0
org.apache.commons.math.optimization.general.AbstractScalarDifferentiableOptimizer:<init>:82, 0.0
org.apache.commons.math.optimization.general.AbstractScalarDifferentiableOptimizer:incrementIterationsCounter:142, 0.0
org.apache.commons.math.optimization.general.AbstractScalarDifferentiableOptimizer:getEvaluations:115, 0.0
org.apache.commons.math.optimization.general.NonLinearConjugateGradientOptimizer:doOptimize:139, 0.0
org.apache.commons.math.optimization.MultiStartDifferentiableMultivariateRealOptimizer$1:compare:209, 0.0
org.apache.commons.math.optimization.MultiStartDifferentiableMultivariateRealOptimizer$1:compare:210, 0.0
org.apache.commons.math.optimization.general.AbstractScalarDifferentiableOptimizer:computeObjectiveGradient:152, 0.0
org.apache.commons.math.optimization.general.AbstractScalarDifferentiableOptimizer:computeObjectiveGradient:153, 0.0
org.apache.commons.math.optimization.general.NonLinearConjugateGradientOptimizer:doOptimize:151, 0.0
org.apache.commons.math.optimization.MultiStartDifferentiableMultivariateRealOptimizer:optimize:178, 0.0
org.apache.commons.math.optimization.MultiStartDifferentiableMultivariateRealOptimizer:optimize:179, 0.0
org.apache.commons.math.optimization.MultiStartDifferentiableMultivariateRealOptimizer:optimize:176, 0.0
org.apache.commons.math.optimization.MultiStartDifferentiableMultivariateRealOptimizer:optimize:177, 0.0
org.apache.commons.math.optimization.general.NonLinearConjugateGradientOptimizer$LineSearchFunction:value:284, 0.0
org.apache.commons.math.optimization.general.NonLinearConjugateGradientOptimizer:doOptimize:149, 0.0
org.apache.commons.math.optimization.general.NonLinearConjugateGradientOptimizer:doOptimize:190, 0.0
org.apache.commons.math.optimization.general.AbstractScalarDifferentiableOptimizer:optimize:186, 0.0
org.apache.commons.math.optimization.general.AbstractScalarDifferentiableOptimizer:optimize:187, 0.0
org.apache.commons.math.optimization.general.AbstractScalarDifferentiableOptimizer:optimize:185, 0.0
org.apache.commons.math.optimization.general.AbstractScalarDifferentiableOptimizer:optimize:190, 0.0
org.apache.commons.math.optimization.general.AbstractScalarDifferentiableOptimizer:optimize:188, 0.0
org.apache.commons.math.optimization.general.AbstractScalarDifferentiableOptimizer:optimize:182, 0.0
org.apache.commons.math.optimization.general.AbstractScalarDifferentiableOptimizer:optimize:180, 0.0
org.apache.commons.math.optimization.general.AbstractScalarDifferentiableOptimizer:optimize:181, 0.0
org.apache.commons.math.optimization.MultiStartDifferentiableMultivariateRealOptimizer:getGradientEvaluations:157, 0.0
org.apache.commons.math.optimization.general.NonLinearConjugateGradientOptimizer:doOptimize:145, 0.0
org.apache.commons.math.optimization.general.NonLinearConjugateGradientOptimizer:doOptimize:146, 0.0
org.apache.commons.math.optimization.general.NonLinearConjugateGradientOptimizer:doOptimize:147, 0.0
org.apache.commons.math.optimization.general.NonLinearConjugateGradientOptimizer:doOptimize:148, 0.0
org.apache.commons.math.optimization.general.NonLinearConjugateGradientOptimizer$LineSearchFunction:value:287, 0.0
org.apache.commons.math.optimization.general.NonLinearConjugateGradientOptimizer:doOptimize:191, 0.0
org.apache.commons.math.analysis.solvers.BrentSolver:solve:307, 0.0
org.apache.commons.math.analysis.solvers.BrentSolver:solve:306, 0.0
org.apache.commons.math.analysis.solvers.BrentSolver:solve:309, 0.0
org.apache.commons.math.analysis.solvers.BrentSolver:solve:308, 0.0
org.apache.commons.math.optimization.general.ConjugateGradientFormula:<init>:41, 0.0
org.apache.commons.math.optimization.MultiStartDifferentiableMultivariateRealOptimizer:optimize:186, 0.0
org.apache.commons.math.optimization.MultiStartDifferentiableMultivariateRealOptimizer:optimize:185, 0.0
org.apache.commons.math.optimization.general.NonLinearConjugateGradientOptimizer$IdentityPreconditioner:precondition:244, 0.0
org.apache.commons.math.optimization.general.NonLinearConjugateGradientOptimizer:doOptimize:155, 0.0
org.apache.commons.math.optimization.general.NonLinearConjugateGradientOptimizer:doOptimize:157, 0.0
org.apache.commons.math.optimization.general.NonLinearConjugateGradientOptimizer:doOptimize:189, 0.0
org.apache.commons.math.optimization.MultiStartDifferentiableMultivariateRealOptimizer:getMaxIterations:132, 0.0
org.apache.commons.math.optimization.MultiStartDifferentiableMultivariateRealOptimizer:setMaxIterations:127, 0.0
org.apache.commons.math.optimization.MultiStartDifferentiableMultivariateRealOptimizer:setMaxIterations:128, 0.0
org.apache.commons.math.optimization.MultiStartUnivariateRealOptimizer:optimize:242, 0.0
org.apache.commons.math.optimization.MultiStartUnivariateRealOptimizer:optimize:236, 0.0
org.apache.commons.math.optimization.MultiStartUnivariateRealOptimizer:optimize:277, 0.0
org.apache.commons.math.optimization.MultiStartUnivariateRealOptimizer:optimize:263, 0.0
org.apache.commons.math.optimization.MultiStartUnivariateRealOptimizer:setAbsoluteAccuracy:146, 0.0
org.apache.commons.math.optimization.MultiStartUnivariateRealOptimizer:setAbsoluteAccuracy:147, 0.0
org.apache.commons.math.optimization.MultiStartUnivariateRealOptimizer:optimize:282, 0.0
org.apache.commons.math.optimization.MultiStartUnivariateRealOptimizer:getIterationCount:106, 0.0
org.apache.commons.math.optimization.MultiStartUnivariateRealOptimizer:optimize:231, 0.0
org.apache.commons.math.optimization.MultiStartUnivariateRealOptimizer:optimize:230, 0.0
org.apache.commons.math.optimization.MultiStartUnivariateRealOptimizer:optimize:233, 0.0
org.apache.commons.math.optimization.MultiStartUnivariateRealOptimizer:optimize:232, 0.0
org.apache.commons.math.optimization.MultiStartUnivariateRealOptimizer:getEvaluations:121, 0.0
org.apache.commons.math.optimization.MultiStartUnivariateRealOptimizer:optimize:296, 0.0
org.apache.commons.math.optimization.MultiStartUnivariateRealOptimizer:optimize:293, 0.0
org.apache.commons.math.optimization.MultiStartUnivariateRealOptimizer:optimize:294, 0.0
org.apache.commons.math.optimization.MultiStartUnivariateRealOptimizer:optimize:295, 0.0
org.apache.commons.math.optimization.MultiStartUnivariateRealOptimizer:setMaximalIterationCount:152, 0.0
org.apache.commons.math.optimization.MultiStartUnivariateRealOptimizer:setMaximalIterationCount:151, 0.0
org.apache.commons.math.optimization.MultiStartUnivariateRealOptimizer:getOptimaValues:221, 0.0
org.apache.commons.math.optimization.MultiStartUnivariateRealOptimizer:getFunctionValue:91, 0.0
org.apache.commons.math.optimization.MultiStartUnivariateRealOptimizer:getRelativeAccuracy:126, 0.0
org.apache.commons.math.optimization.MultiStartUnivariateRealOptimizer:optimize:241, 0.0
org.apache.commons.math.optimization.MultiStartUnivariateRealOptimizer:optimize:262, 0.0
org.apache.commons.math.optimization.MultiStartUnivariateRealOptimizer:optimize:261, 0.0
org.apache.commons.math.optimization.MultiStartUnivariateRealOptimizer:setRelativeAccuracy:162, 0.0
org.apache.commons.math.optimization.MultiStartUnivariateRealOptimizer:setRelativeAccuracy:161, 0.0
org.apache.commons.math.optimization.MultiStartUnivariateRealOptimizer:getResult:96, 0.0
org.apache.commons.math.optimization.MultiStartUnivariateRealOptimizer:getOptima:195, 0.0
org.apache.commons.math.optimization.MultiStartUnivariateRealOptimizer:optimize:273, 0.0
org.apache.commons.math.optimization.MultiStartUnivariateRealOptimizer:optimize:239, 0.0
org.apache.commons.math.optimization.MultiStartUnivariateRealOptimizer:optimize:240, 0.0
org.apache.commons.math.optimization.MultiStartUnivariateRealOptimizer:optimize:300, 0.0
org.apache.commons.math.optimization.univariate.BrentOptimizer:<clinit>:37, 0.0
org.apache.commons.math.optimization.univariate.AbstractUnivariateRealOptimizer:getFunctionValue:85, 0.0
org.apache.commons.math.optimization.univariate.AbstractUnivariateRealOptimizer:getFunctionValue:84, 0.0
org.apache.commons.math.optimization.MultiStartUnivariateRealOptimizer:setMaxEvaluations:156, 0.0
org.apache.commons.math.optimization.MultiStartUnivariateRealOptimizer:setMaxEvaluations:157, 0.0
org.apache.commons.math.optimization.MultiStartUnivariateRealOptimizer:optimize:287, 0.0
org.apache.commons.math.optimization.MultiStartUnivariateRealOptimizer:optimize:286, 0.0
org.apache.commons.math.optimization.MultiStartUnivariateRealOptimizer:getOptima:192, 0.0
org.apache.commons.math.optimization.MultiStartUnivariateRealOptimizer:optimize:275, 0.0
org.apache.commons.math.optimization.MultiStartUnivariateRealOptimizer:optimize:274, 0.0
org.apache.commons.math.optimization.MultiStartUnivariateRealOptimizer:optimize:276, 0.0
org.apache.commons.math.optimization.MultiStartUnivariateRealOptimizer:optimize:255, 0.0
org.apache.commons.math.optimization.MultiStartUnivariateRealOptimizer:optimize:256, 0.0
org.apache.commons.math.optimization.MultiStartUnivariateRealOptimizer:getOptima:193, 0.0
org.apache.commons.math.optimization.MultiStartUnivariateRealOptimizer:optimize:307, 0.0
org.apache.commons.math.optimization.MultiStartUnivariateRealOptimizer:<init>:85, 0.0
org.apache.commons.math.optimization.MultiStartUnivariateRealOptimizer:<init>:84, 0.0
org.apache.commons.math.optimization.MultiStartUnivariateRealOptimizer:<init>:87, 0.0
org.apache.commons.math.optimization.MultiStartUnivariateRealOptimizer:<init>:86, 0.0
org.apache.commons.math.optimization.MultiStartUnivariateRealOptimizer:<init>:81, 0.0
org.apache.commons.math.optimization.MultiStartUnivariateRealOptimizer:<init>:80, 0.0
org.apache.commons.math.optimization.MultiStartUnivariateRealOptimizer:<init>:83, 0.0
org.apache.commons.math.optimization.MultiStartUnivariateRealOptimizer:<init>:82, 0.0
org.apache.commons.math.optimization.MultiStartUnivariateRealOptimizer:<init>:79, 0.0
org.apache.commons.math.optimization.MultiStartUnivariateRealOptimizer:optimize:283, 0.0
org.apache.commons.math.optimization.MultiStartUnivariateRealOptimizer:optimize:285, 0.0
org.apache.commons.math.optimization.MultiStartUnivariateRealOptimizer:optimize:284, 0.0
org.apache.commons.math.optimization.MultiStartUnivariateRealOptimizer:optimize:281, 0.0
org.apache.commons.math.optimization.MultiStartUnivariateRealOptimizer:optimize:280, 0.0
org.apache.commons.math.optimization.MultiStartUnivariateRealOptimizer:optimize:279, 0.0
org.apache.commons.math.optimization.univariate.AbstractUnivariateRealOptimizer:checkResultComputed:74, 0.0
org.apache.commons.math.optimization.MultiStartUnivariateRealOptimizer:optimize:246, 0.0
org.apache.commons.math.optimization.MultiStartUnivariateRealOptimizer:optimize:253, 0.0
org.apache.commons.math.optimization.MultiStartUnivariateRealOptimizer:optimize:243, 0.0
org.apache.commons.math.optimization.MultiStartUnivariateRealOptimizer:getOptimaValues:219, 0.0
org.apache.commons.math.optimization.MultiStartUnivariateRealOptimizer:optimize:272, 0.0
org.apache.commons.math.optimization.MultiStartUnivariateRealOptimizer:optimize:271, 0.0
org.apache.commons.math.optimization.MultiStartUnivariateRealOptimizer:getAbsoluteAccuracy:101, 0.0
org.apache.commons.math.optimization.MultiStartUnivariateRealOptimizer:getOptimaValues:218, 0.0
org.apache.commons.math.optimization.general.NonLinearConjugateGradientOptimizer:setLineSearchSolver:92, 0.0
org.apache.commons.math.optimization.general.NonLinearConjugateGradientOptimizer:setLineSearchSolver:91, 0.0
org.apache.commons.math.analysis.polynomials.PolynomialFunction:toString:299, 0.0
org.apache.commons.math.analysis.polynomials.PolynomialFunction:toString:287, 0.0
org.apache.commons.math.analysis.polynomials.PolynomialFunction:toString:286, 0.0
org.apache.commons.math.analysis.polynomials.PolynomialFunction:toString:295, 0.0
org.apache.commons.math.analysis.polynomials.PolynomialFunction:add:154, 0.0
org.apache.commons.math.analysis.polynomials.PolynomialFunction:toString:306, 0.0
org.apache.commons.math.analysis.polynomials.PolynomialFunction:toString:326, 0.0
org.apache.commons.math.analysis.polynomials.PolynomialFunction:add:146, 0.0
org.apache.commons.math.analysis.polynomials.PolynomialFunction:add:147, 0.0
org.apache.commons.math.analysis.polynomials.PolynomialFunction:add:150, 0.0
org.apache.commons.math.analysis.polynomials.PolynomialFunction:add:151, 0.0
org.apache.commons.math.analysis.polynomials.PolynomialFunction:toString:313, 0.0
org.apache.commons.math.analysis.polynomials.PolynomialFunction:toString:314, 0.0
org.apache.commons.math.analysis.polynomials.PolynomialFunction:add:152, 0.0
org.apache.commons.math.analysis.polynomials.PolynomialFunction:toString:300, 0.0
org.apache.commons.math.analysis.polynomials.PolynomialFunction:toString:288, 0.0
org.apache.commons.math.analysis.polynomials.PolynomialFunction:toString:297, 0.0
org.apache.commons.math.analysis.polynomials.PolynomialFunction:toString:292, 0.0
org.apache.commons.math.analysis.polynomials.PolynomialFunction:add:160, 0.0
org.apache.commons.math.analysis.polynomials.PolynomialFunction:toString:303, 0.0
org.apache.commons.math.analysis.polynomials.PolynomialFunction:toString:307, 0.0
org.apache.commons.math.analysis.polynomials.PolynomialFunction:toString:312, 0.0
org.apache.commons.math.analysis.polynomials.PolynomialFunction:toString:311, 0.0
org.apache.commons.math.analysis.polynomials.PolynomialFunction:toString:317, 0.0
org.apache.commons.math.analysis.polynomials.PolynomialFunction:toString:318, 0.0
org.apache.commons.math.analysis.polynomials.PolynomialFunction:subtract:189, 0.0
org.apache.commons.math.analysis.polynomials.PolynomialFunction:toString:301, 0.0
org.apache.commons.math.analysis.polynomials.PolynomialFunction:subtract:176, 0.0
org.apache.commons.math.analysis.polynomials.PolynomialFunction:subtract:177, 0.0
org.apache.commons.math.analysis.polynomials.PolynomialFunction:subtract:173, 0.0
org.apache.commons.math.analysis.polynomials.PolynomialFunction:subtract:172, 0.0
org.apache.commons.math.analysis.polynomials.PolynomialFunction:subtract:178, 0.0
org.apache.commons.math.analysis.polynomials.PolynomialFunction:subtract:185, 0.0
org.apache.commons.math.analysis.polynomials.PolynomialFunction:subtract:180, 0.0
org.apache.commons.math.analysis.polynomials.PolynomialSplineFunction:<init>:109, 0.0
org.apache.commons.math.analysis.polynomials.PolynomialSplineFunction:getKnots:207, 0.0
org.apache.commons.math.analysis.polynomials.PolynomialSplineFunction:getKnots:206, 0.0
org.apache.commons.math.analysis.polynomials.PolynomialSplineFunction:getKnots:208, 0.0
org.apache.commons.math.analysis.polynomials.PolynomialSplineFunction:isStrictlyIncreasing:222, 0.0
org.apache.commons.math.analysis.polynomials.PolynomialSplineFunction:<init>:99, 0.0
org.apache.commons.math.analysis.polynomials.PolynomialSplineFunction:<init>:104, 0.0
org.apache.commons.math.analysis.polynomials.PolynomialSplineFunction:getN:180, 0.0
org.apache.commons.math.analysis.polynomials.PolynomialFunction:multiply:214, 0.0
org.apache.commons.math.analysis.polynomials.PolynomialFunction:multiply:217, 0.0
org.apache.commons.math.analysis.polynomials.PolynomialFunction:multiply:212, 0.0
org.apache.commons.math.analysis.polynomials.PolynomialFunction:multiply:218, 0.0
org.apache.commons.math.analysis.polynomials.PolynomialFunction:multiply:219, 0.0
org.apache.commons.math.analysis.polynomials.PolynomialFunction:multiply:223, 0.0
org.apache.commons.math.analysis.polynomials.PolynomialFunction:multiply:215, 0.0
org.apache.commons.math.analysis.polynomials.PolynomialFunction:multiply:216, 0.0
org.apache.commons.math.analysis.polynomials.PolynomialsUtils$2:generate:124, 0.0
org.apache.commons.math.analysis.polynomials.PolynomialsUtils$2:<init>:121, 0.0
org.apache.commons.math.analysis.polynomials.PolynomialsUtils:createHermitePolynomial:120, 0.0
org.apache.commons.math.analysis.polynomials.PolynomialsUtils$4:<init>:174, 0.0
org.apache.commons.math.fraction.BigFraction:add:527, 0.0
org.apache.commons.math.fraction.BigFraction:add:528, 0.0
org.apache.commons.math.analysis.polynomials.PolynomialsUtils$4:generate:178, 0.0
org.apache.commons.math.analysis.polynomials.PolynomialsUtils$4:generate:177, 0.0
org.apache.commons.math.analysis.polynomials.PolynomialsUtils:createLegendrePolynomial:173, 0.0
org.apache.commons.math.analysis.polynomials.PolynomialsUtils$3:<init>:147, 0.0
org.apache.commons.math.analysis.polynomials.PolynomialsUtils:createLaguerrePolynomial:146, 0.0
org.apache.commons.math.analysis.polynomials.PolynomialsUtils$3:generate:150, 0.0
org.apache.commons.math.analysis.polynomials.PolynomialsUtils$3:generate:151, 0.0
org.apache.commons.math.analysis.polynomials.PolynomialFunction:toString:320, 0.0
org.apache.commons.math.analysis.polynomials.PolynomialFunction:toString:319, 0.0
org.apache.commons.math.analysis.polynomials.PolynomialFunction:toString:289, 0.0
org.apache.commons.math.analysis.solvers.BisectionSolver:<init>:44, 0.0
org.apache.commons.math.analysis.solvers.BisectionSolver:<init>:45, 0.0
org.apache.commons.math.analysis.solvers.BisectionSolver:solve:102, 0.0
org.apache.commons.math.analysis.solvers.BisectionSolver:solve:100, 0.0
org.apache.commons.math.analysis.solvers.BisectionSolver:solve:101, 0.0
org.apache.commons.math.analysis.solvers.BisectionSolver:solve:104, 0.0
org.apache.commons.math.analysis.solvers.BisectionSolver:solve:66, 0.0
org.apache.commons.math.analysis.solvers.BisectionSolver:solve:99, 0.0
org.apache.commons.math.analysis.solvers.BisectionSolver:solve:96, 0.0
org.apache.commons.math.analysis.solvers.UnivariateRealSolverUtils:midpoint:223, 0.0
org.apache.commons.math.analysis.solvers.BisectionSolver:solve:86, 0.0
org.apache.commons.math.analysis.solvers.BisectionSolver:solve:87, 0.0
org.apache.commons.math.analysis.solvers.BisectionSolver:solve:89, 0.0
org.apache.commons.math.analysis.solvers.BisectionSolver:solve:88, 0.0
org.apache.commons.math.analysis.solvers.BisectionSolver:solve:91, 0.0
org.apache.commons.math.analysis.solvers.BisectionSolver:solve:93, 0.0
org.apache.commons.math.analysis.solvers.BisectionSolver:solve:85, 0.0
org.apache.commons.math.analysis.solvers.BisectionSolver:solve:79, 0.0
org.apache.commons.math.analysis.solvers.BisectionSolver:solve:80, 0.0
org.apache.commons.math.analysis.solvers.BisectionSolver:solve:72, 0.0
org.apache.commons.math.analysis.solvers.UnivariateRealSolverImpl:checkResultComputed:102, 0.0
org.apache.commons.math.analysis.solvers.UnivariateRealSolverImpl:getResult:110, 0.0
org.apache.commons.math.analysis.solvers.UnivariateRealSolverImpl:getResult:109, 0.0
org.apache.commons.math.analysis.solvers.UnivariateRealSolverImpl:checkResultComputed:105, 0.0
org.apache.commons.math.ConvergingAlgorithmImpl:resetAbsoluteAccuracy:89, 0.0
org.apache.commons.math.ConvergingAlgorithmImpl:resetAbsoluteAccuracy:88, 0.0
org.apache.commons.math.analysis.solvers.UnivariateRealSolverImpl:getFunctionValueAccuracy:126, 0.0
org.apache.commons.math.analysis.solvers.UnivariateRealSolverImpl:setFunctionValueAccuracy:122, 0.0
org.apache.commons.math.analysis.solvers.UnivariateRealSolverImpl:setFunctionValueAccuracy:121, 0.0
org.apache.commons.math.analysis.solvers.UnivariateRealSolverImpl:resetFunctionValueAccuracy:131, 0.0
org.apache.commons.math.analysis.solvers.UnivariateRealSolverImpl:resetFunctionValueAccuracy:132, 0.0
org.apache.commons.math.ConvergingAlgorithmImpl:getMaximalIterationCount:98, 0.0
org.apache.commons.math.ConvergingAlgorithmImpl:resetMaximalIterationCount:103, 0.0
org.apache.commons.math.ConvergingAlgorithmImpl:resetMaximalIterationCount:104, 0.0
org.apache.commons.math.analysis.solvers.BrentSolver:solve:172, 0.0
org.apache.commons.math.analysis.solvers.BrentSolver:solve:149, 0.0
org.apache.commons.math.analysis.solvers.BrentSolver:solve:150, 0.0
org.apache.commons.math.analysis.solvers.BrentSolver:solve:156, 0.0
org.apache.commons.math.analysis.solvers.BrentSolver:solve:135, 0.0
org.apache.commons.math.analysis.solvers.BrentSolver:solve:134, 0.0
org.apache.commons.math.analysis.solvers.BrentSolver:solve:168, 0.0
org.apache.commons.math.analysis.solvers.BrentSolver:solve:162, 0.0
org.apache.commons.math.analysis.solvers.BrentSolver:solve:161, 0.0
org.apache.commons.math.analysis.solvers.BrentSolver:solve:211, 0.0
org.apache.commons.math.analysis.solvers.BrentSolver:solve:143, 0.0
org.apache.commons.math.analysis.solvers.BrentSolver:solve:142, 0.0
org.apache.commons.math.analysis.solvers.BrentSolver:solve:219, 0.0
org.apache.commons.math.analysis.solvers.BrentSolver:solve:214, 0.0
org.apache.commons.math.analysis.solvers.SecantSolver:solve:171, 0.0
org.apache.commons.math.analysis.solvers.SecantSolver:solve:170, 0.0
org.apache.commons.math.analysis.solvers.SecantSolver:solve:169, 0.0
org.apache.commons.math.analysis.solvers.SecantSolver:solve:173, 0.0
org.apache.commons.math.analysis.solvers.SecantSolver:solve:172, 0.0
org.apache.commons.math.analysis.solvers.SecantSolver:solve:158, 0.0
org.apache.commons.math.analysis.solvers.BrentSolver:<init>:65, 0.0
org.apache.commons.math.analysis.solvers.BrentSolver:<init>:66, 0.0
org.apache.commons.math.analysis.solvers.SecantSolver:solve:148, 0.0
org.apache.commons.math.analysis.solvers.SecantSolver:<init>:55, 0.0
org.apache.commons.math.analysis.solvers.SecantSolver:<init>:54, 0.0
org.apache.commons.math.analysis.solvers.SecantSolver:solve:137, 0.0
org.apache.commons.math.analysis.solvers.SecantSolver:solve:136, 0.0
org.apache.commons.math.analysis.solvers.SecantSolver:solve:138, 0.0
org.apache.commons.math.analysis.solvers.SecantSolver:solve:135, 0.0
org.apache.commons.math.analysis.solvers.SecantSolver:solve:154, 0.0
org.apache.commons.math.analysis.solvers.SecantSolver:solve:155, 0.0
org.apache.commons.math.analysis.solvers.SecantSolver:solve:144, 0.0
org.apache.commons.math.analysis.solvers.SecantSolver:solve:145, 0.0
org.apache.commons.math.analysis.solvers.SecantSolver:solve:146, 0.0
org.apache.commons.math.analysis.solvers.SecantSolver:solve:141, 0.0
org.apache.commons.math.analysis.solvers.SecantSolver:solve:143, 0.0
org.apache.commons.math.analysis.solvers.SecantSolver:solve:142, 0.0
org.apache.commons.math.analysis.solvers.BrentSolver:solve:100, 0.0
org.apache.commons.math.analysis.solvers.SecantSolver:solve:176, 0.0
org.apache.commons.math.analysis.solvers.SecantSolver:solve:175, 0.0
org.apache.commons.math.analysis.solvers.SecantSolver:solve:139, 0.0
org.apache.commons.math.analysis.solvers.SecantSolver:solve:163, 0.0
org.apache.commons.math.analysis.solvers.SecantSolver:solve:162, 0.0
org.apache.commons.math.analysis.solvers.SecantSolver:solve:152, 0.0
org.apache.commons.math.analysis.solvers.SecantSolver:solve:115, 0.0
org.apache.commons.math.analysis.solvers.SecantSolver:solve:114, 0.0
org.apache.commons.math.analysis.solvers.SecantSolver:solve:128, 0.0
org.apache.commons.math.analysis.solvers.SecantSolver:solve:125, 0.0
org.apache.commons.math.analysis.solvers.SecantSolver:solve:124, 0.0
org.apache.commons.math.analysis.solvers.SecantSolver:solve:123, 0.0
org.apache.commons.math.analysis.solvers.SecantSolver:solve:122, 0.0
org.apache.commons.math.analysis.solvers.SecantSolver:solve:178, 0.0
org.apache.commons.math.analysis.solvers.SecantSolver:solve:179, 0.0
org.apache.commons.math.analysis.solvers.SecantSolver:solve:180, 0.0
org.apache.commons.math.analysis.solvers.SecantSolver:solve:140, 0.0
org.apache.commons.math.analysis.solvers.SecantSolver:solve:149, 0.0
org.apache.commons.math.analysis.solvers.SecantSolver:solve:150, 0.0
org.apache.commons.math.analysis.solvers.SecantSolver:solve:68, 0.0
org.apache.commons.math.analysis.solvers.BrentSolver:solve:136, 0.0
org.apache.commons.math.analysis.solvers.BrentSolver:solve:144, 0.0
org.apache.commons.math.analysis.solvers.BrentSolver:solve:145, 0.0
org.apache.commons.math.analysis.solvers.BrentSolver:solve:169, 0.0
org.apache.commons.math.analysis.solvers.UnivariateRealSolverFactory:<init>:44, 0.0
org.apache.commons.math.analysis.solvers.UnivariateRealSolverFactory:<init>:45, 0.0
org.apache.commons.math.analysis.solvers.SecantSolver:solve:166, 0.0
org.apache.commons.math.analysis.solvers.UnivariateRealSolverFactoryImpl:newDefaultSolver:38, 0.0
org.apache.commons.math.analysis.solvers.UnivariateRealSolverUtils:setup:235, 0.0
org.apache.commons.math.analysis.solvers.UnivariateRealSolverFactory:newInstance:52, 0.0
org.apache.commons.math.analysis.solvers.SecantSolver:<init>:62, 0.0
org.apache.commons.math.analysis.solvers.SecantSolver:<init>:61, 0.0
org.apache.commons.math.analysis.solvers.UnivariateRealSolverUtils:setup:232, 0.0
org.apache.commons.math.analysis.solvers.UnivariateRealSolverUtils$LazyHolder:access$000:241, 0.0
org.apache.commons.math.analysis.solvers.UnivariateRealSolverFactoryImpl:newBrentSolver:50, 0.0
org.apache.commons.math.analysis.solvers.UnivariateRealSolverUtils$LazyHolder:<clinit>:243, 0.0
org.apache.commons.math.analysis.solvers.UnivariateRealSolverUtils:solve:59, 0.0
org.apache.commons.math.analysis.solvers.UnivariateRealSolverUtils:solve:58, 0.0
org.apache.commons.math.analysis.solvers.SecantSolver:solve:160, 0.0
org.apache.commons.math.analysis.solvers.UnivariateRealSolverFactoryImpl:<init>:32, 0.0
org.apache.commons.math.analysis.solvers.UnivariateRealSolverFactoryImpl:<init>:33, 0.0
org.apache.commons.math.analysis.solvers.BrentSolver:solve:215, 0.0
org.apache.commons.math.analysis.solvers.BrentSolver:solve:216, 0.0
org.apache.commons.math.analysis.solvers.BrentSolver:solve:152, 0.0
org.apache.commons.math.analysis.solvers.BrentSolver:solve:151, 0.0
org.apache.commons.math.analysis.solvers.BrentSolver:solve:163, 0.0
org.apache.commons.math.analysis.solvers.BrentSolver:solve:164, 0.0
org.apache.commons.math.analysis.solvers.LaguerreSolver:solveAll:242, 0.0
org.apache.commons.math.analysis.solvers.LaguerreSolver:solveAll:240, 0.0
org.apache.commons.math.analysis.solvers.LaguerreSolver:solveAll:241, 0.0
org.apache.commons.math.analysis.solvers.LaguerreSolver:solveAll:245, 0.0
org.apache.commons.math.analysis.solvers.LaguerreSolver:solveAll:243, 0.0
org.apache.commons.math.analysis.solvers.MullerSolver:solve:192, 0.0
org.apache.commons.math.analysis.solvers.MullerSolver:solve:154, 0.0
org.apache.commons.math.analysis.solvers.MullerSolver:solve:199, 0.0
org.apache.commons.math.analysis.solvers.MullerSolver:solve:196, 0.0
org.apache.commons.math.analysis.solvers.MullerSolver:solve:171, 0.0
org.apache.commons.math.analysis.solvers.MullerSolver:solve:170, 0.0
org.apache.commons.math.analysis.solvers.MullerSolver:solve:169, 0.0
org.apache.commons.math.analysis.solvers.MullerSolver:solve:168, 0.0
org.apache.commons.math.analysis.solvers.MullerSolver:solve:174, 0.0
org.apache.commons.math.analysis.solvers.MullerSolver:solve:167, 0.0
org.apache.commons.math.analysis.solvers.MullerSolver:solve:166, 0.0
org.apache.commons.math.analysis.solvers.MullerSolver:solve:165, 0.0
org.apache.commons.math.analysis.solvers.MullerSolver:solve:160, 0.0
org.apache.commons.math.analysis.solvers.MullerSolver:solve:197, 0.0
org.apache.commons.math.analysis.solvers.MullerSolver:solve:198, 0.0
org.apache.commons.math.analysis.solvers.MullerSolver:solve:180, 0.0
org.apache.commons.math.analysis.solvers.MullerSolver:solve:181, 0.0
org.apache.commons.math.analysis.solvers.MullerSolver:solve:200, 0.0
org.apache.commons.math.analysis.solvers.MullerSolver:<init>:51, 0.0
org.apache.commons.math.analysis.solvers.MullerSolver:<init>:52, 0.0
org.apache.commons.math.analysis.solvers.MullerSolver:solve:65, 0.0
org.apache.commons.math.analysis.solvers.MullerSolver:solve:201, 0.0
org.apache.commons.math.analysis.solvers.MullerSolver:solve:202, 0.0
org.apache.commons.math.analysis.solvers.MullerSolver:solve:183, 0.0
org.apache.commons.math.analysis.solvers.MullerSolver:solve:157, 0.0
org.apache.commons.math.analysis.solvers.MullerSolver:solve:159, 0.0
org.apache.commons.math.analysis.solvers.MullerSolver:solve:143, 0.0
org.apache.commons.math.analysis.solvers.MullerSolver:solve:144, 0.0
org.apache.commons.math.analysis.solvers.MullerSolver:solve:145, 0.0
org.apache.commons.math.analysis.solvers.MullerSolver:solve:146, 0.0
org.apache.commons.math.analysis.solvers.MullerSolver:solve:147, 0.0
org.apache.commons.math.analysis.solvers.MullerSolver:solve:148, 0.0
org.apache.commons.math.analysis.solvers.MullerSolver:solve:151, 0.0
org.apache.commons.math.analysis.solvers.MullerSolver:solve:178, 0.0
org.apache.commons.math.analysis.solvers.MullerSolver:solve:179, 0.0
org.apache.commons.math.analysis.solvers.MullerSolver:solve:175, 0.0
org.apache.commons.math.analysis.solvers.MullerSolver:solve2:249, 0.0
org.apache.commons.math.analysis.solvers.MullerSolver:solve2:312, 0.0
org.apache.commons.math.analysis.solvers.MullerSolver:solve2:299, 0.0
org.apache.commons.math.analysis.solvers.MullerSolver:solve2:315, 0.0
org.apache.commons.math.analysis.solvers.MullerSolver:solve2:318, 0.0
org.apache.commons.math.analysis.solvers.MullerSolver:solve2:334, 0.0
org.apache.commons.math.analysis.solvers.MullerSolver:solve2:335, 0.0
org.apache.commons.math.analysis.solvers.MullerSolver:solve2:321, 0.0
org.apache.commons.math.analysis.solvers.MullerSolver:solve2:305, 0.0
org.apache.commons.math.analysis.solvers.MullerSolver:solve2:304, 0.0
org.apache.commons.math.analysis.solvers.MullerSolver:solve2:308, 0.0
org.apache.commons.math.analysis.solvers.MullerSolver:solve2:301, 0.0
org.apache.commons.math.analysis.solvers.MullerSolver:solve2:302, 0.0
org.apache.commons.math.analysis.solvers.MullerSolver:solve2:303, 0.0
org.apache.commons.math.analysis.solvers.MullerSolver:solve2:296, 0.0
org.apache.commons.math.analysis.solvers.MullerSolver:solve2:298, 0.0
org.apache.commons.math.analysis.solvers.MullerSolver:solve2:295, 0.0
org.apache.commons.math.analysis.solvers.MullerSolver:solve2:313, 0.0
org.apache.commons.math.analysis.solvers.MullerSolver:solve2:288, 0.0
org.apache.commons.math.analysis.solvers.MullerSolver:solve2:289, 0.0
org.apache.commons.math.analysis.solvers.MullerSolver:solve2:290, 0.0
org.apache.commons.math.analysis.solvers.MullerSolver:solve2:291, 0.0
org.apache.commons.math.analysis.solvers.MullerSolver:solve2:294, 0.0
org.apache.commons.math.analysis.solvers.MullerSolver:solve2:287, 0.0
org.apache.commons.math.analysis.solvers.MullerSolver:solve2:286, 0.0
org.apache.commons.math.analysis.solvers.MullerSolver:solve2:317, 0.0
org.apache.commons.math.analysis.solvers.MullerSolver:solve2:337, 0.0
org.apache.commons.math.analysis.solvers.MullerSolver:solve2:343, 0.0
org.apache.commons.math.analysis.solvers.MullerSolver:solve2:349, 0.0
org.apache.commons.math.analysis.solvers.MullerSolver:solve2:348, 0.0
org.apache.commons.math.analysis.solvers.MullerSolver:solve2:347, 0.0
org.apache.commons.math.analysis.solvers.MullerSolver:solve2:346, 0.0
org.apache.commons.math.analysis.solvers.MullerSolver:solve2:345, 0.0
org.apache.commons.math.analysis.solvers.MullerSolver:solve2:344, 0.0
org.apache.commons.math.analysis.solvers.MullerSolver:solve2:311, 0.0
org.apache.commons.math.analysis.solvers.MullerSolver:solve2:310, 0.0
org.apache.commons.math.analysis.solvers.MullerSolver:solve2:332, 0.0
org.apache.commons.math.analysis.solvers.MullerSolver:solve2:333, 0.0
org.apache.commons.math.analysis.solvers.MullerSolver:solve2:329, 0.0
org.apache.commons.math.util.MathUtils:sign:1380, 0.0
org.apache.commons.math.util.MathUtils:sign:1377, 0.0
org.apache.commons.math.analysis.solvers.MullerSolver:solve:205, 0.0
org.apache.commons.math.analysis.solvers.MullerSolver:solve:204, 0.0
org.apache.commons.math.analysis.solvers.MullerSolver:solve:206, 0.0
org.apache.commons.math.analysis.solvers.MullerSolver:<init>:59, 0.0
org.apache.commons.math.analysis.solvers.MullerSolver:<init>:58, 0.0
org.apache.commons.math.analysis.solvers.MullerSolver:solve:212, 0.0
org.apache.commons.math.analysis.solvers.MullerSolver:solve:213, 0.0
org.apache.commons.math.analysis.solvers.MullerSolver:solve:211, 0.0
org.apache.commons.math.analysis.solvers.MullerSolver:solve:209, 0.0
org.apache.commons.math.analysis.solvers.MullerSolver:solve:207, 0.0
org.apache.commons.math.analysis.solvers.MullerSolver:solve2:322, 0.0
org.apache.commons.math.analysis.solvers.NewtonSolver:solve:127, 0.0
org.apache.commons.math.analysis.solvers.NewtonSolver:solve:126, 0.0
org.apache.commons.math.analysis.solvers.NewtonSolver:solve:118, 0.0
org.apache.commons.math.analysis.solvers.NewtonSolver:solve:61, 0.0
org.apache.commons.math.analysis.solvers.NewtonSolver:solve:123, 0.0
org.apache.commons.math.analysis.solvers.NewtonSolver:solve:122, 0.0
org.apache.commons.math.analysis.solvers.UnivariateRealSolverImpl:verifySequence:230, 0.0
org.apache.commons.math.analysis.solvers.NewtonSolver:<init>:46, 0.0
org.apache.commons.math.analysis.solvers.NewtonSolver:<init>:47, 0.0
org.apache.commons.math.analysis.solvers.NewtonSolver:solve:111, 0.0
org.apache.commons.math.analysis.solvers.NewtonSolver:solve:117, 0.0
org.apache.commons.math.analysis.solvers.NewtonSolver:solve:109, 0.0
org.apache.commons.math.analysis.solvers.NewtonSolver:solve:114, 0.0
org.apache.commons.math.analysis.solvers.NewtonSolver:solve:112, 0.0
org.apache.commons.math.analysis.solvers.UnivariateRealSolverImpl:verifySequence:225, 0.0
org.apache.commons.math.analysis.solvers.NewtonSolver:solve:121, 0.0
org.apache.commons.math.analysis.solvers.NewtonSolver:solve:120, 0.0
org.apache.commons.math.analysis.solvers.NewtonSolver:solve:86, 0.0
org.apache.commons.math.analysis.solvers.NewtonSolver:<init>:54, 0.0
org.apache.commons.math.analysis.solvers.NewtonSolver:<init>:53, 0.0
org.apache.commons.math.analysis.solvers.RiddersSolver:solve:146, 0.0
org.apache.commons.math.analysis.solvers.RiddersSolver:solve:147, 0.0
org.apache.commons.math.analysis.solvers.RiddersSolver:solve:148, 0.0
org.apache.commons.math.analysis.solvers.RiddersSolver:solve:162, 0.0
org.apache.commons.math.analysis.solvers.RiddersSolver:solve:161, 0.0
org.apache.commons.math.analysis.solvers.RiddersSolver:solve:140, 0.0
org.apache.commons.math.analysis.solvers.RiddersSolver:solve:143, 0.0
org.apache.commons.math.analysis.solvers.RiddersSolver:solve:142, 0.0
org.apache.commons.math.analysis.solvers.RiddersSolver:solve:137, 0.0
org.apache.commons.math.analysis.solvers.RiddersSolver:solve:129, 0.0
org.apache.commons.math.analysis.solvers.RiddersSolver:solve:128, 0.0
org.apache.commons.math.analysis.solvers.RiddersSolver:solve:131, 0.0
org.apache.commons.math.analysis.solvers.RiddersSolver:solve:130, 0.0
org.apache.commons.math.analysis.solvers.RiddersSolver:solve:134, 0.0
org.apache.commons.math.analysis.solvers.RiddersSolver:solve:172, 0.0
org.apache.commons.math.analysis.solvers.RiddersSolver:solve:193, 0.0
org.apache.commons.math.analysis.solvers.RiddersSolver:solve:192, 0.0
org.apache.commons.math.analysis.solvers.RiddersSolver:solve:194, 0.0
org.apache.commons.math.analysis.solvers.RiddersSolver:solve:178, 0.0
org.apache.commons.math.analysis.solvers.RiddersSolver:solve:179, 0.0
org.apache.commons.math.analysis.solvers.RiddersSolver:solve:176, 0.0
org.apache.commons.math.analysis.solvers.RiddersSolver:solve:177, 0.0
org.apache.commons.math.analysis.solvers.RiddersSolver:solve:144, 0.0
org.apache.commons.math.analysis.solvers.RiddersSolver:solve:152, 0.0
org.apache.commons.math.analysis.solvers.RiddersSolver:solve:153, 0.0
org.apache.commons.math.analysis.solvers.RiddersSolver:solve:160, 0.0
org.apache.commons.math.analysis.solvers.RiddersSolver:solve:155, 0.0
org.apache.commons.math.analysis.solvers.RiddersSolver:solve:156, 0.0
org.apache.commons.math.analysis.solvers.RiddersSolver:solve:159, 0.0
org.apache.commons.math.analysis.solvers.RiddersSolver:solve:64, 0.0
org.apache.commons.math.analysis.solvers.RiddersSolver:<init>:51, 0.0
org.apache.commons.math.analysis.solvers.RiddersSolver:<init>:50, 0.0
org.apache.commons.math.analysis.solvers.RiddersSolver:solve:171, 0.0
org.apache.commons.math.analysis.solvers.RiddersSolver:solve:164, 0.0
org.apache.commons.math.analysis.solvers.RiddersSolver:solve:174, 0.0
org.apache.commons.math.analysis.solvers.RiddersSolver:solve:173, 0.0
org.apache.commons.math.analysis.solvers.RiddersSolver:solve:182, 0.0
org.apache.commons.math.analysis.solvers.RiddersSolver:solve:184, 0.0
org.apache.commons.math.analysis.solvers.RiddersSolver:solve:183, 0.0
org.apache.commons.math.analysis.solvers.RiddersSolver:<init>:58, 0.0
org.apache.commons.math.analysis.solvers.RiddersSolver:<init>:57, 0.0
org.apache.commons.math.analysis.solvers.RiddersSolver:solve:186, 0.0
org.apache.commons.math.analysis.solvers.RiddersSolver:solve:187, 0.0
org.apache.commons.math.analysis.solvers.RiddersSolver:solve:188, 0.0
org.apache.commons.math.analysis.solvers.RiddersSolver:solve:189, 0.0
org.apache.commons.math.analysis.solvers.UnivariateRealSolverFactoryImpl:newBisectionSolver:44, 0.0
org.apache.commons.math.analysis.solvers.UnivariateRealSolverFactoryImpl:newNewtonSolver:56, 0.0
org.apache.commons.math.analysis.solvers.UnivariateRealSolverFactoryImpl:newSecantSolver:62, 0.0
org.apache.commons.math.analysis.solvers.UnivariateRealSolverUtils:solve:85, 0.0
org.apache.commons.math.analysis.solvers.UnivariateRealSolverUtils:solve:84, 0.0
org.apache.commons.math.analysis.solvers.UnivariateRealSolverUtils:solve:83, 0.0
org.apache.commons.math.analysis.solvers.UnivariateRealSolverUtils:solve:82, 0.0
org.apache.commons.math.analysis.solvers.BrentSolver:solve:228, 0.0
org.apache.commons.math.analysis.solvers.BrentSolver:solve:227, 0.0
org.apache.commons.math.special.Beta:regularizedBeta:125, 0.0
org.apache.commons.math.special.Beta:logBeta:192, 0.0
org.apache.commons.math.special.Gamma:logGamma:103, 0.0
org.apache.commons.math.special.Beta:regularizedBeta:121, 0.0
org.apache.commons.math.analysis.solvers.UnivariateRealSolverUtils:bracket:187, 0.0
org.apache.commons.math.analysis.solvers.UnivariateRealSolverUtils:bracket:191, 0.0
org.apache.commons.math.analysis.solvers.UnivariateRealSolverUtils:bracket:188, 0.0
org.apache.commons.math.analysis.solvers.UnivariateRealSolverUtils:bracket:175, 0.0
org.apache.commons.math.distribution.BetaDistributionImpl:getSolverAbsoluteAccuracy:220, 0.0
org.apache.commons.math.distribution.BetaDistributionImpl:cumulativeProbability:196, 0.0
org.apache.commons.math.util.ContinuedFraction:evaluate:129, 0.0
org.apache.commons.math.util.ContinuedFraction:evaluate:128, 0.0
org.apache.commons.math.util.ContinuedFraction:evaluate:131, 0.0
org.apache.commons.math.util.ContinuedFraction:evaluate:130, 0.0
org.apache.commons.math.util.ContinuedFraction:evaluate:133, 0.0
org.apache.commons.math.util.ContinuedFraction:evaluate:132, 0.0
org.apache.commons.math.util.ContinuedFraction:evaluate:134, 0.0
org.apache.commons.math.distribution.BetaDistributionImpl:<init>:84, 0.0
org.apache.commons.math.distribution.BetaDistributionImpl:<init>:83, 0.0
org.apache.commons.math.special.Gamma:logGamma:104, 0.0
org.apache.commons.math.special.Beta:regularizedBeta:126, 0.0
org.apache.commons.math.special.Beta:regularizedBeta:54, 0.0
org.apache.commons.math.analysis.solvers.UnivariateRealSolverUtils:bracket:132, 0.0
org.apache.commons.math.util.ContinuedFraction:evaluate:205, 0.0
org.apache.commons.math.special.Beta$1:getB:139, 0.0
org.apache.commons.math.special.Beta$1:getB:140, 0.0
org.apache.commons.math.distribution.BetaDistributionImpl:getInitialDomain:179, 0.0
org.apache.commons.math.distribution.BetaDistributionImpl:inverseCumulativeProbability:167, 0.0
org.apache.commons.math.special.Beta$1:<init>:128, 0.0
org.apache.commons.math.analysis.solvers.UnivariateRealSolverUtils:bracket:178, 0.0
org.apache.commons.math.distribution.AbstractContinuousDistribution$1:value:93, 0.0
org.apache.commons.math.distribution.AbstractContinuousDistribution$1:value:96, 0.0
org.apache.commons.math.distribution.AbstractContinuousDistribution$1:value:91, 0.0
org.apache.commons.math.distribution.BetaDistributionImpl:cumulativeProbability:198, 0.0
org.apache.commons.math.util.ContinuedFraction:evaluate:135, 0.0
org.apache.commons.math.special.Beta$1:getB:143, 0.0
org.apache.commons.math.analysis.solvers.UnivariateRealSolverUtils:bracket:196, 0.0
org.apache.commons.math.analysis.solvers.UnivariateRealSolverUtils:bracket:199, 0.0
org.apache.commons.math.analysis.solvers.UnivariateRealSolverUtils:bracket:198, 0.0
org.apache.commons.math.analysis.solvers.UnivariateRealSolverUtils:bracket:200, 0.0
org.apache.commons.math.analysis.solvers.UnivariateRealSolverUtils:bracket:195, 0.0
org.apache.commons.math.analysis.solvers.UnivariateRealSolverUtils:bracket:194, 0.0
org.apache.commons.math.distribution.BetaDistributionImpl:getDomainLowerBound:185, 0.0
org.apache.commons.math.special.Gamma:logGamma:102, 0.0
org.apache.commons.math.special.Gamma:logGamma:100, 0.0
org.apache.commons.math.distribution.AbstractContinuousDistribution:<init>:54, 0.0
org.apache.commons.math.distribution.AbstractContinuousDistribution:<init>:47, 0.0
org.apache.commons.math.distribution.AbstractContinuousDistribution:<init>:53, 0.0
org.apache.commons.math.distribution.BetaDistributionImpl:cumulativeProbability:197, 0.0
org.apache.commons.math.distribution.BetaDistributionImpl:getDomainUpperBound:191, 0.0
org.apache.commons.math.distribution.AbstractContinuousDistribution$1:<init>:89, 0.0
org.apache.commons.math.special.Beta:logBeta:199, 0.0
org.apache.commons.math.special.Beta$1:getB:134, 0.0
org.apache.commons.math.distribution.BetaDistributionImpl:cumulativeProbability:199, 0.0
org.apache.commons.math.analysis.solvers.UnivariateRealSolverUtils:bracket:182, 0.0
org.apache.commons.math.distribution.AbstractContinuousDistribution$1:value:97, 0.0
org.apache.commons.math.distribution.BetaDistributionImpl:inverseCumulativeProbability:169, 0.0
org.apache.commons.math.util.ContinuedFraction:evaluate:199, 0.0
org.apache.commons.math.distribution.AbstractContinuousDistribution:inverseCumulativeProbability:127, 0.0
org.apache.commons.math.distribution.AbstractContinuousDistribution:inverseCumulativeProbability:110, 0.0
org.apache.commons.math.distribution.AbstractContinuousDistribution:inverseCumulativeProbability:108, 0.0
org.apache.commons.math.distribution.AbstractContinuousDistribution:inverseCumulativeProbability:106, 0.0
org.apache.commons.math.distribution.AbstractContinuousDistribution:inverseCumulativeProbability:107, 0.0
org.apache.commons.math.distribution.AbstractContinuousDistribution:inverseCumulativeProbability:88, 0.0
org.apache.commons.math.util.ContinuedFraction:evaluate:142, 0.0
org.apache.commons.math.special.Gamma:logGamma:97, 0.0
org.apache.commons.math.special.Beta$1:getB:136, 0.0
org.apache.commons.math.special.Beta$1:getB:135, 0.0
org.apache.commons.math.special.Beta:logBeta:195, 0.0
org.apache.commons.math.distribution.BetaDistributionImpl:cumulativeProbability:201, 0.0
org.apache.commons.math.util.ContinuedFraction:evaluate:189, 0.0
org.apache.commons.math.util.ContinuedFraction:evaluate:197, 0.0
org.apache.commons.math.util.ContinuedFraction:evaluate:196, 0.0
org.apache.commons.math.util.ContinuedFraction:evaluate:193, 0.0
org.apache.commons.math.util.ContinuedFraction:evaluate:192, 0.0
org.apache.commons.math.util.ContinuedFraction:evaluate:195, 0.0
org.apache.commons.math.util.ContinuedFraction:evaluate:194, 0.0
org.apache.commons.math.distribution.BetaDistributionImpl:inverseCumulativeProbability:168, 0.0
org.apache.commons.math.util.ContinuedFraction:evaluate:137, 0.0
org.apache.commons.math.util.ContinuedFraction:evaluate:136, 0.0
org.apache.commons.math.util.ContinuedFraction:evaluate:139, 0.0
org.apache.commons.math.util.ContinuedFraction:evaluate:138, 0.0
org.apache.commons.math.util.ContinuedFraction:evaluate:141, 0.0
org.apache.commons.math.util.ContinuedFraction:evaluate:140, 0.0
org.apache.commons.math.distribution.BetaDistributionImpl:<init>:70, 0.0
org.apache.commons.math.distribution.BetaDistributionImpl:<init>:71, 0.0
org.apache.commons.math.distribution.BetaDistributionImpl:<init>:72, 0.0
org.apache.commons.math.distribution.BetaDistributionImpl:<init>:73, 0.0
org.apache.commons.math.distribution.BetaDistributionImpl:<init>:74, 0.0
org.apache.commons.math.distribution.BetaDistributionImpl:<init>:75, 0.0
org.apache.commons.math.distribution.BetaDistributionImpl:inverseCumulativeProbability:172, 0.0
org.apache.commons.math.util.ContinuedFraction:evaluate:175, 0.0
org.apache.commons.math.distribution.AbstractContinuousDistribution:inverseCumulativeProbability:81, 0.0
org.apache.commons.math.special.Gamma:logGamma:108, 0.0
org.apache.commons.math.special.Gamma:logGamma:109, 0.0
org.apache.commons.math.special.Gamma:logGamma:106, 0.0
org.apache.commons.math.distribution.AbstractContinuousDistribution$1:value:101, 0.0
org.apache.commons.math.analysis.solvers.UnivariateRealSolverUtils:bracket:203, 0.0
org.apache.commons.math.distribution.AbstractContinuousDistribution:inverseCumulativeProbability:130, 0.0
org.apache.commons.math.distribution.AbstractContinuousDistribution:inverseCumulativeProbability:134, 0.0
org.apache.commons.math.special.Beta:regularizedBeta:156, 0.0
org.apache.commons.math.special.Gamma:<clinit>:41, 0.0
org.apache.commons.math.special.Gamma:<clinit>:61, 0.0
org.apache.commons.math.distribution.BetaDistributionImpl:inverseCumulativeProbability:170, 0.0
org.apache.commons.math.util.ContinuedFraction:<init>:46, 0.0
org.apache.commons.math.util.ContinuedFraction:<init>:47, 0.0
org.apache.commons.math.util.ContinuedFraction:evaluate:184, 0.0
org.apache.commons.math.util.ContinuedFraction:evaluate:182, 0.0
org.apache.commons.math.special.Gamma:logGamma:113, 0.0
org.apache.commons.math.analysis.solvers.UnivariateRealSolverUtils:bracket:212, 0.0
org.apache.commons.math.distribution.AbstractDistribution:<init>:40, 0.0
org.apache.commons.math.distribution.AbstractDistribution:<init>:39, 0.0
org.apache.commons.math.special.Beta:regularizedBeta:128, 0.0
org.apache.commons.math.special.Beta:regularizedBeta:151, 0.0
org.apache.commons.math.special.Beta$1:getA:148, 0.0
org.apache.commons.math.distribution.GammaDistributionImpl:setAlphaInternal:152, 0.0
org.apache.commons.math.distribution.GammaDistributionImpl:setAlphaInternal:151, 0.0
org.apache.commons.math.special.Gamma:regularizedGammaP:127, 0.0
org.apache.commons.math.distribution.ChiSquaredDistributionImpl:getDomainUpperBound:202, 0.0
org.apache.commons.math.distribution.GammaDistributionImpl:<init>:69, 0.0
org.apache.commons.math.distribution.GammaDistributionImpl:<init>:70, 0.0
org.apache.commons.math.distribution.GammaDistributionImpl:<init>:71, 0.0
org.apache.commons.math.distribution.GammaDistributionImpl:<init>:72, 0.0
org.apache.commons.math.distribution.GammaDistributionImpl:<init>:73, 0.0
org.apache.commons.math.distribution.ChiSquaredDistributionImpl:getInitialDomain:231, 0.0
org.apache.commons.math.special.Gamma:regularizedGammaP:169, 0.0
org.apache.commons.math.special.Gamma:regularizedGammaP:188, 0.0
org.apache.commons.math.distribution.GammaDistributionImpl:cumulativeProbability:95, 0.0
org.apache.commons.math.distribution.ChiSquaredDistributionImpl:<init>:68, 0.0
org.apache.commons.math.distribution.ChiSquaredDistributionImpl:<init>:69, 0.0
org.apache.commons.math.distribution.ChiSquaredDistributionImpl:<init>:65, 0.0
org.apache.commons.math.distribution.ChiSquaredDistributionImpl:<init>:66, 0.0
org.apache.commons.math.distribution.ChiSquaredDistributionImpl:<init>:67, 0.0
org.apache.commons.math.distribution.ChiSquaredDistributionImpl:getDomainUpperBound:200, 0.0
org.apache.commons.math.distribution.ChiSquaredDistributionImpl:setGammaInternal:255, 0.0
org.apache.commons.math.distribution.ChiSquaredDistributionImpl:setGammaInternal:257, 0.0
org.apache.commons.math.special.Gamma:regularizedGammaQ:244, 0.0
org.apache.commons.math.distribution.ChiSquaredDistributionImpl:getInitialDomain:228, 0.0
org.apache.commons.math.special.Gamma$1:getB:261, 0.0
org.apache.commons.math.distribution.GammaDistributionImpl:setBetaInternal:184, 0.0
org.apache.commons.math.distribution.GammaDistributionImpl:setBetaInternal:185, 0.0
org.apache.commons.math.distribution.ChiSquaredDistributionImpl:getDegreesOfFreedom:108, 0.0
org.apache.commons.math.special.Gamma:regularizedGammaP:165, 0.0
org.apache.commons.math.special.Gamma:regularizedGammaQ:242, 0.0
org.apache.commons.math.distribution.ChiSquaredDistributionImpl:getInitialDomain:226, 0.0
org.apache.commons.math.special.Gamma:regularizedGammaP:186, 0.0
org.apache.commons.math.distribution.GammaDistributionImpl:cumulativeProbability:98, 0.0
org.apache.commons.math.special.Gamma:regularizedGammaP:176, 0.0
org.apache.commons.math.special.Gamma:regularizedGammaP:177, 0.0
org.apache.commons.math.special.Gamma:regularizedGammaP:175, 0.0
org.apache.commons.math.distribution.ChiSquaredDistributionImpl:setDegreesOfFreedomInternal:100, 0.0
org.apache.commons.math.distribution.ChiSquaredDistributionImpl:setDegreesOfFreedomInternal:101, 0.0
org.apache.commons.math.distribution.ChiSquaredDistributionImpl:inverseCumulativeProbability:167, 0.0
org.apache.commons.math.distribution.ChiSquaredDistributionImpl:cumulativeProbability:142, 0.0
org.apache.commons.math.special.Gamma:regularizedGammaP:172, 0.0
org.apache.commons.math.special.Gamma:regularizedGammaQ:246, 0.0
org.apache.commons.math.distribution.ChiSquaredDistributionImpl:<init>:53, 0.0
org.apache.commons.math.distribution.ChiSquaredDistributionImpl:<init>:52, 0.0
org.apache.commons.math.distribution.ChiSquaredDistributionImpl:getDomainLowerBound:181, 0.0
org.apache.commons.math.distribution.ChiSquaredDistributionImpl:inverseCumulativeProbability:165, 0.0
org.apache.commons.math.distribution.GammaDistributionImpl:getBeta:192, 0.0
org.apache.commons.math.distribution.ChiSquaredDistributionImpl:inverseCumulativeProbability:164, 0.0
org.apache.commons.math.special.Gamma:regularizedGammaP:178, 0.0
org.apache.commons.math.special.Gamma$1:<init>:252, 0.0
org.apache.commons.math.distribution.ChiSquaredDistributionImpl:inverseCumulativeProbability:162, 0.0
org.apache.commons.math.distribution.GammaDistributionImpl:<init>:58, 0.0
org.apache.commons.math.distribution.GammaDistributionImpl:<init>:57, 0.0
org.apache.commons.math.distribution.GammaDistributionImpl:setAlpha:137, 0.0
org.apache.commons.math.distribution.GammaDistributionImpl:setAlpha:138, 0.0
org.apache.commons.math.distribution.GammaDistributionImpl:cumulativeProbability:101, 0.0
org.apache.commons.math.special.Gamma:regularizedGammaP:184, 0.0
org.apache.commons.math.special.Gamma:regularizedGammaP:180, 0.0
org.apache.commons.math.special.Gamma:regularizedGammaP:181, 0.0
org.apache.commons.math.special.Gamma:regularizedGammaQ:266, 0.0
org.apache.commons.math.special.Gamma:regularizedGammaQ:252, 0.0
org.apache.commons.math.special.Gamma:regularizedGammaQ:265, 0.0
org.apache.commons.math.distribution.GammaDistributionImpl:setBetaInternal:179, 0.0
org.apache.commons.math.distribution.ChiSquaredDistributionImpl:getDomainUpperBound:208, 0.0
org.apache.commons.math.distribution.GammaDistributionImpl:setAlphaInternal:146, 0.0
org.apache.commons.math.distribution.ChiSquaredDistributionImpl:getSolverAbsoluteAccuracy:269, 0.0
org.apache.commons.math.special.Gamma:regularizedGammaP:191, 0.0
org.apache.commons.math.distribution.ChiSquaredDistributionImpl:inverseCumulativeProbability:161, 0.0
org.apache.commons.math.special.Gamma:regularizedGammaP:167, 0.0
org.apache.commons.math.special.Gamma$1:getA:256, 0.0
org.apache.commons.math.special.Gamma:regularizedGammaP:195, 0.0
org.apache.commons.math.distribution.ChiSquaredDistributionImpl:getDomainUpperBound:205, 0.0
org.apache.commons.math.distribution.GammaDistributionImpl:getAlpha:159, 0.0
org.apache.commons.math.special.Gamma:regularizedGammaQ:269, 0.0
org.apache.commons.math.distribution.ChiSquaredDistributionImpl:getInitialDomain:234, 0.0
org.apache.commons.math.distribution.FDistributionImpl:inverseCumulativeProbability:154, 0.0
org.apache.commons.math.distribution.FDistributionImpl:<init>:64, 0.0
org.apache.commons.math.distribution.FDistributionImpl:<init>:65, 0.0
org.apache.commons.math.distribution.FDistributionImpl:getInitialDomain:199, 0.0
org.apache.commons.math.distribution.FDistributionImpl:setDenominatorDegreesOfFreedomInternal:262, 0.0
org.apache.commons.math.distribution.FDistributionImpl:setDenominatorDegreesOfFreedomInternal:261, 0.0
org.apache.commons.math.distribution.FDistributionImpl:getDomainLowerBound:168, 0.0
org.apache.commons.math.distribution.FDistributionImpl:getInitialDomain:197, 0.0
org.apache.commons.math.distribution.FDistributionImpl:getInitialDomain:196, 0.0
org.apache.commons.math.distribution.FDistributionImpl:getInitialDomain:195, 0.0
org.apache.commons.math.distribution.FDistributionImpl:cumulativeProbability:129, 0.0
org.apache.commons.math.distribution.FDistributionImpl:<init>:77, 0.0
org.apache.commons.math.distribution.FDistributionImpl:<init>:78, 0.0
org.apache.commons.math.distribution.FDistributionImpl:<init>:79, 0.0
org.apache.commons.math.distribution.FDistributionImpl:<init>:81, 0.0
org.apache.commons.math.distribution.FDistributionImpl:<init>:80, 0.0
org.apache.commons.math.distribution.FDistributionImpl:setDenominatorDegreesOfFreedomInternal:257, 0.0
org.apache.commons.math.distribution.FDistributionImpl:setNumeratorDegreesOfFreedomInternal:223, 0.0
org.apache.commons.math.distribution.FDistributionImpl:getInitialDomain:201, 0.0
org.apache.commons.math.distribution.FDistributionImpl:inverseCumulativeProbability:148, 0.0
org.apache.commons.math.distribution.FDistributionImpl:cumulativeProbability:119, 0.0
org.apache.commons.math.distribution.FDistributionImpl:getDomainUpperBound:182, 0.0
org.apache.commons.math.distribution.FDistributionImpl:setNumeratorDegreesOfFreedomInternal:228, 0.0
org.apache.commons.math.distribution.FDistributionImpl:setNumeratorDegreesOfFreedomInternal:227, 0.0
org.apache.commons.math.distribution.FDistributionImpl:inverseCumulativeProbability:151, 0.0
org.apache.commons.math.distribution.FDistributionImpl:cumulativeProbability:125, 0.0
org.apache.commons.math.distribution.FDistributionImpl:cumulativeProbability:123, 0.0
org.apache.commons.math.distribution.FDistributionImpl:cumulativeProbability:122, 0.0
org.apache.commons.math.distribution.FDistributionImpl:getSolverAbsoluteAccuracy:281, 0.0
org.apache.commons.math.distribution.FDistributionImpl:cumulativeProbability:120, 0.0
org.apache.commons.math.distribution.FDistributionImpl:setDenominatorDegreesOfFreedom:247, 0.0
org.apache.commons.math.distribution.FDistributionImpl:setDenominatorDegreesOfFreedom:248, 0.0
org.apache.commons.math.distribution.GammaDistributionImpl:getDomainUpperBound:255, 0.0
org.apache.commons.math.distribution.GammaDistributionImpl:getDomainUpperBound:252, 0.0
org.apache.commons.math.special.Gamma:regularizedGammaP:168, 0.0
org.apache.commons.math.distribution.GammaDistributionImpl:getDomainUpperBound:250, 0.0
org.apache.commons.math.distribution.GammaDistributionImpl:inverseCumulativeProbability:126, 0.0
org.apache.commons.math.distribution.GammaDistributionImpl:getInitialDomain:281, 0.0
org.apache.commons.math.distribution.GammaDistributionImpl:getDomainUpperBound:258, 0.0
org.apache.commons.math.distribution.GammaDistributionImpl:getInitialDomain:284, 0.0
org.apache.commons.math.distribution.GammaDistributionImpl:getSolverAbsoluteAccuracy:296, 0.0
org.apache.commons.math.distribution.GammaDistributionImpl:inverseCumulativeProbability:123, 0.0
org.apache.commons.math.distribution.GammaDistributionImpl:getInitialDomain:276, 0.0
org.apache.commons.math.distribution.GammaDistributionImpl:getInitialDomain:278, 0.0
org.apache.commons.math.distribution.GammaDistributionImpl:getDomainLowerBound:230, 0.0
org.apache.commons.math.distribution.GammaDistributionImpl:inverseCumulativeProbability:120, 0.0
org.apache.commons.math.distribution.NormalDistributionImpl:getDomainLowerBound:244, 0.0
org.apache.commons.math.distribution.NormalDistributionImpl:getInitialDomain:295, 0.0
org.apache.commons.math.distribution.NormalDistributionImpl:setStandardDeviationInternal:144, 0.0
org.apache.commons.math.distribution.NormalDistributionImpl:setStandardDeviationInternal:145, 0.0
org.apache.commons.math.special.Erf:erf:51, 0.0
org.apache.commons.math.special.Erf:erf:52, 0.0
org.apache.commons.math.distribution.NormalDistributionImpl:getDomainLowerBound:247, 0.0
org.apache.commons.math.distribution.NormalDistributionImpl:setStandardDeviationInternal:139, 0.0
org.apache.commons.math.special.Erf:erf:55, 0.0
org.apache.commons.math.distribution.NormalDistributionImpl:getDomainLowerBound:245, 0.0
org.apache.commons.math.distribution.NormalDistributionImpl:getInitialDomain:287, 0.0
org.apache.commons.math.special.Erf:erf:53, 0.0
org.apache.commons.math.distribution.NormalDistributionImpl:getInitialDomain:288, 0.0
org.apache.commons.math.distribution.NormalDistributionImpl:getDomainUpperBound:269, 0.0
org.apache.commons.math.distribution.NormalDistributionImpl:getSolverAbsoluteAccuracy:202, 0.0
org.apache.commons.math.distribution.NormalDistributionImpl:getDomainLowerBound:250, 0.0
org.apache.commons.math.distribution.NormalDistributionImpl:getDomainUpperBound:272, 0.0
org.apache.commons.math.distribution.NormalDistributionImpl:getInitialDomain:289, 0.0
org.apache.commons.math.distribution.NormalDistributionImpl:inverseCumulativeProbability:228, 0.0
org.apache.commons.math.distribution.NormalDistributionImpl:inverseCumulativeProbability:222, 0.0
org.apache.commons.math.distribution.NormalDistributionImpl:<init>:64, 0.0
org.apache.commons.math.distribution.NormalDistributionImpl:<init>:63, 0.0
org.apache.commons.math.distribution.NormalDistributionImpl:<init>:49, 0.0
org.apache.commons.math.distribution.NormalDistributionImpl:<init>:80, 0.0
org.apache.commons.math.distribution.NormalDistributionImpl:<init>:52, 0.0
org.apache.commons.math.distribution.NormalDistributionImpl:<init>:76, 0.0
org.apache.commons.math.distribution.NormalDistributionImpl:<init>:77, 0.0
org.apache.commons.math.distribution.NormalDistributionImpl:<init>:78, 0.0
org.apache.commons.math.distribution.NormalDistributionImpl:<init>:79, 0.0
org.apache.commons.math.distribution.NormalDistributionImpl:getDomainUpperBound:266, 0.0
org.apache.commons.math.distribution.NormalDistributionImpl:getInitialDomain:290, 0.0
org.apache.commons.math.distribution.NormalDistributionImpl:setMeanInternal:113, 0.0
org.apache.commons.math.distribution.NormalDistributionImpl:setMeanInternal:112, 0.0
org.apache.commons.math.distribution.NormalDistributionImpl:getDomainUpperBound:267, 0.0
org.apache.commons.math.distribution.NormalDistributionImpl:inverseCumulativeProbability:225, 0.0
org.apache.commons.math.distribution.NormalDistributionImpl:cumulativeProbability:180, 0.0
org.apache.commons.math.distribution.TDistributionImpl:cumulativeProbability:128, 0.0
org.apache.commons.math.distribution.TDistributionImpl:inverseCumulativeProbability:169, 0.0
org.apache.commons.math.distribution.TDistributionImpl:getInitialDomain:210, 0.0
org.apache.commons.math.distribution.TDistributionImpl:setDegreesOfFreedomInternal:93, 0.0
org.apache.commons.math.distribution.TDistributionImpl:setDegreesOfFreedomInternal:94, 0.0
org.apache.commons.math.distribution.TDistributionImpl:<init>:64, 0.0
org.apache.commons.math.distribution.TDistributionImpl:<init>:63, 0.0
org.apache.commons.math.distribution.TDistributionImpl:<init>:62, 0.0
org.apache.commons.math.distribution.TDistributionImpl:<init>:61, 0.0
org.apache.commons.math.distribution.TDistributionImpl:<init>:71, 0.0
org.apache.commons.math.distribution.TDistributionImpl:<init>:72, 0.0
org.apache.commons.math.distribution.TDistributionImpl:inverseCumulativeProbability:163, 0.0
org.apache.commons.math.distribution.TDistributionImpl:cumulativeProbability:139, 0.0
org.apache.commons.math.distribution.TDistributionImpl:getSolverAbsoluteAccuracy:222, 0.0
org.apache.commons.math.distribution.TDistributionImpl:getDomainLowerBound:183, 0.0
org.apache.commons.math.distribution.TDistributionImpl:setDegreesOfFreedomInternal:88, 0.0
org.apache.commons.math.distribution.TDistributionImpl:cumulativeProbability:143, 0.0
org.apache.commons.math.distribution.TDistributionImpl:inverseCumulativeProbability:166, 0.0
org.apache.commons.math.distribution.TDistributionImpl:cumulativeProbability:136, 0.0
org.apache.commons.math.distribution.TDistributionImpl:cumulativeProbability:131, 0.0
org.apache.commons.math.distribution.TDistributionImpl:cumulativeProbability:137, 0.0
org.apache.commons.math.distribution.TDistributionImpl:getDomainUpperBound:197, 0.0
org.apache.commons.math.distribution.TDistributionImpl:density:115, 0.0
org.apache.commons.math.distribution.TDistributionImpl:density:114, 0.0
org.apache.commons.math.distribution.TDistributionImpl:density:113, 0.0
org.apache.commons.math.ode.nonstiff.DormandPrince54StepInterpolator:computeInterpolatedStateAndDerivatives:196, 0.0
org.apache.commons.math.ode.ContinuousOutputModel:requiresDenseOutput:174, 0.0
org.apache.commons.math.ode.nonstiff.EmbeddedRungeKuttaIntegrator:integrate:307, 0.0
org.apache.commons.math.ode.nonstiff.DormandPrince54StepInterpolator:computeInterpolatedStateAndDerivatives:205, 0.0
org.apache.commons.math.ode.nonstiff.DormandPrince54StepInterpolator:computeInterpolatedStateAndDerivatives:204, 0.0
org.apache.commons.math.ode.nonstiff.DormandPrince54StepInterpolator:computeInterpolatedStateAndDerivatives:206, 0.0
org.apache.commons.math.ode.nonstiff.DormandPrince54StepInterpolator:computeInterpolatedStateAndDerivatives:201, 0.0
org.apache.commons.math.ode.nonstiff.DormandPrince54StepInterpolator:computeInterpolatedStateAndDerivatives:203, 0.0
org.apache.commons.math.ode.nonstiff.DormandPrince54StepInterpolator:computeInterpolatedStateAndDerivatives:202, 0.0
org.apache.commons.math.ode.nonstiff.EmbeddedRungeKuttaIntegrator:integrate:309, 0.0
org.apache.commons.math.ode.nonstiff.EmbeddedRungeKuttaIntegrator:integrate:293, 0.0
org.apache.commons.math.ode.nonstiff.EmbeddedRungeKuttaIntegrator:integrate:294, 0.0
org.apache.commons.math.ode.nonstiff.DormandPrince54StepInterpolator:computeInterpolatedStateAndDerivatives:183, 0.0
org.apache.commons.math.ode.nonstiff.DormandPrince54StepInterpolator:computeInterpolatedStateAndDerivatives:186, 0.0
org.apache.commons.math.ode.nonstiff.DormandPrince54StepInterpolator:computeInterpolatedStateAndDerivatives:187, 0.0
org.apache.commons.math.ode.nonstiff.DormandPrince54StepInterpolator:computeInterpolatedStateAndDerivatives:184, 0.0
org.apache.commons.math.ode.nonstiff.DormandPrince54StepInterpolator:computeInterpolatedStateAndDerivatives:185, 0.0
org.apache.commons.math.ode.nonstiff.DormandPrince54StepInterpolator:computeInterpolatedStateAndDerivatives:190, 0.0
org.apache.commons.math.ode.nonstiff.DormandPrince54StepInterpolator:computeInterpolatedStateAndDerivatives:191, 0.0
org.apache.commons.math.ode.nonstiff.DormandPrince54StepInterpolator:computeInterpolatedStateAndDerivatives:188, 0.0
org.apache.commons.math.ode.nonstiff.DormandPrince54StepInterpolator:computeInterpolatedStateAndDerivatives:189, 0.0
org.apache.commons.math.ode.nonstiff.DormandPrince54StepInterpolator:computeInterpolatedStateAndDerivatives:193, 0.0
org.apache.commons.math.ode.nonstiff.DormandPrince54StepInterpolator:computeInterpolatedStateAndDerivatives:192, 0.0
org.apache.commons.math.ode.nonstiff.EmbeddedRungeKuttaIntegrator:integrate:366, 0.0
org.apache.commons.math.ode.nonstiff.EmbeddedRungeKuttaIntegrator:integrate:367, 0.0
org.apache.commons.math.ode.nonstiff.EmbeddedRungeKuttaIntegrator:integrate:368, 0.0
org.apache.commons.math.ode.nonstiff.DormandPrince54StepInterpolator:computeInterpolatedStateAndDerivatives:176, 0.0
org.apache.commons.math.ode.nonstiff.DormandPrince54StepInterpolator:computeInterpolatedStateAndDerivatives:177, 0.0
org.apache.commons.math.ode.nonstiff.DormandPrince54StepInterpolator:computeInterpolatedStateAndDerivatives:175, 0.0
org.apache.commons.math.ode.nonstiff.DormandPrince54StepInterpolator:computeInterpolatedStateAndDerivatives:174, 0.0
org.apache.commons.math.ode.nonstiff.RungeKuttaStepInterpolator:<init>:87, 0.0
org.apache.commons.math.ode.nonstiff.RungeKuttaStepInterpolator:<init>:89, 0.0
org.apache.commons.math.ode.nonstiff.RungeKuttaStepInterpolator:<init>:88, 0.0
org.apache.commons.math.ode.nonstiff.RungeKuttaStepInterpolator:<init>:93, 0.0
org.apache.commons.math.ode.ContinuousOutputModel:setInterpolatedTime:266, 0.0
org.apache.commons.math.ode.ContinuousOutputModel:setInterpolatedTime:267, 0.0
org.apache.commons.math.ode.ContinuousOutputModel:setInterpolatedTime:268, 0.0
org.apache.commons.math.ode.nonstiff.DormandPrince54StepInterpolator:computeInterpolatedStateAndDerivatives:171, 0.0
org.apache.commons.math.ode.nonstiff.RungeKuttaStepInterpolator:<init>:84, 0.0
org.apache.commons.math.ode.nonstiff.RungeKuttaStepInterpolator:<init>:86, 0.0
org.apache.commons.math.ode.nonstiff.DormandPrince54StepInterpolator:computeInterpolatedStateAndDerivatives:173, 0.0
org.apache.commons.math.ode.nonstiff.EmbeddedRungeKuttaIntegrator:integrate:339, 0.0
org.apache.commons.math.ode.events.EventState:reset:334, 0.0
org.apache.commons.math.ode.events.EventState:reset:340, 0.0
org.apache.commons.math.ode.nonstiff.DormandPrince54StepInterpolator:<init>:129, 0.0
org.apache.commons.math.ode.nonstiff.DormandPrince54StepInterpolator:<init>:131, 0.0
org.apache.commons.math.ode.nonstiff.DormandPrince54StepInterpolator:<init>:130, 0.0
org.apache.commons.math.ode.nonstiff.DormandPrince54StepInterpolator:<init>:133, 0.0
org.apache.commons.math.ode.nonstiff.DormandPrince54StepInterpolator:<init>:132, 0.0
org.apache.commons.math.ode.events.EventState:reset:338, 0.0
org.apache.commons.math.ode.events.EventState:reset:337, 0.0
org.apache.commons.math.ode.nonstiff.DormandPrince54StepInterpolator:computeInterpolatedStateAndDerivatives:207, 0.0
org.apache.commons.math.ode.nonstiff.DormandPrince54StepInterpolator:computeInterpolatedStateAndDerivatives:209, 0.0
org.apache.commons.math.ode.nonstiff.DormandPrince54Integrator:<clinit>:68, 0.0
org.apache.commons.math.ode.nonstiff.DormandPrince54Integrator:<clinit>:58, 0.0
org.apache.commons.math.ode.nonstiff.DormandPrince54Integrator:<clinit>:53, 0.0
org.apache.commons.math.ode.nonstiff.DormandPrince54StepInterpolator:computeInterpolatedStateAndDerivatives:212, 0.0
org.apache.commons.math.ode.nonstiff.DormandPrince853StepInterpolator:<init>:258, 0.0
org.apache.commons.math.ode.nonstiff.DormandPrince853StepInterpolator:<init>:259, 0.0
org.apache.commons.math.ode.nonstiff.DormandPrince853StepInterpolator:<init>:260, 0.0
org.apache.commons.math.ode.ContinuousOutputModel:locatePoint:372, 0.0
org.apache.commons.math.ode.nonstiff.DormandPrince853StepInterpolator:<init>:265, 0.0
org.apache.commons.math.ode.nonstiff.DormandPrince853StepInterpolator:<init>:264, 0.0
org.apache.commons.math.ode.ContinuousOutputModel:locatePoint:368, 0.0
org.apache.commons.math.ode.ContinuousOutputModel:locatePoint:367, 0.0
org.apache.commons.math.ode.nonstiff.DormandPrince853StepInterpolator:<init>:255, 0.0
org.apache.commons.math.ode.nonstiff.DormandPrince853StepInterpolator:<init>:257, 0.0
org.apache.commons.math.ode.ContinuousOutputModel:locatePoint:370, 0.0
org.apache.commons.math.ode.ContinuousOutputModel:locatePoint:369, 0.0
org.apache.commons.math.ode.nonstiff.AdaptiveStepsizeIntegrator:filterStep:294, 0.0
org.apache.commons.math.ode.ContinuousOutputModel:append:163, 0.0
org.apache.commons.math.ode.ContinuousOutputModel:append:162, 0.0
org.apache.commons.math.ode.ContinuousOutputModel:append:165, 0.0
org.apache.commons.math.ode.ContinuousOutputModel:append:158, 0.0
org.apache.commons.math.ode.ContinuousOutputModel:append:159, 0.0
org.apache.commons.math.ode.nonstiff.DormandPrince853Integrator:<clinit>:68, 0.0
org.apache.commons.math.ode.nonstiff.DormandPrince853Integrator:<clinit>:135, 0.0
org.apache.commons.math.ode.nonstiff.DormandPrince853Integrator:<clinit>:61, 0.0
org.apache.commons.math.ode.nonstiff.DormandPrince853StepInterpolator:<clinit>:181, 0.0
org.apache.commons.math.ode.ContinuousOutputModel:append:146, 0.0
org.apache.commons.math.ode.ContinuousOutputModel:append:147, 0.0
org.apache.commons.math.ode.ContinuousOutputModel:append:148, 0.0
org.apache.commons.math.ode.ContinuousOutputModel:append:149, 0.0
org.apache.commons.math.ode.ContinuousOutputModel:append:150, 0.0
org.apache.commons.math.ode.ContinuousOutputModel:append:151, 0.0
org.apache.commons.math.ode.ContinuousOutputModel:append:141, 0.0
org.apache.commons.math.ode.ContinuousOutputModel:getInterpolatedTime:237, 0.0
org.apache.commons.math.ode.ContinuousOutputModel:getFinalTime:227, 0.0
org.apache.commons.math.ode.ContinuousOutputModel:append:135, 0.0
org.apache.commons.math.ode.nonstiff.DormandPrince853StepInterpolator:<init>:266, 0.0
org.apache.commons.math.ode.nonstiff.DormandPrince853StepInterpolator:<init>:267, 0.0
org.apache.commons.math.ode.ContinuousOutputModel:append:131, 0.0
org.apache.commons.math.ode.ContinuousOutputModel:append:132, 0.0
org.apache.commons.math.ode.ContinuousOutputModel:append:130, 0.0
org.apache.commons.math.ode.nonstiff.DormandPrince853StepInterpolator:<init>:270, 0.0
org.apache.commons.math.ode.ContinuousOutputModel:append:127, 0.0
org.apache.commons.math.ode.ContinuousOutputModel:append:126, 0.0
org.apache.commons.math.ode.ContinuousOutputModel:getInitialTime:219, 0.0
org.apache.commons.math.ode.nonstiff.RungeKuttaIntegrator:integrate:197, 0.0
org.apache.commons.math.ode.nonstiff.RungeKuttaIntegrator:integrate:196, 0.0
org.apache.commons.math.ode.nonstiff.RungeKuttaIntegrator:integrate:198, 0.0
org.apache.commons.math.ode.nonstiff.RungeKuttaIntegrator:integrate:201, 0.0
org.apache.commons.math.ode.nonstiff.RungeKuttaIntegrator:integrate:195, 0.0
org.apache.commons.math.ode.nonstiff.RungeKuttaIntegrator:integrate:202, 0.0
org.apache.commons.math.ode.nonstiff.RungeKuttaIntegrator:integrate:150, 0.0
org.apache.commons.math.ode.nonstiff.RungeKuttaIntegrator:integrate:151, 0.0
org.apache.commons.math.ode.FirstOrderConverter:computeDerivatives:109, 0.0
org.apache.commons.math.ode.FirstOrderConverter:computeDerivatives:115, 0.0
org.apache.commons.math.ode.FirstOrderConverter:computeDerivatives:106, 0.0
org.apache.commons.math.ode.FirstOrderConverter:computeDerivatives:113, 0.0
org.apache.commons.math.ode.FirstOrderConverter:computeDerivatives:112, 0.0
org.apache.commons.math.ode.FirstOrderConverter:computeDerivatives:105, 0.0
org.apache.commons.math.ode.nonstiff.RungeKuttaIntegrator:integrate:118, 0.0
org.apache.commons.math.ode.nonstiff.RungeKuttaIntegrator:integrate:114, 0.0
org.apache.commons.math.ode.nonstiff.RungeKuttaIntegrator:integrate:149, 0.0
org.apache.commons.math.ode.sampling.DummyStepInterpolator:computeInterpolatedStateAndDerivatives:108, 0.0
org.apache.commons.math.ode.sampling.DummyStepInterpolator:computeInterpolatedStateAndDerivatives:109, 0.0
org.apache.commons.math.ode.sampling.DummyStepInterpolator:computeInterpolatedStateAndDerivatives:107, 0.0
org.apache.commons.math.ode.nonstiff.RungeKuttaIntegrator:integrate:111, 0.0
org.apache.commons.math.ode.nonstiff.RungeKuttaIntegrator:integrate:147, 0.0
org.apache.commons.math.ode.nonstiff.RungeKuttaIntegrator:integrate:205, 0.0
org.apache.commons.math.ode.nonstiff.RungeKuttaIntegrator:integrate:207, 0.0
org.apache.commons.math.ode.nonstiff.RungeKuttaIntegrator:integrate:112, 0.0
org.apache.commons.math.ode.nonstiff.RungeKuttaIntegrator:integrate:157, 0.0
org.apache.commons.math.ode.nonstiff.ClassicalRungeKuttaIntegrator:<clinit>:49, 0.0
org.apache.commons.math.ode.nonstiff.ClassicalRungeKuttaIntegrator:<clinit>:54, 0.0
org.apache.commons.math.ode.nonstiff.ClassicalRungeKuttaIntegrator:<clinit>:61, 0.0
org.apache.commons.math.ode.FirstOrderConverter:<init>:81, 0.0
org.apache.commons.math.ode.FirstOrderConverter:<init>:80, 0.0
org.apache.commons.math.ode.FirstOrderConverter:<init>:83, 0.0
org.apache.commons.math.ode.FirstOrderConverter:<init>:82, 0.0
org.apache.commons.math.ode.FirstOrderConverter:<init>:77, 0.0
org.apache.commons.math.ode.FirstOrderConverter:<init>:78, 0.0
org.apache.commons.math.ode.FirstOrderConverter:<init>:79, 0.0
org.apache.commons.math.ode.nonstiff.RungeKuttaIntegrator:integrate:129, 0.0
org.apache.commons.math.ode.nonstiff.RungeKuttaIntegrator:integrate:128, 0.0
org.apache.commons.math.ode.nonstiff.RungeKuttaIntegrator:integrate:125, 0.0
org.apache.commons.math.ode.nonstiff.RungeKuttaIntegrator:integrate:154, 0.0
org.apache.commons.math.ode.nonstiff.RungeKuttaIntegrator:integrate:186, 0.0
org.apache.commons.math.ode.FirstOrderConverter:getDimension:91, 0.0
org.apache.commons.math.ode.nonstiff.RungeKuttaIntegrator:integrate:152, 0.0
org.apache.commons.math.ode.nonstiff.RungeKuttaIntegrator:integrate:188, 0.0
org.apache.commons.math.ode.nonstiff.RungeKuttaIntegrator:integrate:189, 0.0
org.apache.commons.math.ode.nonstiff.RungeKuttaIntegrator:integrate:123, 0.0
org.apache.commons.math.ode.nonstiff.RungeKuttaIntegrator:integrate:130, 0.0
org.apache.commons.math.ode.nonstiff.RungeKuttaIntegrator:integrate:164, 0.0
org.apache.commons.math.ode.nonstiff.RungeKuttaIntegrator:integrate:220, 0.0
org.apache.commons.math.ode.nonstiff.RungeKuttaIntegrator:integrate:221, 0.0
org.apache.commons.math.ode.nonstiff.RungeKuttaIntegrator:integrate:218, 0.0
org.apache.commons.math.ode.nonstiff.RungeKuttaIntegrator:integrate:219, 0.0
org.apache.commons.math.ode.nonstiff.RungeKuttaIntegrator:integrate:163, 0.0
org.apache.commons.math.ode.nonstiff.RungeKuttaIntegrator:integrate:214, 0.0
org.apache.commons.math.ode.nonstiff.RungeKuttaIntegrator:integrate:216, 0.0
org.apache.commons.math.ode.nonstiff.RungeKuttaIntegrator:integrate:162, 0.0
org.apache.commons.math.ode.nonstiff.RungeKuttaIntegrator:integrate:139, 0.0
org.apache.commons.math.ode.nonstiff.RungeKuttaIntegrator:integrate:141, 0.0
org.apache.commons.math.ode.nonstiff.RungeKuttaIntegrator:integrate:174, 0.0
org.apache.commons.math.ode.nonstiff.RungeKuttaIntegrator:integrate:173, 0.0
org.apache.commons.math.ode.nonstiff.RungeKuttaIntegrator:integrate:106, 0.0
org.apache.commons.math.ode.nonstiff.RungeKuttaIntegrator:integrate:107, 0.0
org.apache.commons.math.ode.nonstiff.RungeKuttaIntegrator:integrate:171, 0.0
org.apache.commons.math.ode.nonstiff.RungeKuttaIntegrator:integrate:172, 0.0
org.apache.commons.math.ode.nonstiff.RungeKuttaIntegrator:integrate:144, 0.0
org.apache.commons.math.ode.nonstiff.RungeKuttaIntegrator:integrate:110, 0.0
org.apache.commons.math.ode.nonstiff.RungeKuttaIntegrator:integrate:133, 0.0
org.apache.commons.math.ode.nonstiff.RungeKuttaIntegrator:integrate:134, 0.0
org.apache.commons.math.ode.nonstiff.RungeKuttaIntegrator:integrate:167, 0.0
org.apache.commons.math.ode.nonstiff.RungeKuttaIntegrator:integrate:137, 0.0
org.apache.commons.math.ode.nonstiff.RungeKuttaIntegrator:integrate:165, 0.0
org.apache.commons.math.ode.nonstiff.RungeKuttaIntegrator:integrate:108, 0.0
org.apache.commons.math.ode.events.EventState:evaluateStep:199, 0.0
org.apache.commons.math.ode.events.EventState:evaluateStep:205, 0.0
org.apache.commons.math.ode.events.EventState:evaluateStep:201, 0.0
org.apache.commons.math.ode.events.EventState:evaluateStep:200, 0.0
org.apache.commons.math.ode.events.EventState:evaluateStep:203, 0.0
org.apache.commons.math.ode.events.EventState:evaluateStep:202, 0.0
org.apache.commons.math.ode.jacobians.FirstOrderIntegratorWithJacobians:checkDimension:348, 0.0
org.apache.commons.math.ode.jacobians.FirstOrderIntegratorWithJacobians:dispatchCompoundState:274, 0.0
org.apache.commons.math.ode.jacobians.FirstOrderIntegratorWithJacobians:dispatchCompoundState:267, 0.0
org.apache.commons.math.ode.jacobians.FirstOrderIntegratorWithJacobians:dispatchCompoundState:271, 0.0
org.apache.commons.math.ode.jacobians.FirstOrderIntegratorWithJacobians:dispatchCompoundState:268, 0.0
org.apache.commons.math.ode.jacobians.FirstOrderIntegratorWithJacobians$MappingWrapper:computeDerivatives:417, 0.0
org.apache.commons.math.ode.jacobians.FirstOrderIntegratorWithJacobians$MappingWrapper:computeDerivatives:416, 0.0
org.apache.commons.math.ode.jacobians.FirstOrderIntegratorWithJacobians$MappingWrapper:computeDerivatives:415, 0.0
org.apache.commons.math.ode.jacobians.FirstOrderIntegratorWithJacobians:access$000:51, 0.0
org.apache.commons.math.ode.jacobians.FirstOrderIntegratorWithJacobians$MappingWrapper:computeDerivatives:411, 0.0
org.apache.commons.math.ode.jacobians.FirstOrderIntegratorWithJacobians$MappingWrapper:computeDerivatives:419, 0.0
org.apache.commons.math.ode.jacobians.FirstOrderIntegratorWithJacobians:dispatchCompoundState:275, 0.0
org.apache.commons.math.ode.jacobians.FirstOrderIntegratorWithJacobians$MappingWrapper:computeDerivatives:409, 0.0
org.apache.commons.math.ode.jacobians.FirstOrderIntegratorWithJacobians:dispatchCompoundState:279, 0.0
org.apache.commons.math.ode.jacobians.FirstOrderIntegratorWithJacobians$MappingWrapper:computeDerivatives:424, 0.0
org.apache.commons.math.ode.jacobians.FirstOrderIntegratorWithJacobians:getMaxEvaluations:327, 0.0
org.apache.commons.math.ode.jacobians.FirstOrderIntegratorWithJacobians:<init>:100, 0.0
org.apache.commons.math.ode.jacobians.FirstOrderIntegratorWithJacobians:<init>:98, 0.0
org.apache.commons.math.ode.jacobians.FirstOrderIntegratorWithJacobians:<init>:99, 0.0
org.apache.commons.math.ode.jacobians.FirstOrderIntegratorWithJacobians:<init>:96, 0.0
org.apache.commons.math.ode.jacobians.FirstOrderIntegratorWithJacobians:<init>:97, 0.0
org.apache.commons.math.ode.jacobians.FirstOrderIntegratorWithJacobians:checkDimension:349, 0.0
org.apache.commons.math.ode.jacobians.FirstOrderIntegratorWithJacobians$MappingWrapper:computeDerivatives:410, 0.0
org.apache.commons.math.ode.jacobians.FirstOrderIntegratorWithJacobians:checkDimension:353, 0.0
org.apache.commons.math.ode.jacobians.FirstOrderIntegratorWithJacobians$MappingWrapper:computeDerivatives:414, 0.0
org.apache.commons.math.ode.jacobians.FirstOrderIntegratorWithJacobians$MappingWrapper:computeDerivatives:412, 0.0
org.apache.commons.math.ode.jacobians.FirstOrderIntegratorWithJacobians$MappingWrapper:computeDerivatives:413, 0.0
org.apache.commons.math.ode.jacobians.FirstOrderIntegratorWithJacobians$MappingWrapper:computeDerivatives:432, 0.0
org.apache.commons.math.ode.jacobians.FirstOrderIntegratorWithJacobians$MappingWrapper:computeDerivatives:433, 0.0
org.apache.commons.math.ode.jacobians.FirstOrderIntegratorWithJacobians$MappingWrapper:computeDerivatives:431, 0.0
org.apache.commons.math.ode.jacobians.FirstOrderIntegratorWithJacobians$MappingWrapper:computeDerivatives:427, 0.0
org.apache.commons.math.ode.jacobians.FirstOrderIntegratorWithJacobians$MappingWrapper:computeDerivatives:435, 0.0
org.apache.commons.math.ode.jacobians.FirstOrderIntegratorWithJacobians$MappingWrapper:computeDerivatives:439, 0.0
org.apache.commons.math.ode.jacobians.FirstOrderIntegratorWithJacobians$MappingWrapper:computeDerivatives:425, 0.0
org.apache.commons.math.ode.jacobians.FirstOrderIntegratorWithJacobians$MappingWrapper:computeDerivatives:426, 0.0
org.apache.commons.math.ode.jacobians.FirstOrderIntegratorWithJacobians$MappingWrapper:getDimension:387, 0.0
org.apache.commons.math.ode.jacobians.FirstOrderIntegratorWithJacobians$MappingWrapper:getDimension:386, 0.0
org.apache.commons.math.ode.jacobians.FirstOrderIntegratorWithJacobians$MappingWrapper:getDimension:385, 0.0
org.apache.commons.math.ode.jacobians.FirstOrderIntegratorWithJacobians$MappingWrapper:computeDerivatives:429, 0.0
org.apache.commons.math.ode.jacobians.FirstOrderIntegratorWithJacobians$MappingWrapper:computeDerivatives:428, 0.0
org.apache.commons.math.ode.jacobians.FirstOrderIntegratorWithJacobians$MappingWrapper:computeDerivatives:430, 0.0
org.apache.commons.math.ode.jacobians.FirstOrderIntegratorWithJacobians:integrate:237, 0.0
org.apache.commons.math.ode.jacobians.FirstOrderIntegratorWithJacobians:integrate:243, 0.0
org.apache.commons.math.ode.jacobians.FirstOrderIntegratorWithJacobians:integrate:240, 0.0
org.apache.commons.math.ode.jacobians.FirstOrderIntegratorWithJacobians:integrate:223, 0.0
org.apache.commons.math.ode.jacobians.FirstOrderIntegratorWithJacobians:integrate:226, 0.0
org.apache.commons.math.ode.jacobians.FirstOrderIntegratorWithJacobians:integrate:225, 0.0
org.apache.commons.math.ode.jacobians.FirstOrderIntegratorWithJacobians:integrate:224, 0.0
org.apache.commons.math.ode.jacobians.FirstOrderIntegratorWithJacobians:integrate:236, 0.0
org.apache.commons.math.ode.jacobians.FirstOrderIntegratorWithJacobians:integrate:235, 0.0
org.apache.commons.math.ode.jacobians.FirstOrderIntegratorWithJacobians$MappingWrapper:<init>:372, 0.0
org.apache.commons.math.ode.jacobians.FirstOrderIntegratorWithJacobians$MappingWrapper:<init>:375, 0.0
org.apache.commons.math.ode.jacobians.FirstOrderIntegratorWithJacobians$MappingWrapper:<init>:374, 0.0
org.apache.commons.math.ode.jacobians.FirstOrderIntegratorWithJacobians$MappingWrapper:<init>:381, 0.0
org.apache.commons.math.ode.jacobians.FirstOrderIntegratorWithJacobians$MappingWrapper:<init>:377, 0.0
org.apache.commons.math.ode.jacobians.FirstOrderIntegratorWithJacobians$MappingWrapper:<init>:376, 0.0
org.apache.commons.math.ode.jacobians.FirstOrderIntegratorWithJacobians$MappingWrapper:<init>:379, 0.0
org.apache.commons.math.ode.jacobians.FirstOrderIntegratorWithJacobians$MappingWrapper:<init>:378, 0.0
org.apache.commons.math.ode.jacobians.FirstOrderIntegratorWithJacobians:getEvaluations:338, 0.0
org.apache.commons.math.ode.jacobians.FirstOrderIntegratorWithJacobians:setMaxEvaluations:320, 0.0
org.apache.commons.math.ode.jacobians.FirstOrderIntegratorWithJacobians:integrate:220, 0.0
org.apache.commons.math.ode.jacobians.FirstOrderIntegratorWithJacobians:integrate:221, 0.0
org.apache.commons.math.ode.jacobians.FirstOrderIntegratorWithJacobians:integrate:222, 0.0
org.apache.commons.math.ode.jacobians.FirstOrderIntegratorWithJacobians:integrate:216, 0.0
org.apache.commons.math.ode.jacobians.FirstOrderIntegratorWithJacobians:integrate:217, 0.0
org.apache.commons.math.ode.jacobians.FirstOrderIntegratorWithJacobians:integrate:218, 0.0
org.apache.commons.math.ode.jacobians.FirstOrderIntegratorWithJacobians:integrate:219, 0.0
org.apache.commons.math.ode.jacobians.FirstOrderIntegratorWithJacobians:setMaxEvaluations:321, 0.0
org.apache.commons.math.ode.jacobians.FirstOrderIntegratorWithJacobians$MappingWrapper:computeDerivatives:402, 0.0
org.apache.commons.math.ode.jacobians.FirstOrderIntegratorWithJacobians$MappingWrapper:computeDerivatives:403, 0.0
org.apache.commons.math.ode.jacobians.FirstOrderIntegratorWithJacobians$MappingWrapper:computeDerivatives:406, 0.0
org.apache.commons.math.ode.jacobians.FirstOrderIntegratorWithJacobians$MappingWrapper:computeDerivatives:395, 0.0
org.apache.commons.math.ode.jacobians.FirstOrderIntegratorWithJacobians$MappingWrapper:computeDerivatives:394, 0.0
org.apache.commons.math.ode.jacobians.FirstOrderIntegratorWithJacobians$MappingWrapper:computeDerivatives:399, 0.0
org.apache.commons.math.ode.jacobians.FirstOrderIntegratorWithJacobians$MappingWrapper:computeDerivatives:398, 0.0
org.apache.commons.math.ode.jacobians.FirstOrderIntegratorWithJacobians:dispatchCompoundState:283, 0.0
org.apache.commons.math.ode.jacobians.FirstOrderIntegratorWithJacobians:dispatchCompoundState:280, 0.0
org.apache.commons.math.ode.jacobians.FirstOrderIntegratorWithJacobians:access$104:51, 0.0
org.apache.commons.math.ode.jacobians.FirstOrderIntegratorWithJacobians:access$200:51, 0.0
org.apache.commons.math.ode.jacobians.FirstOrderIntegratorWithJacobians:integrate:254, 0.0
org.apache.commons.math.ode.jacobians.FirstOrderIntegratorWithJacobians:integrate:252, 0.0
org.apache.commons.math.ode.jacobians.FirstOrderIntegratorWithJacobians:integrate:248, 0.0
org.apache.commons.math.ode.jacobians.FirstOrderIntegratorWithJacobians:integrate:249, 0.0
org.apache.commons.math.ode.jacobians.FirstOrderIntegratorWithJacobians$EventHandlerWrapper:eventOccurred:872, 0.0
org.apache.commons.math.ode.jacobians.FirstOrderIntegratorWithJacobians$EventHandlerWrapper:eventOccurred:871, 0.0
org.apache.commons.math.ode.jacobians.FirstOrderIntegratorWithJacobians:addEventHandler:154, 0.0
org.apache.commons.math.ode.jacobians.FirstOrderIntegratorWithJacobians:addEventHandler:155, 0.0
org.apache.commons.math.ode.jacobians.FirstOrderIntegratorWithJacobians:addEventHandler:156, 0.0
org.apache.commons.math.ode.jacobians.FirstOrderIntegratorWithJacobians:addEventHandler:158, 0.0
org.apache.commons.math.ode.jacobians.FirstOrderIntegratorWithJacobians$EventHandlerWrapper:g:878, 0.0
org.apache.commons.math.ode.jacobians.FirstOrderIntegratorWithJacobians$EventHandlerWrapper:g:879, 0.0
org.apache.commons.math.ode.jacobians.FirstOrderIntegratorWithJacobians:access$300:51, 0.0
org.apache.commons.math.ode.jacobians.FirstOrderIntegratorWithJacobians$EventHandlerWrapper:<init>:859, 0.0
org.apache.commons.math.ode.jacobians.FirstOrderIntegratorWithJacobians$EventHandlerWrapper:<init>:858, 0.0
org.apache.commons.math.ode.jacobians.FirstOrderIntegratorWithJacobians$EventHandlerWrapper:<init>:857, 0.0
org.apache.commons.math.ode.jacobians.FirstOrderIntegratorWithJacobians$EventHandlerWrapper:<init>:856, 0.0
org.apache.commons.math.ode.jacobians.FirstOrderIntegratorWithJacobians$EventHandlerWrapper:<init>:855, 0.0
org.apache.commons.math.ode.jacobians.FirstOrderIntegratorWithJacobians$EventHandlerWrapper:<init>:854, 0.0
org.apache.commons.math.ode.jacobians.FirstOrderIntegratorWithJacobians$StepInterpolatorWrapper:getInterpolatedY:653, 0.0
org.apache.commons.math.ode.jacobians.FirstOrderIntegratorWithJacobians$StepInterpolatorWrapper:getInterpolatedY:652, 0.0
org.apache.commons.math.ode.jacobians.FirstOrderIntegratorWithJacobians$StepInterpolatorWrapper:getInterpolatedY:651, 0.0
org.apache.commons.math.ode.jacobians.FirstOrderIntegratorWithJacobians$StepHandlerWrapper:<init>:550, 0.0
org.apache.commons.math.ode.jacobians.FirstOrderIntegratorWithJacobians$StepHandlerWrapper:<init>:551, 0.0
org.apache.commons.math.ode.jacobians.FirstOrderIntegratorWithJacobians$StepHandlerWrapper:<init>:554, 0.0
org.apache.commons.math.ode.jacobians.FirstOrderIntegratorWithJacobians$StepHandlerWrapper:<init>:552, 0.0
org.apache.commons.math.ode.jacobians.FirstOrderIntegratorWithJacobians$StepHandlerWrapper:<init>:553, 0.0
org.apache.commons.math.ode.jacobians.FirstOrderIntegratorWithJacobians$StepInterpolatorWrapper:<init>:627, 0.0
org.apache.commons.math.ode.jacobians.FirstOrderIntegratorWithJacobians$StepInterpolatorWrapper:<init>:626, 0.0
org.apache.commons.math.ode.jacobians.FirstOrderIntegratorWithJacobians$StepInterpolatorWrapper:<init>:625, 0.0
org.apache.commons.math.ode.jacobians.FirstOrderIntegratorWithJacobians$StepInterpolatorWrapper:<init>:624, 0.0
org.apache.commons.math.ode.jacobians.FirstOrderIntegratorWithJacobians$StepInterpolatorWrapper:<init>:619, 0.0
org.apache.commons.math.ode.jacobians.FirstOrderIntegratorWithJacobians$StepInterpolatorWrapper:<init>:622, 0.0
org.apache.commons.math.ode.jacobians.FirstOrderIntegratorWithJacobians$StepInterpolatorWrapper:<init>:623, 0.0
org.apache.commons.math.ode.jacobians.FirstOrderIntegratorWithJacobians$StepInterpolatorWrapper:<init>:620, 0.0
org.apache.commons.math.ode.jacobians.FirstOrderIntegratorWithJacobians$StepInterpolatorWrapper:<init>:621, 0.0
org.apache.commons.math.ode.jacobians.FirstOrderIntegratorWithJacobians$StepInterpolatorWrapper:getInterpolatedYDot:685, 0.0
org.apache.commons.math.ode.jacobians.FirstOrderIntegratorWithJacobians$StepInterpolatorWrapper:getInterpolatedYDot:684, 0.0
org.apache.commons.math.ode.jacobians.FirstOrderIntegratorWithJacobians$StepInterpolatorWrapper:getInterpolatedYDot:683, 0.0
org.apache.commons.math.ode.jacobians.FirstOrderIntegratorWithJacobians$StepHandlerWrapper:requiresDenseOutput:571, 0.0
org.apache.commons.math.ode.jacobians.FirstOrderIntegratorWithJacobians$StepInterpolatorWrapper:getPreviousTime:641, 0.0
org.apache.commons.math.ode.jacobians.FirstOrderIntegratorWithJacobians$StepHandlerWrapper:handleStep:567, 0.0
org.apache.commons.math.ode.jacobians.FirstOrderIntegratorWithJacobians$StepHandlerWrapper:handleStep:566, 0.0
org.apache.commons.math.ode.jacobians.FirstOrderIntegratorWithJacobians$StepInterpolatorWrapper:getInterpolatedDyDpDot:705, 0.0
org.apache.commons.math.ode.jacobians.FirstOrderIntegratorWithJacobians$StepInterpolatorWrapper:getInterpolatedDyDpDot:702, 0.0
org.apache.commons.math.ode.jacobians.FirstOrderIntegratorWithJacobians$StepInterpolatorWrapper:getInterpolatedDyDpDot:704, 0.0
org.apache.commons.math.ode.jacobians.FirstOrderIntegratorWithJacobians$StepInterpolatorWrapper:getInterpolatedDyDpDot:703, 0.0
org.apache.commons.math.ode.jacobians.FirstOrderIntegratorWithJacobians$StepInterpolatorWrapper:getInterpolatedDyDpDot:706, 0.0
org.apache.commons.math.ode.jacobians.FirstOrderIntegratorWithJacobians$StepInterpolatorWrapper:getInterpolatedDyDy0Dot:694, 0.0
org.apache.commons.math.ode.jacobians.FirstOrderIntegratorWithJacobians$StepInterpolatorWrapper:getInterpolatedDyDy0Dot:695, 0.0
org.apache.commons.math.ode.jacobians.FirstOrderIntegratorWithJacobians$StepInterpolatorWrapper:getInterpolatedDyDy0Dot:693, 0.0
org.apache.commons.math.ode.jacobians.FirstOrderIntegratorWithJacobians$StepInterpolatorWrapper:getInterpolatedDyDy0Dot:697, 0.0
org.apache.commons.math.ode.jacobians.FirstOrderIntegratorWithJacobians$StepInterpolatorWrapper:getInterpolatedDyDpDot:707, 0.0
org.apache.commons.math.ode.jacobians.FirstOrderIntegratorWithJacobians$StepInterpolatorWrapper:getInterpolatedDyDpDot:708, 0.0
org.apache.commons.math.ode.jacobians.FirstOrderIntegratorWithJacobians$StepInterpolatorWrapper:getInterpolatedDyDy0Dot:692, 0.0
org.apache.commons.math.ode.jacobians.FirstOrderIntegratorWithJacobians$StepInterpolatorWrapper:getInterpolatedDyDy0Dot:690, 0.0
org.apache.commons.math.ode.jacobians.FirstOrderIntegratorWithJacobians$StepInterpolatorWrapper:getInterpolatedDyDy0Dot:691, 0.0
org.apache.commons.math.ode.jacobians.FirstOrderIntegratorWithJacobians$StepInterpolatorWrapper:getInterpolatedDyDpDot:710, 0.0
org.apache.commons.math.ode.jacobians.FirstOrderIntegratorWithJacobians$StepInterpolatorWrapper:getInterpolatedDyDy0:661, 0.0
org.apache.commons.math.ode.jacobians.FirstOrderIntegratorWithJacobians$StepInterpolatorWrapper:getInterpolatedDyDy0:660, 0.0
org.apache.commons.math.ode.jacobians.FirstOrderIntegratorWithJacobians$StepInterpolatorWrapper:getInterpolatedDyDy0:658, 0.0
org.apache.commons.math.ode.jacobians.FirstOrderIntegratorWithJacobians$StepInterpolatorWrapper:getInterpolatedDyDy0:659, 0.0
org.apache.commons.math.ode.jacobians.FirstOrderIntegratorWithJacobians$StepInterpolatorWrapper:getInterpolatedDyDy0:665, 0.0
org.apache.commons.math.ode.jacobians.FirstOrderIntegratorWithJacobians$StepInterpolatorWrapper:getInterpolatedDyDy0:662, 0.0
org.apache.commons.math.ode.jacobians.FirstOrderIntegratorWithJacobians$StepInterpolatorWrapper:getInterpolatedDyDy0:663, 0.0
org.apache.commons.math.ode.jacobians.FirstOrderIntegratorWithJacobians$StepHandlerWrapper:reset:576, 0.0
org.apache.commons.math.ode.jacobians.FirstOrderIntegratorWithJacobians$StepHandlerWrapper:reset:577, 0.0
org.apache.commons.math.ode.jacobians.FirstOrderIntegratorWithJacobians$StepInterpolatorWrapper:getInterpolatedDyDp:676, 0.0
org.apache.commons.math.ode.jacobians.FirstOrderIntegratorWithJacobians$StepInterpolatorWrapper:getInterpolatedDyDp:675, 0.0
org.apache.commons.math.ode.jacobians.FirstOrderIntegratorWithJacobians$StepInterpolatorWrapper:getInterpolatedDyDp:674, 0.0
org.apache.commons.math.ode.jacobians.FirstOrderIntegratorWithJacobians$StepInterpolatorWrapper:getInterpolatedDyDp:678, 0.0
org.apache.commons.math.ode.jacobians.FirstOrderIntegratorWithJacobians$StepInterpolatorWrapper:getInterpolatedDyDp:670, 0.0
org.apache.commons.math.ode.jacobians.FirstOrderIntegratorWithJacobians$StepInterpolatorWrapper:getInterpolatedDyDp:671, 0.0
org.apache.commons.math.ode.jacobians.FirstOrderIntegratorWithJacobians$StepInterpolatorWrapper:getInterpolatedDyDp:673, 0.0
org.apache.commons.math.ode.jacobians.FirstOrderIntegratorWithJacobians$StepInterpolatorWrapper:getInterpolatedDyDp:672, 0.0
org.apache.commons.math.ode.jacobians.FirstOrderIntegratorWithJacobians:getCurrentSignedStepsize:308, 0.0
org.apache.commons.math.ode.jacobians.FirstOrderIntegratorWithJacobians:getCurrentStepStart:295, 0.0
org.apache.commons.math.ode.jacobians.FirstOrderIntegratorWithJacobians:addStepHandler:110, 0.0
org.apache.commons.math.ode.jacobians.FirstOrderIntegratorWithJacobians:addStepHandler:111, 0.0
org.apache.commons.math.ode.jacobians.FirstOrderIntegratorWithJacobians:addStepHandler:113, 0.0
org.apache.commons.math.ode.jacobians.FirstOrderIntegratorWithJacobians:addStepHandler:112, 0.0
org.apache.commons.math.ode.jacobians.FirstOrderIntegratorWithJacobians$StepInterpolatorWrapper:getCurrentTime:715, 0.0
org.apache.commons.math.ode.nonstiff.ClassicalRungeKuttaStepInterpolator:computeInterpolatedStateAndDerivatives:98, 0.0
org.apache.commons.math.ode.nonstiff.RungeKuttaIntegrator:integrate:203, 0.0
org.apache.commons.math.ode.nonstiff.ClassicalRungeKuttaStepInterpolator:doCopy:79, 0.0
org.apache.commons.math.ode.nonstiff.ClassicalRungeKuttaStepInterpolator:computeInterpolatedStateAndDerivatives:96, 0.0
org.apache.commons.math.ode.nonstiff.ClassicalRungeKuttaStepInterpolator:computeInterpolatedStateAndDerivatives:97, 0.0
org.apache.commons.math.ode.nonstiff.ClassicalRungeKuttaStepInterpolator:computeInterpolatedStateAndDerivatives:93, 0.0
org.apache.commons.math.ode.nonstiff.ClassicalRungeKuttaStepInterpolator:computeInterpolatedStateAndDerivatives:92, 0.0
org.apache.commons.math.ode.nonstiff.ClassicalRungeKuttaStepInterpolator:computeInterpolatedStateAndDerivatives:95, 0.0
org.apache.commons.math.ode.nonstiff.ClassicalRungeKuttaStepInterpolator:computeInterpolatedStateAndDerivatives:94, 0.0
org.apache.commons.math.ode.nonstiff.ClassicalRungeKuttaStepInterpolator:computeInterpolatedStateAndDerivatives:89, 0.0
org.apache.commons.math.ode.nonstiff.ClassicalRungeKuttaStepInterpolator:computeInterpolatedStateAndDerivatives:88, 0.0
org.apache.commons.math.ode.nonstiff.ClassicalRungeKuttaStepInterpolator:computeInterpolatedStateAndDerivatives:91, 0.0
org.apache.commons.math.ode.nonstiff.ClassicalRungeKuttaStepInterpolator:computeInterpolatedStateAndDerivatives:90, 0.0
org.apache.commons.math.ode.nonstiff.ClassicalRungeKuttaStepInterpolator:<init>:73, 0.0
org.apache.commons.math.ode.nonstiff.ClassicalRungeKuttaStepInterpolator:<init>:74, 0.0
org.apache.commons.math.ode.AbstractIntegrator:getCurrentStepStart:133, 0.0
org.apache.commons.math.ode.nonstiff.ClassicalRungeKuttaStepInterpolator:computeInterpolatedStateAndDerivatives:108, 0.0
org.apache.commons.math.ode.nonstiff.ClassicalRungeKuttaStepInterpolator:computeInterpolatedStateAndDerivatives:102, 0.0
org.apache.commons.math.ode.nonstiff.ClassicalRungeKuttaStepInterpolator:computeInterpolatedStateAndDerivatives:100, 0.0
org.apache.commons.math.ode.nonstiff.ClassicalRungeKuttaStepInterpolator:computeInterpolatedStateAndDerivatives:101, 0.0
org.apache.commons.math.ode.nonstiff.ClassicalRungeKuttaStepInterpolator:computeInterpolatedStateAndDerivatives:99, 0.0
org.apache.commons.math.ode.nonstiff.ClassicalRungeKuttaStepInterpolator:computeInterpolatedStateAndDerivatives:104, 0.0
org.apache.commons.math.ode.nonstiff.RungeKuttaIntegrator:integrate:119, 0.0
org.apache.commons.math.ode.nonstiff.RungeKuttaIntegrator:integrate:122, 0.0
org.apache.commons.math.ode.nonstiff.RungeKuttaIntegrator:integrate:121, 0.0
org.apache.commons.math.ode.nonstiff.RungeKuttaIntegrator:integrate:120, 0.0
org.apache.commons.math.ode.nonstiff.RungeKuttaIntegrator:integrate:131, 0.0
org.apache.commons.math.ode.events.CombinedEventsManager:evaluateStep:157, 0.0
org.apache.commons.math.ode.events.CombinedEventsManager:evaluateStep:156, 0.0
org.apache.commons.math.ode.events.EventState:reset:335, 0.0
org.apache.commons.math.ode.AbstractIntegrator:getEventHandlers:111, 0.0
org.apache.commons.math.ode.events.CombinedEventsManager:getEventsHandlers:84, 0.0
org.apache.commons.math.ode.events.CombinedEventsManager:getEventsHandlers:83, 0.0
org.apache.commons.math.ode.events.CombinedEventsManager:getEventsHandlers:86, 0.0
org.apache.commons.math.ode.events.CombinedEventsManager:getEventsHandlers:82, 0.0
org.apache.commons.math.ode.events.CombinedEventsManager:reset:238, 0.0
org.apache.commons.math.ode.nonstiff.RungeKuttaIntegrator:integrate:210, 0.0
org.apache.commons.math.ode.nonstiff.RungeKuttaIntegrator:integrate:182, 0.0
org.apache.commons.math.ode.nonstiff.RungeKuttaIntegrator:integrate:183, 0.0
org.apache.commons.math.ode.nonstiff.RungeKuttaIntegrator:integrate:180, 0.0
org.apache.commons.math.ode.nonstiff.RungeKuttaIntegrator:integrate:181, 0.0
org.apache.commons.math.ode.nonstiff.RungeKuttaStepInterpolator:readExternal:165, 0.0
org.apache.commons.math.ode.nonstiff.RungeKuttaStepInterpolator:readExternal:167, 0.0
org.apache.commons.math.ode.nonstiff.RungeKuttaStepInterpolator:writeExternal:140, 0.0
org.apache.commons.math.ode.nonstiff.RungeKuttaStepInterpolator:readExternal:164, 0.0
org.apache.commons.math.ode.nonstiff.RungeKuttaStepInterpolator:readExternal:166, 0.0
org.apache.commons.math.ode.nonstiff.RungeKuttaStepInterpolator:writeExternal:141, 0.0
org.apache.commons.math.ode.nonstiff.RungeKuttaStepInterpolator:readExternal:168, 0.0
org.apache.commons.math.ode.nonstiff.RungeKuttaStepInterpolator:readExternal:163, 0.0
org.apache.commons.math.ode.nonstiff.RungeKuttaStepInterpolator:readExternal:162, 0.0
org.apache.commons.math.ode.nonstiff.RungeKuttaStepInterpolator:readExternal:176, 0.0
org.apache.commons.math.ode.nonstiff.RungeKuttaStepInterpolator:writeExternal:143, 0.0
org.apache.commons.math.ode.nonstiff.RungeKuttaStepInterpolator:writeExternal:142, 0.0
org.apache.commons.math.ode.nonstiff.RungeKuttaStepInterpolator:readExternal:174, 0.0
org.apache.commons.math.ode.nonstiff.RungeKuttaStepInterpolator:readExternal:172, 0.0
org.apache.commons.math.ode.nonstiff.RungeKuttaStepInterpolator:writeExternal:144, 0.0
org.apache.commons.math.ode.nonstiff.RungeKuttaStepInterpolator:readExternal:181, 0.0
org.apache.commons.math.ode.nonstiff.RungeKuttaStepInterpolator:writeExternal:145, 0.0
org.apache.commons.math.ode.nonstiff.RungeKuttaStepInterpolator:writeExternal:151, 0.0
org.apache.commons.math.ode.nonstiff.RungeKuttaStepInterpolator:readExternal:159, 0.0
org.apache.commons.math.ode.nonstiff.RungeKuttaStepInterpolator:writeExternal:137, 0.0
org.apache.commons.math.ode.nonstiff.EmbeddedRungeKuttaIntegrator:integrate:345, 0.0
org.apache.commons.math.ode.nonstiff.EmbeddedRungeKuttaIntegrator:getMinReduction:376, 0.0
org.apache.commons.math.ode.nonstiff.EmbeddedRungeKuttaIntegrator:getSafety:180, 0.0
org.apache.commons.math.ode.nonstiff.EmbeddedRungeKuttaIntegrator:getMaxGrowth:390, 0.0
org.apache.commons.math.ode.nonstiff.AdaptiveStepsizeIntegrator:initializeStep:211, 0.0
org.apache.commons.math.ode.nonstiff.AdaptiveStepsizeIntegrator:setInitialStepSize:153, 0.0
org.apache.commons.math.ode.nonstiff.AdaptiveStepsizeIntegrator:setInitialStepSize:155, 0.0
org.apache.commons.math.ode.nonstiff.AdaptiveStepsizeIntegrator:setInitialStepSize:150, 0.0
org.apache.commons.math.ode.nonstiff.EmbeddedRungeKuttaIntegrator:integrate:304, 0.0
org.apache.commons.math.ode.nonstiff.EmbeddedRungeKuttaIntegrator:integrate:300, 0.0
org.apache.commons.math.ode.nonstiff.EmbeddedRungeKuttaIntegrator:integrate:301, 0.0
org.apache.commons.math.ode.nonstiff.EmbeddedRungeKuttaIntegrator:integrate:302, 0.0
org.apache.commons.math.ode.nonstiff.EmbeddedRungeKuttaIntegrator:integrate:303, 0.0
org.apache.commons.math.ode.sampling.DummyStepHandler:<init>:43, 0.0
org.apache.commons.math.ode.sampling.DummyStepHandler:<init>:44, 0.0
org.apache.commons.math.ode.sampling.DummyStepHandler:<init>:37, 0.0
org.apache.commons.math.ode.sampling.DummyStepHandler:requiresDenseOutput:58, 0.0
org.apache.commons.math.ode.sampling.DummyStepHandler:handleStep:81, 0.0
org.apache.commons.math.ode.sampling.DummyStepHandler:getInstance:50, 0.0
org.apache.commons.math.ode.sampling.DummyStepHandler$LazyHolder:<clinit>:89, 0.0
org.apache.commons.math.ode.sampling.DummyStepHandler:reset:66, 0.0
org.apache.commons.math.ode.sampling.DummyStepHandler$LazyHolder:access$000:87, 0.0
org.apache.commons.math.ode.nonstiff.DormandPrince853Integrator:estimateError:274, 0.0
org.apache.commons.math.ode.nonstiff.DormandPrince853StepInterpolator:readExternal:467, 0.0
org.apache.commons.math.ode.nonstiff.DormandPrince853StepInterpolator:readExternal:470, 0.0
org.apache.commons.math.ode.nonstiff.DormandPrince853StepInterpolator:readExternal:468, 0.0
org.apache.commons.math.ode.nonstiff.DormandPrince853StepInterpolator:readExternal:469, 0.0
org.apache.commons.math.ode.nonstiff.DormandPrince853StepInterpolator:readExternal:476, 0.0
org.apache.commons.math.ode.nonstiff.DormandPrince853StepInterpolator:readExternal:474, 0.0
org.apache.commons.math.ode.nonstiff.DormandPrince853StepInterpolator:readExternal:464, 0.0
org.apache.commons.math.ode.nonstiff.DormandPrince853StepInterpolator:readExternal:465, 0.0
org.apache.commons.math.ode.nonstiff.DormandPrince853StepInterpolator:readExternal:463, 0.0
org.apache.commons.math.ode.nonstiff.DormandPrince853StepInterpolator:writeExternal:442, 0.0
org.apache.commons.math.ode.nonstiff.DormandPrince853StepInterpolator:writeExternal:443, 0.0
org.apache.commons.math.ode.nonstiff.DormandPrince853StepInterpolator:writeExternal:444, 0.0
org.apache.commons.math.ode.nonstiff.DormandPrince853StepInterpolator:writeExternal:445, 0.0
org.apache.commons.math.ode.nonstiff.DormandPrince853StepInterpolator:writeExternal:446, 0.0
org.apache.commons.math.ode.nonstiff.DormandPrince853StepInterpolator:writeExternal:447, 0.0
org.apache.commons.math.ode.nonstiff.DormandPrince853StepInterpolator:writeExternal:453, 0.0
org.apache.commons.math.ode.nonstiff.DormandPrince853StepInterpolator:writeExternal:451, 0.0
org.apache.commons.math.ode.nonstiff.DormandPrince853StepInterpolator:computeInterpolatedStateAndDerivatives:322, 0.0
org.apache.commons.math.ode.nonstiff.DormandPrince853StepInterpolator:computeInterpolatedStateAndDerivatives:323, 0.0
org.apache.commons.math.ode.nonstiff.DormandPrince853StepInterpolator:computeInterpolatedStateAndDerivatives:321, 0.0
org.apache.commons.math.ode.nonstiff.DormandPrince853StepInterpolator:readExternal:462, 0.0
org.apache.commons.math.ode.nonstiff.DormandPrince853StepInterpolator:readExternal:461, 0.0
org.apache.commons.math.ode.nonstiff.DormandPrince853StepInterpolator:writeExternal:441, 0.0
org.apache.commons.math.ode.nonstiff.DormandPrince853StepInterpolator:writeExternal:438, 0.0
org.apache.commons.math.ode.nonstiff.EulerIntegrator:<clinit>:56, 0.0
org.apache.commons.math.ode.nonstiff.EulerIntegrator:<clinit>:60, 0.0
org.apache.commons.math.ode.nonstiff.EulerIntegrator:<clinit>:52, 0.0
org.apache.commons.math.ode.nonstiff.EulerStepInterpolator:doCopy:74, 0.0
org.apache.commons.math.ode.nonstiff.EulerStepInterpolator:computeInterpolatedStateAndDerivatives:84, 0.0
org.apache.commons.math.ode.nonstiff.EulerStepInterpolator:computeInterpolatedStateAndDerivatives:85, 0.0
org.apache.commons.math.ode.nonstiff.EulerStepInterpolator:computeInterpolatedStateAndDerivatives:87, 0.0
org.apache.commons.math.ode.nonstiff.EulerStepInterpolator:computeInterpolatedStateAndDerivatives:89, 0.0
org.apache.commons.math.ode.nonstiff.EulerStepInterpolator:<init>:68, 0.0
org.apache.commons.math.ode.nonstiff.EulerStepInterpolator:<init>:69, 0.0
org.apache.commons.math.ode.nonstiff.GillStepInterpolator:computeInterpolatedStateAndDerivatives:102, 0.0
org.apache.commons.math.ode.nonstiff.GillStepInterpolator:computeInterpolatedStateAndDerivatives:103, 0.0
org.apache.commons.math.ode.nonstiff.GillStepInterpolator:computeInterpolatedStateAndDerivatives:100, 0.0
org.apache.commons.math.ode.nonstiff.GillStepInterpolator:computeInterpolatedStateAndDerivatives:101, 0.0
org.apache.commons.math.ode.nonstiff.GillStepInterpolator:computeInterpolatedStateAndDerivatives:98, 0.0
org.apache.commons.math.ode.nonstiff.GillStepInterpolator:computeInterpolatedStateAndDerivatives:99, 0.0
org.apache.commons.math.ode.nonstiff.GillStepInterpolator:computeInterpolatedStateAndDerivatives:96, 0.0
org.apache.commons.math.ode.nonstiff.GillStepInterpolator:computeInterpolatedStateAndDerivatives:97, 0.0
org.apache.commons.math.ode.nonstiff.GillStepInterpolator:computeInterpolatedStateAndDerivatives:111, 0.0
org.apache.commons.math.ode.nonstiff.GillStepInterpolator:computeInterpolatedStateAndDerivatives:108, 0.0
org.apache.commons.math.ode.nonstiff.GillStepInterpolator:computeInterpolatedStateAndDerivatives:109, 0.0
org.apache.commons.math.ode.nonstiff.GillStepInterpolator:computeInterpolatedStateAndDerivatives:106, 0.0
org.apache.commons.math.ode.nonstiff.GillStepInterpolator:computeInterpolatedStateAndDerivatives:107, 0.0
org.apache.commons.math.ode.nonstiff.GillStepInterpolator:computeInterpolatedStateAndDerivatives:104, 0.0
org.apache.commons.math.ode.nonstiff.GillStepInterpolator:computeInterpolatedStateAndDerivatives:105, 0.0
org.apache.commons.math.ode.nonstiff.GillStepInterpolator:computeInterpolatedStateAndDerivatives:95, 0.0
org.apache.commons.math.ode.nonstiff.GillStepInterpolator:computeInterpolatedStateAndDerivatives:118, 0.0
org.apache.commons.math.ode.nonstiff.GillStepInterpolator:computeInterpolatedStateAndDerivatives:116, 0.0
org.apache.commons.math.ode.nonstiff.GillStepInterpolator:computeInterpolatedStateAndDerivatives:115, 0.0
org.apache.commons.math.ode.nonstiff.GillStepInterpolator:computeInterpolatedStateAndDerivatives:114, 0.0
org.apache.commons.math.ode.nonstiff.GillStepInterpolator:computeInterpolatedStateAndDerivatives:113, 0.0
org.apache.commons.math.ode.nonstiff.GillStepInterpolator:computeInterpolatedStateAndDerivatives:112, 0.0
org.apache.commons.math.ode.nonstiff.GillStepInterpolator:computeInterpolatedStateAndDerivatives:122, 0.0
org.apache.commons.math.ode.nonstiff.GillStepInterpolator:<clinit>:51, 0.0
org.apache.commons.math.ode.nonstiff.GillStepInterpolator:<clinit>:54, 0.0
org.apache.commons.math.ode.nonstiff.GillIntegrator:<clinit>:48, 0.0
org.apache.commons.math.ode.nonstiff.GillIntegrator:<clinit>:53, 0.0
org.apache.commons.math.ode.nonstiff.GillIntegrator:<clinit>:60, 0.0
org.apache.commons.math.ode.nonstiff.GillStepInterpolator:doCopy:85, 0.0
org.apache.commons.math.ode.nonstiff.GillStepInterpolator:<init>:79, 0.0
org.apache.commons.math.ode.nonstiff.GillStepInterpolator:<init>:80, 0.0
org.apache.commons.math.ode.nonstiff.GraggBulirschStoerIntegrator:extrapolate:540, 0.0
org.apache.commons.math.ode.nonstiff.GraggBulirschStoerIntegrator:extrapolate:542, 0.0
org.apache.commons.math.ode.nonstiff.GraggBulirschStoerIntegrator:integrate:842, 0.0
org.apache.commons.math.ode.nonstiff.GraggBulirschStoerIntegrator:integrate:843, 0.0
org.apache.commons.math.ode.nonstiff.GraggBulirschStoerIntegrator:integrate:844, 0.0
org.apache.commons.math.ode.nonstiff.GraggBulirschStoerIntegrator:integrate:926, 0.0
org.apache.commons.math.ode.nonstiff.GraggBulirschStoerIntegrator:integrate:841, 0.0
org.apache.commons.math.ode.nonstiff.GraggBulirschStoerIntegrator:integrate:923, 0.0
org.apache.commons.math.ode.nonstiff.GraggBulirschStoerIntegrator:rescale:436, 0.0
org.apache.commons.math.ode.nonstiff.GraggBulirschStoerIntegrator:integrate:845, 0.0
org.apache.commons.math.ode.nonstiff.GraggBulirschStoerStepInterpolator:computeInterpolatedStateAndDerivatives:355, 0.0
org.apache.commons.math.ode.nonstiff.GraggBulirschStoerIntegrator:integrate:921, 0.0
org.apache.commons.math.ode.nonstiff.GraggBulirschStoerIntegrator:integrate:771, 0.0
org.apache.commons.math.ode.nonstiff.GraggBulirschStoerIntegrator:integrate:918, 0.0
org.apache.commons.math.ode.nonstiff.GraggBulirschStoerIntegrator:integrate:919, 0.0
org.apache.commons.math.ode.nonstiff.GraggBulirschStoerIntegrator:integrate:937, 0.0
org.apache.commons.math.ode.nonstiff.GraggBulirschStoerIntegrator:integrate:936, 0.0
org.apache.commons.math.ode.nonstiff.GraggBulirschStoerIntegrator:integrate:769, 0.0
org.apache.commons.math.ode.nonstiff.GraggBulirschStoerIntegrator:integrate:849, 0.0
org.apache.commons.math.ode.nonstiff.GraggBulirschStoerIntegrator:integrate:935, 0.0
org.apache.commons.math.ode.nonstiff.GraggBulirschStoerIntegrator:rescale:437, 0.0
org.apache.commons.math.ode.nonstiff.GraggBulirschStoerIntegrator:rescale:438, 0.0
org.apache.commons.math.ode.nonstiff.GraggBulirschStoerIntegrator:integrate:764, 0.0
org.apache.commons.math.ode.nonstiff.GraggBulirschStoerIntegrator:integrate:847, 0.0
org.apache.commons.math.ode.nonstiff.GraggBulirschStoerIntegrator:integrate:854, 0.0
org.apache.commons.math.ode.nonstiff.GraggBulirschStoerIntegrator:integrate:850, 0.0
org.apache.commons.math.ode.nonstiff.GraggBulirschStoerIntegrator:integrate:930, 0.0
org.apache.commons.math.ode.nonstiff.GraggBulirschStoerIntegrator:integrate:855, 0.0
org.apache.commons.math.ode.nonstiff.GraggBulirschStoerIntegrator:integrate:940, 0.0
org.apache.commons.math.ode.nonstiff.GraggBulirschStoerIntegrator:integrate:698, 0.0
org.apache.commons.math.ode.nonstiff.GraggBulirschStoerIntegrator:integrate:696, 0.0
org.apache.commons.math.ode.nonstiff.GraggBulirschStoerIntegrator:integrate:697, 0.0
org.apache.commons.math.ode.nonstiff.GraggBulirschStoerIntegrator:integrate:939, 0.0
org.apache.commons.math.ode.nonstiff.GraggBulirschStoerIntegrator:addEventHandler:358, 0.0
org.apache.commons.math.ode.nonstiff.GraggBulirschStoerIntegrator:addEventHandler:360, 0.0
org.apache.commons.math.ode.nonstiff.GraggBulirschStoerIntegrator:addEventHandler:355, 0.0
org.apache.commons.math.ode.nonstiff.GraggBulirschStoerIntegrator:integrate:856, 0.0
org.apache.commons.math.ode.nonstiff.GraggBulirschStoerIntegrator:integrate:938, 0.0
org.apache.commons.math.ode.nonstiff.GraggBulirschStoerIntegrator:integrate:997, 0.0
org.apache.commons.math.ode.nonstiff.GraggBulirschStoerIntegrator:integrate:857, 0.0
org.apache.commons.math.ode.nonstiff.GraggBulirschStoerStepInterpolator:computeCoefficients:246, 0.0
org.apache.commons.math.ode.nonstiff.GraggBulirschStoerStepInterpolator:computeCoefficients:291, 0.0
org.apache.commons.math.ode.nonstiff.GraggBulirschStoerStepInterpolator:computeCoefficients:279, 0.0
org.apache.commons.math.ode.nonstiff.GraggBulirschStoerStepInterpolator:computeCoefficients:282, 0.0
org.apache.commons.math.ode.nonstiff.GraggBulirschStoerStepInterpolator:computeCoefficients:281, 0.0
org.apache.commons.math.ode.nonstiff.GraggBulirschStoerStepInterpolator:computeCoefficients:280, 0.0
org.apache.commons.math.ode.nonstiff.GraggBulirschStoerStepInterpolator:computeCoefficients:277, 0.0
org.apache.commons.math.ode.nonstiff.GraggBulirschStoerStepInterpolator:computeCoefficients:276, 0.0
org.apache.commons.math.ode.nonstiff.GraggBulirschStoerIntegrator:integrate:832, 0.0
org.apache.commons.math.ode.nonstiff.GraggBulirschStoerIntegrator:integrate:960, 0.0
org.apache.commons.math.ode.nonstiff.GraggBulirschStoerIntegrator:integrate:820, 0.0
org.apache.commons.math.ode.nonstiff.GraggBulirschStoerStepInterpolator:computeCoefficients:275, 0.0
org.apache.commons.math.ode.nonstiff.GraggBulirschStoerStepInterpolator:computeCoefficients:273, 0.0
org.apache.commons.math.ode.nonstiff.GraggBulirschStoerStepInterpolator:computeCoefficients:272, 0.0
org.apache.commons.math.ode.nonstiff.GraggBulirschStoerIntegrator:integrate:864, 0.0
org.apache.commons.math.ode.nonstiff.GraggBulirschStoerStepInterpolator:estimateError:298, 0.0
org.apache.commons.math.ode.nonstiff.GraggBulirschStoerStepInterpolator:estimateError:299, 0.0
org.apache.commons.math.ode.nonstiff.GraggBulirschStoerIntegrator:integrate:823, 0.0
org.apache.commons.math.ode.nonstiff.GraggBulirschStoerStepInterpolator:computeCoefficients:271, 0.0
org.apache.commons.math.ode.nonstiff.GraggBulirschStoerStepInterpolator:computeCoefficients:268, 0.0
org.apache.commons.math.ode.nonstiff.GraggBulirschStoerStepInterpolator:computeCoefficients:269, 0.0
org.apache.commons.math.ode.nonstiff.GraggBulirschStoerIntegrator:integrate:867, 0.0
org.apache.commons.math.ode.nonstiff.GraggBulirschStoerIntegrator:integrate:869, 0.0
org.apache.commons.math.ode.nonstiff.GraggBulirschStoerIntegrator:integrate:871, 0.0
org.apache.commons.math.ode.nonstiff.GraggBulirschStoerIntegrator:integrate:953, 0.0
org.apache.commons.math.ode.nonstiff.GraggBulirschStoerStepInterpolator:estimateError:300, 0.0
org.apache.commons.math.ode.nonstiff.GraggBulirschStoerIntegrator:integrate:813, 0.0
org.apache.commons.math.ode.nonstiff.GraggBulirschStoerStepInterpolator:computeCoefficients:267, 0.0
org.apache.commons.math.ode.nonstiff.GraggBulirschStoerStepInterpolator:computeCoefficients:264, 0.0
org.apache.commons.math.ode.nonstiff.GraggBulirschStoerStepInterpolator:computeCoefficients:265, 0.0
org.apache.commons.math.ode.nonstiff.GraggBulirschStoerIntegrator:integrate:873, 0.0
org.apache.commons.math.ode.nonstiff.GraggBulirschStoerIntegrator:integrate:874, 0.0
org.apache.commons.math.ode.nonstiff.GraggBulirschStoerIntegrator:integrate:876, 0.0
org.apache.commons.math.ode.nonstiff.GraggBulirschStoerIntegrator:integrate:956, 0.0
org.apache.commons.math.ode.nonstiff.GraggBulirschStoerIntegrator:integrate:957, 0.0
org.apache.commons.math.ode.nonstiff.GraggBulirschStoerIntegrator:integrate:819, 0.0
org.apache.commons.math.ode.nonstiff.GraggBulirschStoerStepInterpolator:computeInterpolatedStateAndDerivatives:326, 0.0
org.apache.commons.math.ode.nonstiff.GraggBulirschStoerStepInterpolator:computeCoefficients:254, 0.0
org.apache.commons.math.ode.nonstiff.GraggBulirschStoerStepInterpolator:computeCoefficients:259, 0.0
org.apache.commons.math.ode.nonstiff.GraggBulirschStoerStepInterpolator:computeCoefficients:255, 0.0
org.apache.commons.math.ode.nonstiff.GraggBulirschStoerStepInterpolator:computeCoefficients:256, 0.0
org.apache.commons.math.ode.nonstiff.GraggBulirschStoerStepInterpolator:computeCoefficients:252, 0.0
org.apache.commons.math.ode.nonstiff.GraggBulirschStoerStepInterpolator:computeCoefficients:257, 0.0
org.apache.commons.math.ode.nonstiff.GraggBulirschStoerStepInterpolator:computeCoefficients:250, 0.0
org.apache.commons.math.ode.nonstiff.GraggBulirschStoerStepInterpolator:computeCoefficients:251, 0.0
org.apache.commons.math.ode.nonstiff.GraggBulirschStoerStepInterpolator:computeCoefficients:248, 0.0
org.apache.commons.math.ode.nonstiff.GraggBulirschStoerStepInterpolator:computeCoefficients:249, 0.0
org.apache.commons.math.ode.nonstiff.GraggBulirschStoerIntegrator:integrate:806, 0.0
org.apache.commons.math.ode.nonstiff.GraggBulirschStoerIntegrator:integrate:965, 0.0
org.apache.commons.math.ode.nonstiff.GraggBulirschStoerStepInterpolator:computeInterpolatedStateAndDerivatives:324, 0.0
org.apache.commons.math.ode.nonstiff.GraggBulirschStoerStepInterpolator:computeInterpolatedStateAndDerivatives:322, 0.0
org.apache.commons.math.ode.nonstiff.GraggBulirschStoerStepInterpolator:computeInterpolatedStateAndDerivatives:323, 0.0
org.apache.commons.math.ode.nonstiff.GraggBulirschStoerStepInterpolator:computeInterpolatedStateAndDerivatives:320, 0.0
org.apache.commons.math.ode.nonstiff.GraggBulirschStoerStepInterpolator:computeInterpolatedStateAndDerivatives:321, 0.0
org.apache.commons.math.ode.nonstiff.GraggBulirschStoerStepInterpolator:computeInterpolatedStateAndDerivatives:315, 0.0
org.apache.commons.math.ode.nonstiff.GraggBulirschStoerStepInterpolator:computeInterpolatedStateAndDerivatives:317, 0.0
org.apache.commons.math.ode.nonstiff.GraggBulirschStoerStepInterpolator:computeInterpolatedStateAndDerivatives:319, 0.0
org.apache.commons.math.ode.nonstiff.GraggBulirschStoerStepInterpolator:computeInterpolatedStateAndDerivatives:318, 0.0
org.apache.commons.math.ode.nonstiff.GraggBulirschStoerIntegrator:integrate:883, 0.0
org.apache.commons.math.ode.nonstiff.GraggBulirschStoerIntegrator:integrate:968, 0.0
org.apache.commons.math.ode.nonstiff.GraggBulirschStoerIntegrator:integrate:807, 0.0
org.apache.commons.math.ode.nonstiff.GraggBulirschStoerIntegrator:integrate:963, 0.0
org.apache.commons.math.ode.nonstiff.GraggBulirschStoerIntegrator:integrate:885, 0.0
org.apache.commons.math.ode.nonstiff.GraggBulirschStoerIntegrator:integrate:884, 0.0
org.apache.commons.math.ode.nonstiff.GraggBulirschStoerStepInterpolator:computeCoefficients:244, 0.0
org.apache.commons.math.ode.nonstiff.GraggBulirschStoerIntegrator:addEventHandler:354, 0.0
org.apache.commons.math.ode.nonstiff.GraggBulirschStoerIntegrator:integrate:887, 0.0
org.apache.commons.math.ode.nonstiff.GraggBulirschStoerIntegrator:integrate:886, 0.0
org.apache.commons.math.ode.nonstiff.GraggBulirschStoerIntegrator:integrate:982, 0.0
org.apache.commons.math.ode.nonstiff.GraggBulirschStoerIntegrator:integrate:981, 0.0
org.apache.commons.math.ode.nonstiff.GraggBulirschStoerStepInterpolator:computeCoefficients:240, 0.0
org.apache.commons.math.ode.nonstiff.GraggBulirschStoerIntegrator:integrate:889, 0.0
org.apache.commons.math.ode.nonstiff.GraggBulirschStoerIntegrator:integrate:890, 0.0
org.apache.commons.math.ode.nonstiff.GraggBulirschStoerIntegrator:integrate:744, 0.0
org.apache.commons.math.ode.nonstiff.GraggBulirschStoerStepInterpolator:computeInterpolatedStateAndDerivatives:341, 0.0
org.apache.commons.math.ode.nonstiff.GraggBulirschStoerStepInterpolator:computeInterpolatedStateAndDerivatives:340, 0.0
org.apache.commons.math.ode.nonstiff.GraggBulirschStoerStepInterpolator:computeInterpolatedStateAndDerivatives:339, 0.0
org.apache.commons.math.ode.nonstiff.GraggBulirschStoerStepInterpolator:computeInterpolatedStateAndDerivatives:338, 0.0
org.apache.commons.math.ode.nonstiff.GraggBulirschStoerIntegrator:integrate:838, 0.0
org.apache.commons.math.ode.nonstiff.GraggBulirschStoerIntegrator:integrate:839, 0.0
org.apache.commons.math.ode.nonstiff.GraggBulirschStoerIntegrator:integrate:897, 0.0
org.apache.commons.math.ode.nonstiff.GraggBulirschStoerIntegrator:integrate:751, 0.0
org.apache.commons.math.ode.nonstiff.GraggBulirschStoerIntegrator:integrate:749, 0.0
org.apache.commons.math.ode.nonstiff.GraggBulirschStoerIntegrator:integrate:973, 0.0
org.apache.commons.math.ode.nonstiff.GraggBulirschStoerIntegrator:integrate:900, 0.0
org.apache.commons.math.ode.nonstiff.GraggBulirschStoerIntegrator:integrate:899, 0.0
org.apache.commons.math.ode.nonstiff.GraggBulirschStoerIntegrator:tryStep:513, 0.0
org.apache.commons.math.ode.nonstiff.GraggBulirschStoerIntegrator:integrate:835, 0.0
org.apache.commons.math.ode.nonstiff.GraggBulirschStoerIntegrator:integrate:836, 0.0
org.apache.commons.math.ode.nonstiff.GraggBulirschStoerIntegrator:integrate:837, 0.0
org.apache.commons.math.ode.nonstiff.GraggBulirschStoerStepInterpolator:computeInterpolatedStateAndDerivatives:337, 0.0
org.apache.commons.math.ode.nonstiff.GraggBulirschStoerStepInterpolator:computeInterpolatedStateAndDerivatives:336, 0.0
org.apache.commons.math.ode.nonstiff.GraggBulirschStoerIntegrator:integrate:977, 0.0
org.apache.commons.math.ode.nonstiff.GraggBulirschStoerIntegrator:integrate:905, 0.0
org.apache.commons.math.ode.nonstiff.GraggBulirschStoerStepInterpolator:computeInterpolatedStateAndDerivatives:335, 0.0
org.apache.commons.math.ode.nonstiff.GraggBulirschStoerStepInterpolator:computeInterpolatedStateAndDerivatives:332, 0.0
org.apache.commons.math.ode.nonstiff.GraggBulirschStoerStepInterpolator:computeInterpolatedStateAndDerivatives:333, 0.0
org.apache.commons.math.ode.nonstiff.GraggBulirschStoerStepInterpolator:computeInterpolatedStateAndDerivatives:330, 0.0
org.apache.commons.math.ode.nonstiff.GraggBulirschStoerStepInterpolator:computeInterpolatedStateAndDerivatives:331, 0.0
org.apache.commons.math.ode.nonstiff.GraggBulirschStoerStepInterpolator:computeInterpolatedStateAndDerivatives:328, 0.0
org.apache.commons.math.ode.nonstiff.GraggBulirschStoerStepInterpolator:computeInterpolatedStateAndDerivatives:329, 0.0
org.apache.commons.math.ode.nonstiff.GraggBulirschStoerIntegrator:integrate:911, 0.0
org.apache.commons.math.ode.nonstiff.GraggBulirschStoerIntegrator:integrate:909, 0.0
org.apache.commons.math.ode.nonstiff.GraggBulirschStoerIntegrator:integrate:908, 0.0
org.apache.commons.math.ode.nonstiff.GraggBulirschStoerIntegrator:integrate:912, 0.0
org.apache.commons.math.ode.nonstiff.GraggBulirschStoerIntegrator:integrate:992, 0.0
org.apache.commons.math.ode.nonstiff.GraggBulirschStoerIntegrator:integrate:728, 0.0
org.apache.commons.math.ode.nonstiff.GraggBulirschStoerIntegrator:integrate:729, 0.0
org.apache.commons.math.ode.nonstiff.GraggBulirschStoerIntegrator:integrate:730, 0.0
org.apache.commons.math.ode.nonstiff.GraggBulirschStoerIntegrator:integrate:731, 0.0
org.apache.commons.math.ode.nonstiff.GraggBulirschStoerIntegrator:integrate:732, 0.0
org.apache.commons.math.ode.nonstiff.GraggBulirschStoerIntegrator:integrate:733, 0.0
org.apache.commons.math.ode.nonstiff.GraggBulirschStoerIntegrator:integrate:736, 0.0
org.apache.commons.math.ode.nonstiff.GraggBulirschStoerIntegrator:integrate:725, 0.0
org.apache.commons.math.ode.nonstiff.GraggBulirschStoerIntegrator:integrate:828, 0.0
org.apache.commons.math.ode.nonstiff.GraggBulirschStoerIntegrator:integrate:830, 0.0
org.apache.commons.math.ode.nonstiff.GraggBulirschStoerStepInterpolator:estimateError:301, 0.0
org.apache.commons.math.ode.nonstiff.GraggBulirschStoerStepInterpolator:estimateError:302, 0.0
org.apache.commons.math.ode.nonstiff.GraggBulirschStoerIntegrator:integrate:913, 0.0
org.apache.commons.math.ode.nonstiff.GraggBulirschStoerIntegrator:integrate:995, 0.0
org.apache.commons.math.ode.nonstiff.GraggBulirschStoerStepInterpolator:computeInterpolatedStateAndDerivatives:349, 0.0
org.apache.commons.math.ode.nonstiff.GraggBulirschStoerStepInterpolator:estimateError:304, 0.0
org.apache.commons.math.ode.nonstiff.GraggBulirschStoerIntegrator:integrate:739, 0.0
org.apache.commons.math.ode.nonstiff.GraggBulirschStoerIntegrator:integrate:917, 0.0
org.apache.commons.math.ode.nonstiff.GraggBulirschStoerIntegrator:integrate:986, 0.0
org.apache.commons.math.ode.nonstiff.GraggBulirschStoerIntegrator:integrate:988, 0.0
org.apache.commons.math.ode.nonstiff.GraggBulirschStoerStepInterpolator:estimateError:306, 0.0
org.apache.commons.math.ode.nonstiff.GraggBulirschStoerIntegrator:integrate:990, 0.0
org.apache.commons.math.ode.nonstiff.GraggBulirschStoerIntegrator:integrate:989, 0.0
org.apache.commons.math.ode.nonstiff.GraggBulirschStoerStepInterpolator:computeInterpolatedStateAndDerivatives:343, 0.0
org.apache.commons.math.ode.nonstiff.GraggBulirschStoerStepInterpolator:computeInterpolatedStateAndDerivatives:344, 0.0
org.apache.commons.math.ode.nonstiff.GraggBulirschStoerIntegrator:integrate:824, 0.0
org.apache.commons.math.ode.nonstiff.GraggBulirschStoerIntegrator:integrate:742, 0.0
org.apache.commons.math.ode.nonstiff.GraggBulirschStoerIntegrator:integrate:932, 0.0
org.apache.commons.math.ode.nonstiff.GraggBulirschStoerIntegrator:integrate:931, 0.0
org.apache.commons.math.ode.nonstiff.GraggBulirschStoerIntegrator:integrate:678, 0.0
org.apache.commons.math.ode.nonstiff.HighamHall54Integrator:<clinit>:56, 0.0
org.apache.commons.math.ode.nonstiff.HighamHall54Integrator:<clinit>:41, 0.0
org.apache.commons.math.ode.nonstiff.HighamHall54Integrator:<clinit>:46, 0.0
org.apache.commons.math.ode.nonstiff.HighamHall54Integrator:<clinit>:61, 0.0
org.apache.commons.math.ode.nonstiff.MidpointStepInterpolator:computeInterpolatedStateAndDerivatives:91, 0.0
org.apache.commons.math.ode.nonstiff.MidpointStepInterpolator:computeInterpolatedStateAndDerivatives:93, 0.0
org.apache.commons.math.ode.nonstiff.MidpointStepInterpolator:computeInterpolatedStateAndDerivatives:92, 0.0
org.apache.commons.math.ode.nonstiff.MidpointStepInterpolator:computeInterpolatedStateAndDerivatives:95, 0.0
org.apache.commons.math.ode.nonstiff.MidpointStepInterpolator:computeInterpolatedStateAndDerivatives:94, 0.0
org.apache.commons.math.ode.nonstiff.MidpointStepInterpolator:<init>:70, 0.0
org.apache.commons.math.ode.nonstiff.MidpointStepInterpolator:<init>:71, 0.0
org.apache.commons.math.ode.nonstiff.MidpointStepInterpolator:computeInterpolatedStateAndDerivatives:87, 0.0
org.apache.commons.math.ode.nonstiff.MidpointStepInterpolator:computeInterpolatedStateAndDerivatives:86, 0.0
org.apache.commons.math.ode.nonstiff.MidpointStepInterpolator:computeInterpolatedStateAndDerivatives:89, 0.0
org.apache.commons.math.ode.nonstiff.MidpointStepInterpolator:computeInterpolatedStateAndDerivatives:88, 0.0
org.apache.commons.math.ode.nonstiff.MidpointIntegrator:<clinit>:51, 0.0
org.apache.commons.math.ode.nonstiff.MidpointIntegrator:<clinit>:56, 0.0
org.apache.commons.math.ode.nonstiff.MidpointIntegrator:<clinit>:46, 0.0
org.apache.commons.math.ode.nonstiff.MidpointStepInterpolator:computeInterpolatedStateAndDerivatives:98, 0.0
org.apache.commons.math.ode.nonstiff.MidpointStepInterpolator:doCopy:76, 0.0
org.apache.commons.math.ode.nonstiff.ThreeEighthesStepInterpolator:computeInterpolatedStateAndDerivatives:114, 0.0
org.apache.commons.math.ode.nonstiff.ThreeEighthesIntegrator:<clinit>:48, 0.0
org.apache.commons.math.ode.nonstiff.ThreeEighthesIntegrator:<clinit>:53, 0.0
org.apache.commons.math.ode.nonstiff.ThreeEighthesIntegrator:<clinit>:60, 0.0
org.apache.commons.math.ode.nonstiff.ThreeEighthesStepInterpolator:computeInterpolatedStateAndDerivatives:102, 0.0
org.apache.commons.math.ode.nonstiff.ThreeEighthesStepInterpolator:computeInterpolatedStateAndDerivatives:103, 0.0
org.apache.commons.math.ode.nonstiff.ThreeEighthesStepInterpolator:computeInterpolatedStateAndDerivatives:109, 0.0
org.apache.commons.math.ode.nonstiff.ThreeEighthesStepInterpolator:computeInterpolatedStateAndDerivatives:106, 0.0
org.apache.commons.math.ode.nonstiff.ThreeEighthesStepInterpolator:computeInterpolatedStateAndDerivatives:107, 0.0
org.apache.commons.math.ode.nonstiff.ThreeEighthesStepInterpolator:computeInterpolatedStateAndDerivatives:104, 0.0
org.apache.commons.math.ode.nonstiff.ThreeEighthesStepInterpolator:computeInterpolatedStateAndDerivatives:105, 0.0
org.apache.commons.math.ode.nonstiff.ThreeEighthesStepInterpolator:doCopy:81, 0.0
org.apache.commons.math.ode.nonstiff.ThreeEighthesStepInterpolator:<init>:76, 0.0
org.apache.commons.math.ode.nonstiff.ThreeEighthesStepInterpolator:<init>:75, 0.0
org.apache.commons.math.ode.nonstiff.ThreeEighthesStepInterpolator:computeInterpolatedStateAndDerivatives:100, 0.0
org.apache.commons.math.ode.nonstiff.ThreeEighthesStepInterpolator:computeInterpolatedStateAndDerivatives:98, 0.0
org.apache.commons.math.ode.nonstiff.ThreeEighthesStepInterpolator:computeInterpolatedStateAndDerivatives:99, 0.0
org.apache.commons.math.ode.nonstiff.ThreeEighthesStepInterpolator:computeInterpolatedStateAndDerivatives:96, 0.0
org.apache.commons.math.ode.nonstiff.ThreeEighthesStepInterpolator:computeInterpolatedStateAndDerivatives:97, 0.0
org.apache.commons.math.ode.nonstiff.ThreeEighthesStepInterpolator:computeInterpolatedStateAndDerivatives:93, 0.0
org.apache.commons.math.ode.nonstiff.ThreeEighthesStepInterpolator:computeInterpolatedStateAndDerivatives:92, 0.0
org.apache.commons.math.ode.nonstiff.ThreeEighthesStepInterpolator:computeInterpolatedStateAndDerivatives:95, 0.0
org.apache.commons.math.ode.nonstiff.ThreeEighthesStepInterpolator:computeInterpolatedStateAndDerivatives:94, 0.0
org.apache.commons.math.ode.nonstiff.ThreeEighthesStepInterpolator:computeInterpolatedStateAndDerivatives:91, 0.0
org.apache.commons.math.ode.sampling.StepNormalizer:handleStep:133, 0.0
org.apache.commons.math.ode.sampling.StepNormalizer:handleStep:134, 0.0
org.apache.commons.math.ode.sampling.StepNormalizer:<init>:76, 0.0
org.apache.commons.math.ode.sampling.StepNormalizer:<init>:77, 0.0
org.apache.commons.math.ode.sampling.StepNormalizer:<init>:78, 0.0
org.apache.commons.math.ode.sampling.StepNormalizer:<init>:74, 0.0
org.apache.commons.math.ode.sampling.StepNormalizer:<init>:75, 0.0
org.apache.commons.math.ode.sampling.StepNormalizer:handleStep:148, 0.0
org.apache.commons.math.ode.sampling.StepNormalizer:handleStep:137, 0.0
org.apache.commons.math.ode.sampling.StepNormalizer:handleStep:141, 0.0
org.apache.commons.math.ode.sampling.StepNormalizer:handleStep:140, 0.0
org.apache.commons.math.ode.sampling.StepNormalizer:handleStep:142, 0.0
org.apache.commons.math.ode.sampling.StepNormalizer:handleStep:144, 0.0
org.apache.commons.math.ode.sampling.StepNormalizer:handleStep:147, 0.0
org.apache.commons.math.ode.sampling.StepNormalizer:handleStep:155, 0.0
org.apache.commons.math.ode.sampling.StepNormalizer:handleStep:119, 0.0
org.apache.commons.math.ode.sampling.StepNormalizer:handleStep:125, 0.0
org.apache.commons.math.ode.sampling.StepNormalizer:handleStep:122, 0.0
org.apache.commons.math.ode.sampling.StepNormalizer:handleStep:121, 0.0
org.apache.commons.math.ode.sampling.StepNormalizer:handleStep:120, 0.0
org.apache.commons.math.ode.sampling.StepNormalizer:handleStep:152, 0.0
org.apache.commons.math.ode.sampling.StepNormalizer:requiresDenseOutput:87, 0.0
org.apache.commons.math.ode.sampling.StepNormalizer:handleStep:158, 0.0
org.apache.commons.math.ode.sampling.StepNormalizer:handleStep:117, 0.0
org.apache.commons.math.ode.sampling.StepNormalizer:reset:95, 0.0
org.apache.commons.math.ode.sampling.StepNormalizer:reset:98, 0.0
org.apache.commons.math.ode.sampling.StepNormalizer:reset:99, 0.0
org.apache.commons.math.ode.sampling.StepNormalizer:reset:96, 0.0
org.apache.commons.math.ode.sampling.StepNormalizer:reset:97, 0.0
org.apache.commons.math.ode.sampling.StepNormalizer:handleStep:132, 0.0
org.apache.commons.math.ode.sampling.StepNormalizer:handleStep:126, 0.0
org.apache.commons.math.optimization.general.NonLinearConjugateGradientOptimizer:setPreconditioner:81, 0.0
org.apache.commons.math.optimization.general.NonLinearConjugateGradientOptimizer:setPreconditioner:82, 0.0
org.apache.commons.math.stat.regression.SimpleRegression:addData:193, 0.0
org.apache.commons.math.stat.regression.SimpleRegression:addData:194, 0.0
org.apache.commons.math.stat.regression.SimpleRegression:getSlope:304, 0.0
org.apache.commons.math.stat.regression.SimpleRegression:addData:196, 0.0
org.apache.commons.math.stat.regression.SimpleRegression:getSlopeConfidenceInterval:549, 0.0
org.apache.commons.math.stat.regression.SimpleRegression:addData:141, 0.0
org.apache.commons.math.stat.regression.SimpleRegression:addData:139, 0.0
org.apache.commons.math.stat.regression.SimpleRegression:getSumSquaredErrors:337, 0.0
org.apache.commons.math.stat.regression.SimpleRegression:getSlope:301, 0.0
org.apache.commons.math.stat.regression.SimpleRegression:<init>:95, 0.0
org.apache.commons.math.stat.regression.SimpleRegression:<init>:94, 0.0
org.apache.commons.math.stat.regression.SimpleRegression:addData:136, 0.0
org.apache.commons.math.stat.regression.SimpleRegression:addData:138, 0.0
org.apache.commons.math.stat.regression.SimpleRegression:addData:135, 0.0
org.apache.commons.math.stat.regression.SimpleRegression:addData:134, 0.0
org.apache.commons.math.stat.regression.SimpleRegression:getSlopeConfidenceInterval:513, 0.0
org.apache.commons.math.stat.regression.SimpleRegression:getSlope:298, 0.0
org.apache.commons.math.stat.regression.SimpleRegression:getMeanSquareError:411, 0.0
org.apache.commons.math.stat.regression.SimpleRegression:getSlopeConfidenceInterval:554, 0.0
org.apache.commons.math.stat.regression.SimpleRegression:addData:127, 0.0
org.apache.commons.math.stat.regression.SimpleRegression:addData:129, 0.0
org.apache.commons.math.stat.regression.SimpleRegression:addData:126, 0.0
org.apache.commons.math.stat.regression.SimpleRegression:addData:128, 0.0
org.apache.commons.math.stat.regression.SimpleRegression:addData:131, 0.0
org.apache.commons.math.stat.regression.SimpleRegression:addData:130, 0.0
org.apache.commons.math.stat.regression.SimpleRegression:addData:132, 0.0
org.apache.commons.math.stat.regression.SimpleRegression:<init>:68, 0.0
org.apache.commons.math.stat.regression.SimpleRegression:<init>:86, 0.0
org.apache.commons.math.stat.regression.SimpleRegression:<init>:71, 0.0
org.apache.commons.math.stat.regression.SimpleRegression:<init>:65, 0.0
org.apache.commons.math.stat.regression.SimpleRegression:<init>:80, 0.0
org.apache.commons.math.stat.regression.SimpleRegression:<init>:83, 0.0
org.apache.commons.math.stat.regression.SimpleRegression:<init>:77, 0.0
org.apache.commons.math.stat.regression.SimpleRegression:<init>:106, 0.0
org.apache.commons.math.stat.regression.SimpleRegression:<init>:104, 0.0
org.apache.commons.math.stat.regression.SimpleRegression:<init>:74, 0.0
org.apache.commons.math.stat.regression.SimpleRegression:<init>:105, 0.0
org.apache.commons.math.stat.regression.SimpleRegression:setDistribution:620, 0.0
org.apache.commons.math.stat.regression.SimpleRegression:getSignificance:580, 0.0
org.apache.commons.math.distribution.TDistributionImpl:setDegreesOfFreedom:81, 0.0
org.apache.commons.math.distribution.TDistributionImpl:setDegreesOfFreedom:82, 0.0
org.apache.commons.math.stat.regression.SimpleRegression:addData:124, 0.0
org.apache.commons.math.stat.regression.SimpleRegression:addData:123, 0.0
org.apache.commons.math.stat.regression.SimpleRegression:getInterceptStdErr:471, 0.0
org.apache.commons.math.stat.regression.SimpleRegression:getMeanSquareError:414, 0.0
org.apache.commons.math.stat.regression.SimpleRegression:addData:122, 0.0
org.apache.commons.math.stat.regression.SimpleRegression:setDistribution:617, 0.0
org.apache.commons.math.stat.regression.SimpleRegression:setDistribution:614, 0.0
org.apache.commons.math.stat.regression.SimpleRegression:getSlopeConfidenceInterval:550, 0.0
org.apache.commons.math.stat.regression.SimpleRegression:getSlopeStdErr:487, 0.0
org.apache.commons.math.stat.regression.SimpleRegression:removeData:213, 0.0
org.apache.commons.math.stat.regression.SimpleRegression:removeData:174, 0.0
org.apache.commons.math.stat.regression.SimpleRegression:removeData:171, 0.0
org.apache.commons.math.stat.regression.SimpleRegression:removeData:170, 0.0
org.apache.commons.math.stat.regression.SimpleRegression:removeData:168, 0.0
org.apache.commons.math.stat.regression.SimpleRegression:removeData:159, 0.0
org.apache.commons.math.stat.regression.SimpleRegression:removeData:163, 0.0
org.apache.commons.math.stat.regression.SimpleRegression:removeData:162, 0.0
org.apache.commons.math.stat.regression.SimpleRegression:removeData:161, 0.0
org.apache.commons.math.stat.regression.SimpleRegression:removeData:160, 0.0
org.apache.commons.math.stat.regression.SimpleRegression:removeData:167, 0.0
org.apache.commons.math.stat.regression.SimpleRegression:removeData:166, 0.0
org.apache.commons.math.stat.regression.SimpleRegression:removeData:165, 0.0
org.apache.commons.math.stat.regression.SimpleRegression:removeData:164, 0.0
org.apache.commons.math.stat.regression.SimpleRegression:removeData:214, 0.0
org.apache.commons.math.stat.regression.SimpleRegression:removeData:158, 0.0
org.apache.commons.math.stat.regression.SimpleRegression:removeData:216, 0.0
org.apache.commons.math.analysis.polynomials.PolynomialFunctionNewtonForm:verifyInputArray:214, 0.0
org.apache.commons.math.analysis.polynomials.PolynomialFunctionNewtonForm:verifyInputArray:219, 0.0
org.apache.commons.math.analysis.polynomials.PolynomialFunctionNewtonForm:<init>:81, 0.0
org.apache.commons.math.analysis.polynomials.PolynomialFunctionNewtonForm:<init>:80, 0.0
org.apache.commons.math.analysis.polynomials.PolynomialFunctionNewtonForm:<init>:76, 0.0
org.apache.commons.math.analysis.polynomials.PolynomialFunctionNewtonForm:<init>:77, 0.0
org.apache.commons.math.analysis.polynomials.PolynomialFunctionNewtonForm:<init>:78, 0.0
org.apache.commons.math.analysis.polynomials.PolynomialFunctionNewtonForm:<init>:79, 0.0
org.apache.commons.math.analysis.polynomials.PolynomialFunctionNewtonForm:<init>:73, 0.0
org.apache.commons.math.analysis.polynomials.PolynomialFunctionNewtonForm:<init>:75, 0.0
org.apache.commons.math.analysis.polynomials.PolynomialFunctionNewtonForm:evaluate:163, 0.0
org.apache.commons.math.analysis.polynomials.PolynomialFunctionNewtonForm:evaluate:161, 0.0
org.apache.commons.math.analysis.polynomials.PolynomialFunctionNewtonForm:evaluate:165, 0.0
org.apache.commons.math.analysis.polynomials.PolynomialFunctionNewtonForm:evaluate:164, 0.0
org.apache.commons.math.analysis.polynomials.PolynomialFunctionNewtonForm:verifyInputArray:210, 0.0
org.apache.commons.math.analysis.polynomials.PolynomialFunctionNewtonForm:evaluate:166, 0.0
org.apache.commons.math.analysis.interpolation.DividedDifferenceInterpolator:computeDividedDifference:115, 0.0
org.apache.commons.math.analysis.polynomials.PolynomialFunctionNewtonForm:value:92, 0.0
org.apache.commons.math.analysis.polynomials.PolynomialFunctionNewtonForm:evaluate:169, 0.0
org.apache.commons.math.analysis.interpolation.DividedDifferenceInterpolator:computeDividedDifference:112, 0.0
org.apache.commons.math.analysis.polynomials.PolynomialFunctionLagrangeForm:evaluate:214, 0.0
org.apache.commons.math.analysis.polynomials.PolynomialFunctionLagrangeForm:evaluate:206, 0.0
org.apache.commons.math.analysis.polynomials.PolynomialFunctionLagrangeForm:evaluate:209, 0.0
org.apache.commons.math.analysis.polynomials.PolynomialFunctionLagrangeForm:evaluate:210, 0.0
org.apache.commons.math.analysis.polynomials.PolynomialFunctionLagrangeForm:evaluate:207, 0.0
org.apache.commons.math.transform.FastFourierTransformer:verifyInterval:540, 0.0
org.apache.commons.math.transform.FastFourierTransformer:verifyInterval:545, 0.0
org.apache.commons.math.transform.FastFourierTransformer:isPowerOf2:501, 0.0
org.apache.commons.math.transform.FastCosineTransformer:transform:85, 0.0
org.apache.commons.math.transform.FastCosineTransformer:transform:84, 0.0
org.apache.commons.math.transform.FastFourierTransformer:sample:459, 0.0
org.apache.commons.math.transform.FastFourierTransformer:sample:458, 0.0
org.apache.commons.math.transform.FastCosineTransformer:fct:221, 0.0
org.apache.commons.math.transform.FastCosineTransformer:fct:223, 0.0
org.apache.commons.math.transform.FastCosineTransformer:fct:224, 0.0
org.apache.commons.math.transform.FastFourierTransformer:verifyInterval:541, 0.0
org.apache.commons.math.transform.FastFourierTransformer:sample:454, 0.0
org.apache.commons.math.transform.FastFourierTransformer:sample:457, 0.0
org.apache.commons.math.transform.FastFourierTransformer:sample:456, 0.0
org.apache.commons.math.transform.FastFourierTransformer:sample:461, 0.0
org.apache.commons.math.transform.FastCosineTransformer:<init>:48, 0.0
org.apache.commons.math.transform.FastCosineTransformer:<init>:47, 0.0
org.apache.commons.math.transform.FastFourierTransformer:sample:449, 0.0
org.apache.commons.math.transform.FastCosineTransformer:fct:225, 0.0
org.apache.commons.math.transform.FastFourierTransformer$RootsOfUnity:getOmegaImaginary:925, 0.0
org.apache.commons.math.transform.FastFourierTransformer$RootsOfUnity:computeOmega:864, 0.0
org.apache.commons.math.transform.FastFourierTransformer$RootsOfUnity:computeOmega:865, 0.0
org.apache.commons.math.transform.FastFourierTransformer$RootsOfUnity:computeOmega:866, 0.0
org.apache.commons.math.transform.FastFourierTransformer$RootsOfUnity:computeOmega:867, 0.0
org.apache.commons.math.transform.FastFourierTransformer$RootsOfUnity:computeOmega:868, 0.0
org.apache.commons.math.transform.FastFourierTransformer$RootsOfUnity:computeOmega:869, 0.0
org.apache.commons.math.transform.FastFourierTransformer$RootsOfUnity:computeOmega:870, 0.0
org.apache.commons.math.transform.FastFourierTransformer$RootsOfUnity:computeOmega:871, 0.0
org.apache.commons.math.transform.FastFourierTransformer$RootsOfUnity:computeOmega:872, 0.0
org.apache.commons.math.transform.FastFourierTransformer$RootsOfUnity:computeOmega:863, 0.0
org.apache.commons.math.transform.FastFourierTransformer:fft:327, 0.0
org.apache.commons.math.transform.FastFourierTransformer:fft:328, 0.0
org.apache.commons.math.transform.FastFourierTransformer:fft:329, 0.0
org.apache.commons.math.transform.FastFourierTransformer:fft:384, 0.0
org.apache.commons.math.transform.FastFourierTransformer:fft:339, 0.0
org.apache.commons.math.transform.FastFourierTransformer$RootsOfUnity:isForward:829, 0.0
org.apache.commons.math.transform.FastFourierTransformer$RootsOfUnity:getOmegaReal:897, 0.0
org.apache.commons.math.transform.FastFourierTransformer:fft:400, 0.0
org.apache.commons.math.transform.FastFourierTransformer:fft:338, 0.0
org.apache.commons.math.transform.FastFourierTransformer:fft:337, 0.0
org.apache.commons.math.transform.FastFourierTransformer:fft:336, 0.0
org.apache.commons.math.transform.FastFourierTransformer:fft:383, 0.0
org.apache.commons.math.transform.FastCosineTransformer:fct:239, 0.0
org.apache.commons.math.transform.FastCosineTransformer:fct:238, 0.0
org.apache.commons.math.transform.FastCosineTransformer:fct:237, 0.0
org.apache.commons.math.transform.FastCosineTransformer:fct:236, 0.0
org.apache.commons.math.transform.FastCosineTransformer:fct:240, 0.0
org.apache.commons.math.transform.FastFourierTransformer:fft:364, 0.0
org.apache.commons.math.transform.FastFourierTransformer:fft:367, 0.0
org.apache.commons.math.transform.FastFourierTransformer:fft:368, 0.0
org.apache.commons.math.transform.FastFourierTransformer:fft:363, 0.0
org.apache.commons.math.transform.FastFourierTransformer:fft:330, 0.0
org.apache.commons.math.transform.FastFourierTransformer$RootsOfUnity:computeOmega:848, 0.0
org.apache.commons.math.transform.FastFourierTransformer:scaleArray:488, 0.0
org.apache.commons.math.transform.FastFourierTransformer$RootsOfUnity:getOmegaImaginary:920, 0.0
org.apache.commons.math.transform.FastFourierTransformer$RootsOfUnity:computeOmega:858, 0.0
org.apache.commons.math.transform.FastFourierTransformer$RootsOfUnity:computeOmega:856, 0.0
org.apache.commons.math.transform.FastFourierTransformer$RootsOfUnity:computeOmega:853, 0.0
org.apache.commons.math.transform.FastFourierTransformer$RootsOfUnity:isForward:833, 0.0
org.apache.commons.math.transform.FastFourierTransformer:fft:401, 0.0
org.apache.commons.math.transform.FastFourierTransformer:fft:320, 0.0
org.apache.commons.math.transform.FastFourierTransformer:fft:319, 0.0
org.apache.commons.math.transform.FastFourierTransformer:fft:318, 0.0
org.apache.commons.math.transform.FastFourierTransformer:transform:89, 0.0
org.apache.commons.math.transform.FastFourierTransformer:fft:381, 0.0
org.apache.commons.math.transform.FastFourierTransformer:fft:382, 0.0
org.apache.commons.math.complex.Complex:conjugate:170, 0.0
org.apache.commons.math.transform.FastCosineTransformer:fct:246, 0.0
org.apache.commons.math.transform.FastCosineTransformer:fct:244, 0.0
org.apache.commons.math.transform.FastCosineTransformer:fct:245, 0.0
org.apache.commons.math.transform.FastCosineTransformer:fct:242, 0.0
org.apache.commons.math.transform.FastCosineTransformer:fct:243, 0.0
org.apache.commons.math.transform.FastCosineTransformer:fct:241, 0.0
org.apache.commons.math.transform.FastFourierTransformer:verifyDataSet:524, 0.0
org.apache.commons.math.transform.FastFourierTransformer$RootsOfUnity:<init>:820, 0.0
org.apache.commons.math.transform.FastFourierTransformer$RootsOfUnity:<init>:817, 0.0
org.apache.commons.math.transform.FastFourierTransformer$RootsOfUnity:<init>:816, 0.0
org.apache.commons.math.transform.FastFourierTransformer$RootsOfUnity:<init>:818, 0.0
org.apache.commons.math.transform.FastFourierTransformer$RootsOfUnity:<init>:812, 0.0
org.apache.commons.math.transform.FastFourierTransformer$RootsOfUnity:<init>:814, 0.0
org.apache.commons.math.transform.FastFourierTransformer$RootsOfUnity:<init>:815, 0.0
org.apache.commons.math.transform.FastFourierTransformer:fft:395, 0.0
org.apache.commons.math.transform.FastFourierTransformer:fft:394, 0.0
org.apache.commons.math.transform.FastFourierTransformer:fft:393, 0.0
org.apache.commons.math.transform.FastFourierTransformer:fft:392, 0.0
org.apache.commons.math.transform.FastFourierTransformer:fft:398, 0.0
org.apache.commons.math.transform.FastFourierTransformer:fft:397, 0.0
org.apache.commons.math.transform.FastFourierTransformer:fft:396, 0.0
org.apache.commons.math.transform.FastFourierTransformer:fft:391, 0.0
org.apache.commons.math.transform.FastFourierTransformer:scaleArray:489, 0.0
org.apache.commons.math.transform.FastCosineTransformer:fct:254, 0.0
org.apache.commons.math.transform.FastFourierTransformer$RootsOfUnity:getOmegaImaginary:916, 0.0
org.apache.commons.math.transform.FastFourierTransformer:fft:332, 0.0
org.apache.commons.math.transform.FastFourierTransformer:fft:380, 0.0
org.apache.commons.math.transform.FastFourierTransformer:fft:390, 0.0
org.apache.commons.math.complex.Complex:conjugate:167, 0.0
org.apache.commons.math.transform.FastFourierTransformer$RootsOfUnity:getOmegaReal:902, 0.0
org.apache.commons.math.transform.FastFourierTransformer$RootsOfUnity:computeOmega:881, 0.0
org.apache.commons.math.transform.FastFourierTransformer$RootsOfUnity:computeOmega:879, 0.0
org.apache.commons.math.transform.FastFourierTransformer:verifyDataSet:515, 0.0
org.apache.commons.math.transform.FastFourierTransformer:verifyDataSet:528, 0.0
org.apache.commons.math.transform.FastCosineTransformer:fct:252, 0.0
org.apache.commons.math.transform.FastCosineTransformer:fct:253, 0.0
org.apache.commons.math.transform.FastCosineTransformer:fct:248, 0.0
org.apache.commons.math.transform.FastCosineTransformer:fct:249, 0.0
org.apache.commons.math.transform.FastFourierTransformer:fft:333, 0.0
org.apache.commons.math.transform.FastFourierTransformer:<init>:68, 0.0
org.apache.commons.math.transform.FastFourierTransformer:<init>:74, 0.0
org.apache.commons.math.transform.FastFourierTransformer:<init>:75, 0.0
org.apache.commons.math.transform.FastFourierTransformer:fft:379, 0.0
org.apache.commons.math.transform.FastFourierTransformer:fft:405, 0.0
org.apache.commons.math.transform.FastFourierTransformer:fft:350, 0.0
org.apache.commons.math.transform.FastFourierTransformer$RootsOfUnity:computeOmega:873, 0.0
org.apache.commons.math.transform.FastFourierTransformer$RootsOfUnity:computeOmega:875, 0.0
org.apache.commons.math.transform.FastFourierTransformer$RootsOfUnity:computeOmega:877, 0.0
org.apache.commons.math.transform.FastFourierTransformer$RootsOfUnity:getOmegaReal:893, 0.0
org.apache.commons.math.transform.FastCosineTransformer:fct:258, 0.0
org.apache.commons.math.transform.FastCosineTransformer:fct:260, 0.0
org.apache.commons.math.transform.FastCosineTransformer:fct:229, 0.0
org.apache.commons.math.transform.FastFourierTransformer:fft:342, 0.0
org.apache.commons.math.transform.FastFourierTransformer:fft:341, 0.0
org.apache.commons.math.transform.FastFourierTransformer:fft:340, 0.0
org.apache.commons.math.transform.FastFourierTransformer:fft:347, 0.0
org.apache.commons.math.transform.FastFourierTransformer:fft:346, 0.0
org.apache.commons.math.transform.FastFourierTransformer:fft:344, 0.0
org.apache.commons.math.transform.FastFourierTransformer:scaleArray:491, 0.0
org.apache.commons.math.transform.FastFourierTransformer:fft:386, 0.0
org.apache.commons.math.transform.FastFourierTransformer:verifyDataSet:511, 0.0
org.apache.commons.math.transform.FastCosineTransformer:fct:255, 0.0
org.apache.commons.math.transform.FastCosineTransformer:fct:256, 0.0
org.apache.commons.math.transform.FastFourierTransformer:fft:425, 0.0
org.apache.commons.math.transform.FastFourierTransformer:fft:372, 0.0
org.apache.commons.math.transform.FastFourierTransformer:transform:110, 0.0
org.apache.commons.math.transform.FastFourierTransformer:transform:111, 0.0
org.apache.commons.math.transform.FastFourierTransformer:verifyDataSet:512, 0.0
org.apache.commons.math.transform.FastFourierTransformer:sample:450, 0.0
org.apache.commons.math.transform.FastFourierTransformer:fft:406, 0.0
org.apache.commons.math.transform.FastFourierTransformer:fft:407, 0.0
org.apache.commons.math.transform.FastFourierTransformer:inversetransform:227, 0.0
org.apache.commons.math.transform.FastFourierTransformer:inversetransform:226, 0.0
org.apache.commons.math.transform.FastFourierTransformer:inversetransform:225, 0.0
org.apache.commons.math.transform.FastFourierTransformer:fft:408, 0.0
org.apache.commons.math.transform.FastFourierTransformer:fft:410, 0.0
org.apache.commons.math.transform.FastFourierTransformer:fft:411, 0.0
org.apache.commons.math.transform.FastFourierTransformer:fft:414, 0.0
org.apache.commons.math.transform.FastFourierTransformer:fft:412, 0.0
org.apache.commons.math.transform.FastFourierTransformer:fft:421, 0.0
org.apache.commons.math.transform.FastFourierTransformer:fft:420, 0.0
org.apache.commons.math.transform.FastSineTransformer:<init>:48, 0.0
org.apache.commons.math.transform.FastSineTransformer:<init>:47, 0.0
org.apache.commons.math.transform.FastSineTransformer:fst:215, 0.0
org.apache.commons.math.transform.FastSineTransformer:fst:217, 0.0
org.apache.commons.math.transform.FastSineTransformer:fst:218, 0.0
org.apache.commons.math.transform.FastSineTransformer:transform:85, 0.0
org.apache.commons.math.transform.FastSineTransformer:transform:84, 0.0
org.apache.commons.math.transform.FastSineTransformer:transform:86, 0.0
org.apache.commons.math.transform.FastSineTransformer:fst:231, 0.0
org.apache.commons.math.transform.FastSineTransformer:fst:230, 0.0
org.apache.commons.math.transform.FastSineTransformer:fst:233, 0.0
org.apache.commons.math.transform.FastSineTransformer:fst:232, 0.0
org.apache.commons.math.transform.FastSineTransformer:fst:223, 0.0
org.apache.commons.math.transform.FastSineTransformer:fst:224, 0.0
org.apache.commons.math.transform.FastSineTransformer:fst:250, 0.0
org.apache.commons.math.transform.FastSineTransformer:fst:246, 0.0
org.apache.commons.math.transform.FastSineTransformer:fst:247, 0.0
org.apache.commons.math.transform.FastSineTransformer:fst:245, 0.0
org.apache.commons.math.transform.FastSineTransformer:fst:239, 0.0
org.apache.commons.math.transform.FastSineTransformer:fst:244, 0.0
org.apache.commons.math.transform.FastSineTransformer:fst:243, 0.0
org.apache.commons.math.transform.FastSineTransformer:fst:240, 0.0
org.apache.commons.math.transform.FastSineTransformer:fst:237, 0.0
org.apache.commons.math.transform.FastSineTransformer:fst:236, 0.0
org.apache.commons.math.transform.FastSineTransformer:fst:235, 0.0
org.apache.commons.math.transform.FastSineTransformer:fst:234, 0.0
org.apache.commons.math.analysis.solvers.UnivariateRealSolverUtils:bracket:179, 0.0
org.apache.commons.math.analysis.solvers.UnivariateRealSolverUtils:bracket:183, 0.0
org.apache.commons.math.analysis.solvers.UnivariateRealSolverUtils:bracket:176, 0.0
org.apache.commons.math.analysis.solvers.UnivariateRealSolverUtils:setup:233, 0.0
org.apache.commons.math.analysis.interpolation.SplineInterpolator:interpolate:60, 0.0
org.apache.commons.math.analysis.interpolation.SplineInterpolator:interpolate:74, 0.0
org.apache.commons.math.analysis.polynomials.PolynomialFunctionLagrangeForm:verifyInterpolationArray:304, 0.0
org.apache.commons.math.analysis.polynomials.PolynomialFunctionLagrangeForm:verifyInterpolationArray:299, 0.0
org.apache.commons.math.analysis.polynomials.PolynomialFunctionNewtonForm:verifyInputArray:215, 0.0
org.apache.commons.math.complex.ComplexUtils:polar2Complex:63, 0.0
org.apache.commons.math.complex.ComplexUtils:polar2Complex:64, 0.0
org.apache.commons.math.distribution.BinomialDistributionImpl:inverseCumulativeProbability:219, 0.0
org.apache.commons.math.distribution.BinomialDistributionImpl:setProbabilityOfSuccessInternal:120, 0.0
org.apache.commons.math.distribution.BinomialDistributionImpl:inverseCumulativeProbability:214, 0.0
org.apache.commons.math.distribution.AbstractIntegerDistribution:inverseCumulativeProbability:165, 0.0
org.apache.commons.math.distribution.BinomialDistributionImpl:setNumberOfTrialsInternal:98, 0.0
org.apache.commons.math.distribution.BinomialDistributionImpl:setNumberOfTrialsInternal:97, 0.0
org.apache.commons.math.distribution.BinomialDistributionImpl:<init>:51, 0.0
org.apache.commons.math.distribution.BinomialDistributionImpl:<init>:50, 0.0
org.apache.commons.math.distribution.BinomialDistributionImpl:<init>:53, 0.0
org.apache.commons.math.distribution.BinomialDistributionImpl:<init>:52, 0.0
org.apache.commons.math.distribution.BinomialDistributionImpl:setProbabilityOfSuccessInternal:125, 0.0
org.apache.commons.math.distribution.BinomialDistributionImpl:setProbabilityOfSuccessInternal:124, 0.0
org.apache.commons.math.distribution.AbstractIntegerDistribution:cumulativeProbability:147, 0.0
org.apache.commons.math.distribution.BinomialDistributionImpl:setNumberOfTrialsInternal:93, 0.0
org.apache.commons.math.distribution.AbstractIntegerDistribution:inverseCumulativeProbability:166, 0.0
org.apache.commons.math.distribution.BinomialDistributionImpl:inverseCumulativeProbability:211, 0.0
org.apache.commons.math.distribution.AbstractIntegerDistribution:<init>:51, 0.0
org.apache.commons.math.distribution.AbstractIntegerDistribution:<init>:52, 0.0
org.apache.commons.math.distribution.AbstractIntegerDistribution:cumulativeProbability:146, 0.0
org.apache.commons.math.distribution.CauchyDistributionImpl:<init>:81, 0.0
org.apache.commons.math.distribution.CauchyDistributionImpl:<init>:80, 0.0
org.apache.commons.math.distribution.CauchyDistributionImpl:<init>:82, 0.0
org.apache.commons.math.distribution.CauchyDistributionImpl:<init>:78, 0.0
org.apache.commons.math.distribution.CauchyDistributionImpl:<init>:79, 0.0
org.apache.commons.math.distribution.CauchyDistributionImpl:<init>:47, 0.0
org.apache.commons.math.distribution.CauchyDistributionImpl:<init>:44, 0.0
org.apache.commons.math.distribution.CauchyDistributionImpl:inverseCumulativeProbability:138, 0.0
org.apache.commons.math.distribution.CauchyDistributionImpl:inverseCumulativeProbability:137, 0.0
org.apache.commons.math.distribution.CauchyDistributionImpl:<init>:66, 0.0
org.apache.commons.math.distribution.CauchyDistributionImpl:<init>:67, 0.0
org.apache.commons.math.distribution.AbstractDistribution:cumulativeProbability:62, 0.0
org.apache.commons.math.distribution.CauchyDistributionImpl:setScaleInternal:187, 0.0
org.apache.commons.math.distribution.CauchyDistributionImpl:setScaleInternal:188, 0.0
org.apache.commons.math.distribution.CauchyDistributionImpl:setScaleInternal:183, 0.0
org.apache.commons.math.distribution.AbstractDistribution:cumulativeProbability:61, 0.0
org.apache.commons.math.distribution.CauchyDistributionImpl:setMedianInternal:165, 0.0
org.apache.commons.math.distribution.CauchyDistributionImpl:setMedianInternal:164, 0.0
org.apache.commons.math.distribution.CauchyDistributionImpl:setScaleInternal:184, 0.0
org.apache.commons.math.distribution.CauchyDistributionImpl:setScale:176, 0.0
org.apache.commons.math.distribution.CauchyDistributionImpl:setScale:175, 0.0
org.apache.commons.math.distribution.ChiSquaredDistributionImpl:setDegreesOfFreedom:93, 0.0
org.apache.commons.math.distribution.ChiSquaredDistributionImpl:setDegreesOfFreedom:94, 0.0
org.apache.commons.math.distribution.GammaDistributionImpl:setAlphaInternal:147, 0.0
org.apache.commons.math.distribution.AbstractContinuousDistribution:inverseCumulativeProbability:82, 0.0
org.apache.commons.math.distribution.ExponentialDistributionImpl:inverseCumulativeProbability:166, 0.0
org.apache.commons.math.distribution.ExponentialDistributionImpl:setMeanInternal:89, 0.0
org.apache.commons.math.distribution.ExponentialDistributionImpl:setMeanInternal:88, 0.0
org.apache.commons.math.distribution.ExponentialDistributionImpl:setMeanInternal:84, 0.0
org.apache.commons.math.distribution.ExponentialDistributionImpl:inverseCumulativeProbability:167, 0.0
org.apache.commons.math.distribution.ExponentialDistributionImpl:<init>:53, 0.0
org.apache.commons.math.distribution.ExponentialDistributionImpl:<init>:52, 0.0
org.apache.commons.math.distribution.ExponentialDistributionImpl:<init>:64, 0.0
org.apache.commons.math.distribution.ExponentialDistributionImpl:<init>:63, 0.0
org.apache.commons.math.distribution.ExponentialDistributionImpl:<init>:65, 0.0
org.apache.commons.math.distribution.ExponentialDistributionImpl:<init>:66, 0.0
org.apache.commons.math.distribution.ExponentialDistributionImpl:getMean:96, 0.0
org.apache.commons.math.distribution.ExponentialDistributionImpl:setMeanInternal:85, 0.0
org.apache.commons.math.distribution.ExponentialDistributionImpl:setMean:76, 0.0
org.apache.commons.math.distribution.ExponentialDistributionImpl:setMean:77, 0.0
org.apache.commons.math.distribution.FDistributionImpl:getDenominatorDegreesOfFreedom:269, 0.0
org.apache.commons.math.distribution.FDistributionImpl:setDenominatorDegreesOfFreedomInternal:258, 0.0
org.apache.commons.math.distribution.FDistributionImpl:setNumeratorDegreesOfFreedomInternal:224, 0.0
org.apache.commons.math.distribution.FDistributionImpl:setNumeratorDegreesOfFreedom:213, 0.0
org.apache.commons.math.distribution.FDistributionImpl:setNumeratorDegreesOfFreedom:214, 0.0
org.apache.commons.math.distribution.FDistributionImpl:getNumeratorDegreesOfFreedom:235, 0.0
org.apache.commons.math.distribution.GammaDistributionImpl:setBeta:171, 0.0
org.apache.commons.math.distribution.GammaDistributionImpl:setBeta:170, 0.0
org.apache.commons.math.distribution.GammaDistributionImpl:setBetaInternal:180, 0.0
org.apache.commons.math.distribution.HypergeometricDistributionImpl:setNumberOfSuccessesInternal:250, 0.0
org.apache.commons.math.distribution.HypergeometricDistributionImpl:<init>:69, 0.0
org.apache.commons.math.distribution.HypergeometricDistributionImpl:<init>:70, 0.0
org.apache.commons.math.distribution.HypergeometricDistributionImpl:<init>:71, 0.0
org.apache.commons.math.distribution.HypergeometricDistributionImpl:<init>:72, 0.0
org.apache.commons.math.distribution.HypergeometricDistributionImpl:setSampleSizeInternal:300, 0.0
org.apache.commons.math.distribution.HypergeometricDistributionImpl:<init>:62, 0.0
org.apache.commons.math.distribution.HypergeometricDistributionImpl:setNumberOfSuccessesInternal:254, 0.0
org.apache.commons.math.distribution.HypergeometricDistributionImpl:setNumberOfSuccessesInternal:255, 0.0
org.apache.commons.math.distribution.HypergeometricDistributionImpl:<init>:56, 0.0
org.apache.commons.math.distribution.HypergeometricDistributionImpl:<init>:55, 0.0
org.apache.commons.math.distribution.HypergeometricDistributionImpl:setSampleSizeInternal:305, 0.0
org.apache.commons.math.distribution.HypergeometricDistributionImpl:setSampleSizeInternal:304, 0.0
org.apache.commons.math.distribution.HypergeometricDistributionImpl:setPopulationSizeInternal:280, 0.0
org.apache.commons.math.distribution.HypergeometricDistributionImpl:setPopulationSizeInternal:279, 0.0
org.apache.commons.math.distribution.HypergeometricDistributionImpl:setPopulationSizeInternal:275, 0.0
org.apache.commons.math.distribution.HypergeometricDistributionImpl:setPopulationSizeInternal:276, 0.0
org.apache.commons.math.distribution.HypergeometricDistributionImpl:setPopulationSize:266, 0.0
org.apache.commons.math.distribution.HypergeometricDistributionImpl:setPopulationSize:267, 0.0
org.apache.commons.math.distribution.HypergeometricDistributionImpl:getPopulationSize:164, 0.0
org.apache.commons.math.distribution.NormalDistributionImpl:setStandardDeviationInternal:140, 0.0
org.apache.commons.math.distribution.NormalDistributionImpl:setStandardDeviation:131, 0.0
org.apache.commons.math.distribution.NormalDistributionImpl:setStandardDeviation:132, 0.0
org.apache.commons.math.distribution.NormalDistributionImpl:getMean:95, 0.0
org.apache.commons.math.distribution.NormalDistributionImpl:getStandardDeviation:120, 0.0
org.apache.commons.math.distribution.PascalDistributionImpl:setProbabilityOfSuccessInternal:115, 0.0
org.apache.commons.math.distribution.PascalDistributionImpl:<init>:51, 0.0
org.apache.commons.math.distribution.PascalDistributionImpl:<init>:50, 0.0
org.apache.commons.math.distribution.PascalDistributionImpl:<init>:53, 0.0
org.apache.commons.math.distribution.PascalDistributionImpl:<init>:52, 0.0
org.apache.commons.math.distribution.PascalDistributionImpl:inverseCumulativeProbability:207, 0.0
org.apache.commons.math.distribution.PascalDistributionImpl:setNumberOfSuccessesInternal:89, 0.0
org.apache.commons.math.distribution.PascalDistributionImpl:setNumberOfSuccessesInternal:95, 0.0
org.apache.commons.math.distribution.PascalDistributionImpl:setNumberOfSuccessesInternal:94, 0.0
org.apache.commons.math.distribution.PascalDistributionImpl:inverseCumulativeProbability:202, 0.0
org.apache.commons.math.distribution.PascalDistributionImpl:setProbabilityOfSuccessInternal:119, 0.0
org.apache.commons.math.distribution.PascalDistributionImpl:setProbabilityOfSuccessInternal:120, 0.0
org.apache.commons.math.distribution.PascalDistributionImpl:inverseCumulativeProbability:204, 0.0
org.apache.commons.math.distribution.PoissonDistributionImpl:<init>:78, 0.0
org.apache.commons.math.distribution.PoissonDistributionImpl:<init>:79, 0.0
org.apache.commons.math.distribution.PoissonDistributionImpl:<init>:68, 0.0
org.apache.commons.math.distribution.PoissonDistributionImpl:<init>:136, 0.0
org.apache.commons.math.distribution.PoissonDistributionImpl:<init>:63, 0.0
org.apache.commons.math.distribution.PoissonDistributionImpl:<init>:135, 0.0
org.apache.commons.math.distribution.PoissonDistributionImpl:<init>:134, 0.0
org.apache.commons.math.distribution.NormalDistributionImpl:<init>:87, 0.0
org.apache.commons.math.distribution.NormalDistributionImpl:<init>:88, 0.0
org.apache.commons.math.distribution.NormalDistributionImpl:setMean:106, 0.0
org.apache.commons.math.distribution.NormalDistributionImpl:setMean:105, 0.0
org.apache.commons.math.distribution.PoissonDistributionImpl:setNormalAndMeanInternal:176, 0.0
org.apache.commons.math.distribution.PoissonDistributionImpl:setNormalAndMeanInternal:177, 0.0
org.apache.commons.math.distribution.PoissonDistributionImpl:setNormalAndMeanInternal:175, 0.0
org.apache.commons.math.distribution.PoissonDistributionImpl:setNormalAndMeanInternal:174, 0.0
org.apache.commons.math.distribution.PoissonDistributionImpl:setNormalAndMeanInternal:173, 0.0
org.apache.commons.math.distribution.PoissonDistributionImpl:setNormalAndMeanInternal:169, 0.0
org.apache.commons.math.distribution.PoissonDistributionImpl:setMean:157, 0.0
org.apache.commons.math.distribution.PoissonDistributionImpl:setMean:158, 0.0
org.apache.commons.math.distribution.PoissonDistributionImpl:setNormalAndMeanInternal:170, 0.0
org.apache.commons.math.distribution.PoissonDistributionImpl:getMean:144, 0.0
org.apache.commons.math.distribution.TDistributionImpl:getDegreesOfFreedom:101, 0.0
org.apache.commons.math.distribution.TDistributionImpl:setDegreesOfFreedomInternal:89, 0.0
org.apache.commons.math.distribution.WeibullDistributionImpl:inverseCumulativeProbability:151, 0.0
org.apache.commons.math.distribution.WeibullDistributionImpl:inverseCumulativeProbability:150, 0.0
org.apache.commons.math.distribution.WeibullDistributionImpl:setScaleInternal:205, 0.0
org.apache.commons.math.distribution.WeibullDistributionImpl:setScaleInternal:204, 0.0
org.apache.commons.math.distribution.WeibullDistributionImpl:setScaleInternal:199, 0.0
org.apache.commons.math.distribution.WeibullDistributionImpl:<init>:76, 0.0
org.apache.commons.math.distribution.WeibullDistributionImpl:<init>:72, 0.0
org.apache.commons.math.distribution.WeibullDistributionImpl:<init>:73, 0.0
org.apache.commons.math.distribution.WeibullDistributionImpl:<init>:74, 0.0
org.apache.commons.math.distribution.WeibullDistributionImpl:<init>:75, 0.0
org.apache.commons.math.distribution.WeibullDistributionImpl:setShapeInternal:177, 0.0
org.apache.commons.math.distribution.WeibullDistributionImpl:setShapeInternal:182, 0.0
org.apache.commons.math.distribution.WeibullDistributionImpl:setShapeInternal:183, 0.0
org.apache.commons.math.distribution.WeibullDistributionImpl:<init>:59, 0.0
org.apache.commons.math.distribution.WeibullDistributionImpl:<init>:60, 0.0
org.apache.commons.math.distribution.WeibullDistributionImpl:setShape:171, 0.0
org.apache.commons.math.distribution.WeibullDistributionImpl:setShape:170, 0.0
org.apache.commons.math.distribution.WeibullDistributionImpl:setShapeInternal:178, 0.0
org.apache.commons.math.distribution.WeibullDistributionImpl:setScaleInternal:200, 0.0
org.apache.commons.math.distribution.WeibullDistributionImpl:setScale:193, 0.0
org.apache.commons.math.distribution.WeibullDistributionImpl:setScale:192, 0.0
org.apache.commons.math.distribution.ZipfDistributionImpl:setExponentInternal:133, 0.0
org.apache.commons.math.distribution.ZipfDistributionImpl:setExponentInternal:134, 0.0
org.apache.commons.math.distribution.ZipfDistributionImpl:setExponentInternal:128, 0.0
org.apache.commons.math.distribution.ZipfDistributionImpl:setNumberOfElementsInternal:93, 0.0
org.apache.commons.math.distribution.ZipfDistributionImpl:setNumberOfElementsInternal:94, 0.0
org.apache.commons.math.distribution.ZipfDistributionImpl:setNumberOfElementsInternal:88, 0.0
org.apache.commons.math.distribution.ZipfDistributionImpl:<init>:51, 0.0
org.apache.commons.math.distribution.ZipfDistributionImpl:<init>:54, 0.0
org.apache.commons.math.distribution.ZipfDistributionImpl:<init>:53, 0.0
org.apache.commons.math.distribution.ZipfDistributionImpl:<init>:52, 0.0
org.apache.commons.math.fraction.BigFraction:<init>:185, 0.0
org.apache.commons.math.fraction.BigFraction:<init>:198, 0.0
org.apache.commons.math.fraction.BigFraction:<init>:210, 0.0
org.apache.commons.math.fraction.BigFraction:<init>:211, 0.0
org.apache.commons.math.fraction.BigFraction:<init>:182, 0.0
org.apache.commons.math.fraction.Fraction:addSub:519, 0.0
org.apache.commons.math.fraction.Fraction:addSub:522, 0.0
org.apache.commons.math.fraction.Fraction:addSub:523, 0.0
org.apache.commons.math.util.MathUtils:addAndCheck:100, 0.0
org.apache.commons.math.fraction.Fraction:addSub:487, 0.0
org.apache.commons.math.util.MathUtils:mulAndCheck:963, 0.0
org.apache.commons.math.fraction.Fraction:add:449, 0.0
org.apache.commons.math.fraction.Fraction:<init>:282, 0.0
org.apache.commons.math.fraction.Fraction:<init>:281, 0.0
org.apache.commons.math.fraction.Fraction:getNumerator:377, 0.0
org.apache.commons.math.fraction.Fraction:addSub:498, 0.0
org.apache.commons.math.fraction.Fraction:addSub:499, 0.0
org.apache.commons.math.fraction.Fraction:addSub:503, 0.0
org.apache.commons.math.util.MathUtils:addAndCheck:101, 0.0
org.apache.commons.math.util.MathUtils:mulAndCheck:960, 0.0
org.apache.commons.math.util.MathUtils:mulAndCheck:959, 0.0
org.apache.commons.math.fraction.Fraction:addSub:490, 0.0
org.apache.commons.math.fraction.Fraction:addSub:501, 0.0
org.apache.commons.math.fraction.Fraction:addSub:502, 0.0
org.apache.commons.math.fraction.Fraction:addSub:511, 0.0
org.apache.commons.math.fraction.Fraction:addSub:513, 0.0
org.apache.commons.math.fraction.Fraction:addSub:515, 0.0
org.apache.commons.math.fraction.Fraction:getDenominator:369, 0.0
org.apache.commons.math.util.MathUtils:addAndCheck:103, 0.0
org.apache.commons.math.fraction.Fraction:addSub:527, 0.0
org.apache.commons.math.util.MathUtils:addAndCheck:99, 0.0
org.apache.commons.math.util.MathUtils:gcd:644, 0.0
org.apache.commons.math.util.MathUtils:gcd:643, 0.0
org.apache.commons.math.util.MathUtils:gcd:642, 0.0
org.apache.commons.math.fraction.Fraction:addSub:493, 0.0
org.apache.commons.math.fraction.Fraction:addSub:518, 0.0
org.apache.commons.math.util.MathUtils:mulAndCheck:961, 0.0
org.apache.commons.math.fraction.Fraction:addSub:486, 0.0
org.apache.commons.math.fraction.Fraction:add:440, 0.0
org.apache.commons.math.fraction.Fraction:addSub:524, 0.0
org.apache.commons.math.fraction.Fraction:getReducedFraction:621, 0.0
org.apache.commons.math.fraction.Fraction:multiply:546, 0.0
org.apache.commons.math.fraction.Fraction:divide:579, 0.0
org.apache.commons.math.fraction.Fraction:multiply:551, 0.0
org.apache.commons.math.fraction.Fraction:multiply:552, 0.0
org.apache.commons.math.fraction.Fraction:multiply:553, 0.0
org.apache.commons.math.fraction.Fraction:<init>:271, 0.0
org.apache.commons.math.fraction.Fraction:getReducedFraction:618, 0.0
org.apache.commons.math.fraction.Fraction:getReducedFraction:610, 0.0
org.apache.commons.math.fraction.Fraction:getReducedFraction:634, 0.0
org.apache.commons.math.fraction.Fraction:getReducedFraction:633, 0.0
org.apache.commons.math.fraction.Fraction:getReducedFraction:632, 0.0
org.apache.commons.math.fraction.Fraction:getReducedFraction:631, 0.0
org.apache.commons.math.fraction.Fraction:divide:581, 0.0
org.apache.commons.math.fraction.Fraction:divide:586, 0.0
org.apache.commons.math.fraction.Fraction:multiply:543, 0.0
org.apache.commons.math.fraction.Fraction:multiply:547, 0.0
org.apache.commons.math.fraction.Fraction:<init>:275, 0.0
org.apache.commons.math.fraction.Fraction:<init>:276, 0.0
org.apache.commons.math.fraction.Fraction:divide:595, 0.0
org.apache.commons.math.fraction.Fraction:divide:582, 0.0
org.apache.commons.math.fraction.Fraction:getReducedFraction:614, 0.0
org.apache.commons.math.fraction.Fraction:divide:578, 0.0
org.apache.commons.math.fraction.Fraction:reciprocal:426, 0.0
org.apache.commons.math.fraction.Fraction:multiply:564, 0.0
org.apache.commons.math.fraction.Fraction:multiply:544, 0.0
org.apache.commons.math.util.MathUtils:subAndCheck:1466, 0.0
org.apache.commons.math.util.MathUtils:subAndCheck:1467, 0.0
org.apache.commons.math.fraction.Fraction:negate:418, 0.0
org.apache.commons.math.util.MathUtils:subAndCheck:1470, 0.0
org.apache.commons.math.fraction.Fraction:negate:414, 0.0
org.apache.commons.math.util.MathUtils:subAndCheck:1468, 0.0
org.apache.commons.math.fraction.Fraction:subtract:472, 0.0
org.apache.commons.math.fraction.Fraction:subtract:463, 0.0
org.apache.commons.math.geometry.Vector3D:orthogonal:316, 0.0
org.apache.commons.math.geometry.Vector3D:orthogonal:313, 0.0
org.apache.commons.math.geometry.Rotation:<init>:473, 0.0
org.apache.commons.math.geometry.Rotation:<init>:463, 0.0
org.apache.commons.math.geometry.Rotation:<init>:462, 0.0
org.apache.commons.math.geometry.Rotation:<init>:461, 0.0
org.apache.commons.math.geometry.Rotation:<init>:460, 0.0
org.apache.commons.math.geometry.Rotation:<init>:459, 0.0
org.apache.commons.math.geometry.Rotation:<init>:458, 0.0
org.apache.commons.math.geometry.Rotation:<init>:450, 0.0
org.apache.commons.math.geometry.Vector3D:scalarMultiply:371, 0.0
org.apache.commons.math.geometry.Vector3D:orthogonal:317, 0.0
org.apache.commons.math.geometry.Vector3D:orthogonal:318, 0.0
org.apache.commons.math.geometry.Rotation:<init>:455, 0.0
org.apache.commons.math.geometry.Rotation:<init>:453, 0.0
org.apache.commons.math.geometry.Rotation:<init>:449, 0.0
org.apache.commons.math.geometry.Rotation:<init>:446, 0.0
org.apache.commons.math.geometry.Rotation:<init>:448, 0.0
org.apache.commons.math.geometry.Rotation:<init>:470, 0.0
org.apache.commons.math.geometry.Rotation:<init>:468, 0.0
org.apache.commons.math.geometry.Rotation:<init>:469, 0.0
org.apache.commons.math.geometry.Rotation:<init>:466, 0.0
org.apache.commons.math.geometry.Rotation:<init>:467, 0.0
org.apache.commons.math.geometry.Vector3D:dotProduct:450, 0.0
org.apache.commons.math.geometry.Vector3D:negate:363, 0.0
org.apache.commons.math.geometry.Vector3D:orthogonal:309, 0.0
org.apache.commons.math.geometry.Vector3D:orthogonal:308, 0.0
org.apache.commons.math.geometry.Vector3D:crossProduct:459, 0.0
org.apache.commons.math.geometry.Rotation:<init>:410, 0.0
org.apache.commons.math.geometry.Rotation:<init>:411, 0.0
org.apache.commons.math.geometry.Rotation:<init>:318, 0.0
org.apache.commons.math.geometry.Rotation:<init>:343, 0.0
org.apache.commons.math.geometry.Rotation:<init>:342, 0.0
org.apache.commons.math.geometry.Rotation:<init>:341, 0.0
org.apache.commons.math.geometry.Rotation:<init>:340, 0.0
org.apache.commons.math.geometry.Rotation:<init>:339, 0.0
org.apache.commons.math.geometry.Rotation:<init>:338, 0.0
org.apache.commons.math.geometry.Rotation:<init>:347, 0.0
org.apache.commons.math.geometry.Rotation:<init>:346, 0.0
org.apache.commons.math.geometry.Rotation:<init>:345, 0.0
org.apache.commons.math.geometry.Rotation:<init>:344, 0.0
org.apache.commons.math.geometry.Rotation:<init>:326, 0.0
org.apache.commons.math.geometry.Rotation:<init>:327, 0.0
org.apache.commons.math.geometry.Rotation:<init>:324, 0.0
org.apache.commons.math.geometry.Rotation:<init>:322, 0.0
org.apache.commons.math.geometry.Rotation:<init>:323, 0.0
org.apache.commons.math.geometry.Rotation:<init>:334, 0.0
org.apache.commons.math.geometry.Rotation:<init>:335, 0.0
org.apache.commons.math.geometry.Rotation:<init>:332, 0.0
org.apache.commons.math.geometry.Rotation:<init>:333, 0.0
org.apache.commons.math.geometry.Rotation:<init>:331, 0.0
org.apache.commons.math.geometry.Rotation:<init>:328, 0.0
org.apache.commons.math.geometry.Rotation:<init>:356, 0.0
org.apache.commons.math.geometry.Rotation:<init>:357, 0.0
org.apache.commons.math.geometry.Rotation:<init>:358, 0.0
org.apache.commons.math.geometry.Rotation:<init>:359, 0.0
org.apache.commons.math.geometry.Rotation:<init>:352, 0.0
org.apache.commons.math.geometry.Rotation:<init>:353, 0.0
org.apache.commons.math.geometry.Rotation:<init>:354, 0.0
org.apache.commons.math.geometry.Rotation:<init>:355, 0.0
org.apache.commons.math.geometry.Rotation:<init>:367, 0.0
org.apache.commons.math.geometry.Rotation:<init>:360, 0.0
org.apache.commons.math.geometry.Rotation:<init>:363, 0.0
org.apache.commons.math.geometry.Rotation:<init>:395, 0.0
org.apache.commons.math.geometry.Rotation:<init>:392, 0.0
org.apache.commons.math.geometry.Rotation:<init>:399, 0.0
org.apache.commons.math.geometry.Rotation:<init>:319, 0.0
org.apache.commons.math.geometry.Rotation:<init>:425, 0.0
org.apache.commons.math.geometry.Rotation:<init>:429, 0.0
org.apache.commons.math.geometry.Rotation:<init>:428, 0.0
org.apache.commons.math.geometry.Rotation:<init>:431, 0.0
org.apache.commons.math.geometry.Rotation:<init>:419, 0.0
org.apache.commons.math.geometry.Rotation:<init>:418, 0.0
org.apache.commons.math.geometry.Rotation:<init>:421, 0.0
org.apache.commons.math.geometry.Rotation:<init>:420, 0.0
org.apache.commons.math.geometry.Rotation:<init>:422, 0.0
org.apache.commons.math.geometry.Rotation:<init>:402, 0.0
org.apache.commons.math.geometry.Rotation:<init>:403, 0.0
org.apache.commons.math.geometry.Rotation:<init>:406, 0.0
org.apache.commons.math.geometry.Rotation:<init>:404, 0.0
org.apache.commons.math.geometry.Rotation:<init>:405, 0.0
org.apache.commons.math.geometry.Rotation:getAxis:550, 0.0
org.apache.commons.math.geometry.Rotation:getAxis:551, 0.0
org.apache.commons.math.geometry.Rotation:getAxis:558, 0.0
org.apache.commons.math.geometry.Rotation:getAxis:557, 0.0
org.apache.commons.math.geometry.Rotation:getAxis:553, 0.0
org.apache.commons.math.geometry.Rotation:<init>:315, 0.0
org.apache.commons.math.geometry.Rotation:<init>:314, 0.0
org.apache.commons.math.geometry.Rotation:<init>:317, 0.0
org.apache.commons.math.geometry.Rotation:<init>:316, 0.0
org.apache.commons.math.geometry.Rotation:<init>:311, 0.0
org.apache.commons.math.geometry.Rotation:<init>:373, 0.0
org.apache.commons.math.geometry.Rotation:<init>:372, 0.0
org.apache.commons.math.geometry.Rotation:<init>:375, 0.0
org.apache.commons.math.geometry.Rotation:<init>:374, 0.0
org.apache.commons.math.geometry.Rotation:<init>:371, 0.0
org.apache.commons.math.geometry.Rotation:<init>:370, 0.0
org.apache.commons.math.geometry.Rotation:<init>:381, 0.0
org.apache.commons.math.geometry.Rotation:<init>:380, 0.0
org.apache.commons.math.geometry.Rotation:<init>:382, 0.0
org.apache.commons.math.geometry.Rotation:<init>:377, 0.0
org.apache.commons.math.geometry.Rotation:<init>:376, 0.0
org.apache.commons.math.geometry.Rotation:<init>:379, 0.0
org.apache.commons.math.geometry.Rotation:<init>:385, 0.0
org.apache.commons.math.geometry.Rotation:<init>:389, 0.0
org.apache.commons.math.linear.MatrixUtils:checkAdditionCompatible:618, 0.0
org.apache.commons.math.linear.AbstractRealMatrix:scalarMultiply:136, 0.0
org.apache.commons.math.linear.AbstractRealMatrix:scalarMultiply:137, 0.0
org.apache.commons.math.linear.AbstractRealMatrix:scalarMultiply:138, 0.0
org.apache.commons.math.linear.AbstractRealMatrix:scalarMultiply:133, 0.0
org.apache.commons.math.linear.AbstractRealMatrix:scalarMultiply:135, 0.0
org.apache.commons.math.linear.AbstractRealMatrix:scalarMultiply:134, 0.0
org.apache.commons.math.linear.MatrixUtils:checkSubtractionCompatible:635, 0.0
org.apache.commons.math.linear.AbstractRealMatrix:scalarMultiply:142, 0.0
org.apache.commons.math.linear.AbstractRealMatrix:preMultiply:174, 0.0
org.apache.commons.math.linear.AbstractRealMatrix:setSubMatrix:400, 0.0
org.apache.commons.math.linear.AbstractRealMatrix:setSubMatrix:399, 0.0
org.apache.commons.math.linear.AbstractRealMatrix:setSubMatrix:375, 0.0
org.apache.commons.math.linear.AbstractRealMatrix:setSubMatrix:376, 0.0
org.apache.commons.math.linear.AbstractRealMatrix:setSubMatrix:385, 0.0
org.apache.commons.math.linear.Array2DRowRealMatrix:setSubMatrix:341, 0.0
org.apache.commons.math.linear.AbstractRealMatrix:setSubMatrix:387, 0.0
org.apache.commons.math.linear.AbstractRealMatrix:setSubMatrix:382, 0.0
org.apache.commons.math.linear.AbstractRealMatrix:setSubMatrix:406, 0.0
org.apache.commons.math.linear.AbstractRealMatrix:setSubMatrix:404, 0.0
org.apache.commons.math.linear.AbstractRealMatrix:setSubMatrix:381, 0.0
org.apache.commons.math.linear.AbstractRealMatrix:setSubMatrix:380, 0.0
org.apache.commons.math.linear.AbstractRealMatrix:setSubMatrix:398, 0.0
org.apache.commons.math.linear.AbstractRealMatrix:setSubMatrix:386, 0.0
org.apache.commons.math.linear.Array2DRowRealMatrix:<init>:84, 0.0
org.apache.commons.math.linear.Array2DRowRealMatrix:<init>:83, 0.0
org.apache.commons.math.linear.Array2DRowRealMatrix:setSubMatrix:364, 0.0
org.apache.commons.math.linear.AbstractRealMatrix:setSubMatrix:395, 0.0
org.apache.commons.math.linear.AbstractRealMatrix:setSubMatrix:394, 0.0
org.apache.commons.math.linear.AbstractRealMatrix:setSubMatrix:393, 0.0
org.apache.commons.math.linear.AbstractRealMatrix:setSubMatrix:396, 0.0
org.apache.commons.math.linear.Array2DRowRealMatrix:setSubMatrix:337, 0.0
org.apache.commons.math.linear.ArrayFieldVector:<init>:144, 0.0
org.apache.commons.math.linear.ArrayFieldVector:<init>:145, 0.0
org.apache.commons.math.linear.ArrayFieldVector:<init>:76, 0.0
org.apache.commons.math.linear.ArrayFieldVector:<init>:77, 0.0
org.apache.commons.math.linear.ArrayFieldVector:<init>:75, 0.0
org.apache.commons.math.linear.ArrayFieldVector:<init>:133, 0.0
org.apache.commons.math.linear.ArrayFieldVector:<init>:132, 0.0
org.apache.commons.math.linear.ArrayFieldVector:<init>:135, 0.0
org.apache.commons.math.linear.ArrayFieldVector:<init>:134, 0.0
org.apache.commons.math.linear.ArrayFieldVector:<init>:64, 0.0
org.apache.commons.math.linear.ArrayFieldVector:<init>:63, 0.0
org.apache.commons.math.linear.ArrayFieldVector:<init>:65, 0.0
org.apache.commons.math.linear.ArrayFieldVector:<init>:66, 0.0
org.apache.commons.math.linear.ArrayFieldVector:<init>:67, 0.0
org.apache.commons.math.linear.ArrayFieldVector:<init>:153, 0.0
org.apache.commons.math.linear.ArrayFieldVector:<init>:154, 0.0
org.apache.commons.math.linear.ArrayFieldVector:<init>:155, 0.0
org.apache.commons.math.linear.ArrayFieldVector:<init>:156, 0.0
org.apache.commons.math.linear.ArrayFieldVector:<init>:166, 0.0
org.apache.commons.math.linear.ArrayFieldVector:<init>:165, 0.0
org.apache.commons.math.linear.ArrayFieldVector:getField:233, 0.0
org.apache.commons.math.linear.ArrayFieldVector:<init>:127, 0.0
org.apache.commons.math.linear.ArrayFieldVector:<init>:126, 0.0
org.apache.commons.math.linear.ArrayFieldVector:buildArray:228, 0.0
org.apache.commons.math.linear.ArrayFieldVector:<init>:128, 0.0
org.apache.commons.math.linear.ArrayFieldVector:<init>:147, 0.0
org.apache.commons.math.linear.ArrayFieldVector:<init>:178, 0.0
org.apache.commons.math.linear.ArrayFieldVector:<init>:176, 0.0
org.apache.commons.math.linear.ArrayFieldVector:<init>:177, 0.0
org.apache.commons.math.linear.ArrayFieldVector:<init>:175, 0.0
org.apache.commons.math.linear.ArrayFieldVector:<init>:174, 0.0
org.apache.commons.math.linear.ArrayFieldVector:<init>:173, 0.0
org.apache.commons.math.linear.ArrayFieldVector:<init>:141, 0.0
org.apache.commons.math.linear.ArrayFieldVector:<init>:143, 0.0
org.apache.commons.math.linear.ArrayFieldVector:<init>:142, 0.0
org.apache.commons.math.linear.ArrayFieldVector:<init>:56, 0.0
org.apache.commons.math.linear.ArrayFieldVector:<init>:55, 0.0
org.apache.commons.math.linear.ArrayFieldVector:<init>:163, 0.0
org.apache.commons.math.linear.ArrayFieldVector:<init>:164, 0.0
org.apache.commons.math.fraction.Fraction:hashCode:386, 0.0
org.apache.commons.math.linear.ArrayFieldVector:hashCode:785, 0.0
org.apache.commons.math.linear.ArrayFieldVector:hashCode:782, 0.0
org.apache.commons.math.linear.ArrayFieldVector:hashCode:781, 0.0
org.apache.commons.math.linear.ArrayFieldVector:checkVectorDimensions:705, 0.0
org.apache.commons.math.linear.ArrayFieldVector:checkVectorDimensions:704, 0.0
org.apache.commons.math.linear.ArrayFieldVector:checkVectorDimensions:716, 0.0
org.apache.commons.math.linear.ArrayFieldVector:checkVectorDimensions:717, 0.0
org.apache.commons.math.linear.ArrayFieldVector:hashCode:783, 0.0
org.apache.commons.math.linear.BigMatrixImpl:<init>:207, 0.0
org.apache.commons.math.linear.BigMatrixImpl:<init>:206, 0.0
org.apache.commons.math.linear.BigMatrixImpl:<init>:208, 0.0
org.apache.commons.math.linear.BigMatrixImpl:getColumnDimension:998, 0.0
org.apache.commons.math.linear.BigMatrixImpl:copyIn:1476, 0.0
org.apache.commons.math.linear.BigMatrixImpl:<init>:199, 0.0
org.apache.commons.math.linear.BigMatrixImpl:copyIn:1479, 0.0
org.apache.commons.math.linear.BigMatrixImpl:add:305, 0.0
org.apache.commons.math.linear.BigMatrixImpl:add:307, 0.0
org.apache.commons.math.linear.BigMatrixImpl:add:309, 0.0
org.apache.commons.math.linear.BigMatrixImpl:add:308, 0.0
org.apache.commons.math.linear.BigMatrixImpl:add:310, 0.0
org.apache.commons.math.linear.BigMatrixImpl:copyIn:1475, 0.0
org.apache.commons.math.linear.BigMatrixImpl:copyIn:1474, 0.0
org.apache.commons.math.linear.BigMatrixImpl:copyIn:1473, 0.0
org.apache.commons.math.linear.BigMatrixImpl:copyIn:1484, 0.0
org.apache.commons.math.linear.BigMatrixImpl:copyIn:1483, 0.0
org.apache.commons.math.linear.BigMatrixImpl:<init>:84, 0.0
org.apache.commons.math.linear.BigMatrixImpl:<init>:70, 0.0
org.apache.commons.math.linear.BigMatrixImpl:<init>:87, 0.0
org.apache.commons.math.linear.BigMatrixImpl:<init>:190, 0.0
org.apache.commons.math.linear.BigMatrixImpl:<init>:81, 0.0
org.apache.commons.math.linear.BigMatrixImpl:<init>:191, 0.0
org.apache.commons.math.linear.BigMatrixImpl:<init>:189, 0.0
org.apache.commons.math.linear.BigMatrixImpl:<init>:78, 0.0
org.apache.commons.math.linear.BigMatrixImpl:<init>:75, 0.0
org.apache.commons.math.linear.BigMatrixImpl:<init>:196, 0.0
org.apache.commons.math.linear.BigMatrixImpl:<init>:195, 0.0
org.apache.commons.math.linear.BigMatrixImpl:<init>:200, 0.0
org.apache.commons.math.linear.BigMatrixImpl:copyIn:1478, 0.0
org.apache.commons.math.linear.BigMatrixImpl:copyIn:1477, 0.0
org.apache.commons.math.linear.BigMatrixImpl:copyIn:1480, 0.0
org.apache.commons.math.linear.BigMatrixImpl:getRowDimension:989, 0.0
org.apache.commons.math.linear.BigMatrixImpl:setSubMatrix:747, 0.0
org.apache.commons.math.linear.BigMatrixImpl:setSubMatrix:745, 0.0
org.apache.commons.math.linear.BigMatrixImpl:getNorm:578, 0.0
org.apache.commons.math.linear.BigMatrixImpl:<init>:229, 0.0
org.apache.commons.math.linear.BigMatrixImpl:setSubMatrix:705, 0.0
org.apache.commons.math.linear.BigMatrixImpl:setSubMatrix:704, 0.0
org.apache.commons.math.linear.BigMatrixImpl:subtract:330, 0.0
org.apache.commons.math.linear.BigMatrixImpl:setSubMatrix:723, 0.0
org.apache.commons.math.linear.BigMatrixImpl:<init>:163, 0.0
org.apache.commons.math.linear.BigMatrixImpl:<init>:162, 0.0
org.apache.commons.math.linear.BigMatrixImpl:setSubMatrix:742, 0.0
org.apache.commons.math.linear.BigMatrixImpl:setSubMatrix:741, 0.0
org.apache.commons.math.linear.BigMatrixImpl:getNorm:579, 0.0
org.apache.commons.math.linear.BigMatrixImpl:getNorm:580, 0.0
org.apache.commons.math.linear.BigMatrixImpl:<init>:238, 0.0
org.apache.commons.math.linear.BigMatrixImpl:<init>:237, 0.0
org.apache.commons.math.linear.BigMatrixImpl:<init>:236, 0.0
org.apache.commons.math.linear.BigMatrixImpl:setSubMatrix:722, 0.0
org.apache.commons.math.linear.BigMatrixImpl:copyIn:1494, 0.0
org.apache.commons.math.linear.BigMatrixImpl:copyIn:1495, 0.0
org.apache.commons.math.linear.BigMatrixImpl:copyIn:1493, 0.0
org.apache.commons.math.linear.BigMatrixImpl:copyIn:1496, 0.0
org.apache.commons.math.linear.BigMatrixImpl:<init>:176, 0.0
org.apache.commons.math.linear.BigMatrixImpl:<init>:175, 0.0
org.apache.commons.math.linear.BigMatrixImpl:setSubMatrix:709, 0.0
org.apache.commons.math.linear.BigMatrixImpl:setSubMatrix:710, 0.0
org.apache.commons.math.linear.BigMatrixImpl:<init>:230, 0.0
org.apache.commons.math.linear.BigMatrixImpl:setSubMatrix:714, 0.0
org.apache.commons.math.linear.BigMatrixImpl:<init>:173, 0.0
org.apache.commons.math.linear.BigMatrixImpl:<init>:131, 0.0
org.apache.commons.math.linear.BigMatrixImpl:<init>:130, 0.0
org.apache.commons.math.linear.BigMatrixImpl:<init>:133, 0.0
org.apache.commons.math.linear.BigMatrixImpl:<init>:132, 0.0
org.apache.commons.math.linear.BigMatrixImpl:<init>:157, 0.0
org.apache.commons.math.linear.BigMatrixImpl:<init>:158, 0.0
org.apache.commons.math.linear.BigMatrixImpl:<init>:231, 0.0
org.apache.commons.math.linear.BigMatrixImpl:getNorm:581, 0.0
org.apache.commons.math.linear.BigMatrixImpl:copyIn:1503, 0.0
org.apache.commons.math.linear.BigMatrixImpl:copyIn:1504, 0.0
org.apache.commons.math.linear.BigMatrixImpl:<init>:103, 0.0
org.apache.commons.math.linear.BigMatrixImpl:<init>:104, 0.0
org.apache.commons.math.linear.BigMatrixImpl:getNorm:577, 0.0
org.apache.commons.math.linear.BigMatrixImpl:getNorm:583, 0.0
org.apache.commons.math.linear.BigMatrixImpl:subtract:365, 0.0
org.apache.commons.math.linear.BigMatrixImpl:<init>:166, 0.0
org.apache.commons.math.linear.BigMatrixImpl:<init>:154, 0.0
org.apache.commons.math.linear.BigMatrixImpl:setSubMatrix:733, 0.0
org.apache.commons.math.linear.BigMatrixImpl:setSubMatrix:734, 0.0
org.apache.commons.math.linear.BigMatrixImpl:<init>:105, 0.0
org.apache.commons.math.linear.BigMatrixImpl:<init>:167, 0.0
org.apache.commons.math.linear.BigMatrixImpl:getNorm:585, 0.0
org.apache.commons.math.linear.BigMatrixImpl:subtract:373, 0.0
org.apache.commons.math.linear.BigMatrixImpl:setSubMatrix:715, 0.0
org.apache.commons.math.linear.BigMatrixImpl:subtract:364, 0.0
org.apache.commons.math.linear.BigMatrixImpl:subtract:360, 0.0
org.apache.commons.math.linear.BigMatrixImpl:subtract:362, 0.0
org.apache.commons.math.linear.BigMatrixImpl:subtract:363, 0.0
org.apache.commons.math.linear.BigMatrixImpl:copyIn:1500, 0.0
org.apache.commons.math.linear.BigMatrixImpl:copyIn:1499, 0.0
org.apache.commons.math.linear.BigMatrixImpl:<init>:109, 0.0
org.apache.commons.math.linear.BigMatrixImpl:copyIn:1464, 0.0
org.apache.commons.math.linear.BigMatrixImpl:copyIn:1465, 0.0
org.apache.commons.math.linear.BigMatrixImpl:subtract:369, 0.0
org.apache.commons.math.linear.BigMatrixImpl:<init>:222, 0.0
org.apache.commons.math.linear.BigMatrixImpl:<init>:226, 0.0
org.apache.commons.math.linear.BigMatrixImpl:<init>:225, 0.0
org.apache.commons.math.linear.BigMatrixImpl:<init>:150, 0.0
org.apache.commons.math.linear.BigMatrixImpl:<init>:151, 0.0
org.apache.commons.math.linear.BigMatrixImpl:<init>:110, 0.0
org.apache.commons.math.linear.BigMatrixImpl:setSubMatrix:728, 0.0
org.apache.commons.math.linear.BigMatrixImpl:subtract:366, 0.0
org.apache.commons.math.linear.BigMatrixImpl:subtract:367, 0.0
org.apache.commons.math.linear.BigMatrixImpl:subtract:368, 0.0
org.apache.commons.math.linear.BigMatrixImpl:subtract:370, 0.0
org.apache.commons.math.linear.BigMatrixImpl:<init>:227, 0.0
org.apache.commons.math.linear.BigMatrixImpl:<init>:220, 0.0
org.apache.commons.math.linear.BigMatrixImpl:<init>:221, 0.0
org.apache.commons.math.linear.BigMatrixImpl:<init>:219, 0.0
org.apache.commons.math.linear.BigMatrixImpl:copyIn:1498, 0.0
org.apache.commons.math.linear.BigMatrixImpl:copyIn:1497, 0.0
org.apache.commons.math.linear.BigMatrixImpl:<init>:152, 0.0
org.apache.commons.math.linear.BigMatrixImpl:multiply:465, 0.0
org.apache.commons.math.linear.BigMatrixImpl:multiply:463, 0.0
org.apache.commons.math.linear.BigMatrixImpl:multiply:462, 0.0
org.apache.commons.math.linear.BigMatrixImpl:multiply:461, 0.0
org.apache.commons.math.linear.BigMatrixImpl:multiply:459, 0.0
org.apache.commons.math.linear.BigMatrixImpl:multiply:464, 0.0
org.apache.commons.math.linear.BigMatrixImpl:multiply:470, 0.0
org.apache.commons.math.linear.BigMatrixImpl:multiply:469, 0.0
org.apache.commons.math.linear.BigMatrixImpl:multiply:468, 0.0
org.apache.commons.math.linear.BigMatrixImpl:multiply:473, 0.0
org.apache.commons.math.linear.BigMatrixImpl:multiply:471, 0.0
org.apache.commons.math.linear.BigMatrixImpl:multiply:466, 0.0
org.apache.commons.math.linear.BigMatrixImpl:multiply:467, 0.0
org.apache.commons.math.linear.BigMatrixImpl:multiply:476, 0.0
org.apache.commons.math.linear.BigMatrixImpl:operate:1033, 0.0
org.apache.commons.math.linear.BigMatrixImpl:operate:1034, 0.0
org.apache.commons.math.linear.BigMatrixImpl:operate:1035, 0.0
org.apache.commons.math.linear.BigMatrixImpl:operate:1036, 0.0
org.apache.commons.math.linear.BigMatrixImpl:operate:1028, 0.0
org.apache.commons.math.linear.BigMatrixImpl:operate:1037, 0.0
org.apache.commons.math.linear.BigMatrixImpl:operate:1038, 0.0
org.apache.commons.math.linear.BigMatrixImpl:operate:1041, 0.0
org.apache.commons.math.linear.BigMatrixImpl:operate:1029, 0.0
org.apache.commons.math.linear.BigMatrixImpl:operate:1043, 0.0
org.apache.commons.math.linear.BigMatrixImpl:operate:1039, 0.0
org.apache.commons.math.linear.BigMatrixImpl:add:318, 0.0
org.apache.commons.math.linear.BigMatrixImpl:scalarMultiply:408, 0.0
org.apache.commons.math.linear.BigMatrixImpl:add:275, 0.0
org.apache.commons.math.linear.BigMatrixImpl:scalarMultiply:406, 0.0
org.apache.commons.math.linear.BigMatrixImpl:scalarMultiply:407, 0.0
org.apache.commons.math.linear.BigMatrixImpl:scalarMultiply:412, 0.0
org.apache.commons.math.linear.BigMatrixImpl:add:314, 0.0
org.apache.commons.math.linear.BigMatrixImpl:scalarMultiply:405, 0.0
org.apache.commons.math.linear.BigMatrixImpl:add:315, 0.0
org.apache.commons.math.linear.BigMatrixImpl:add:313, 0.0
org.apache.commons.math.linear.BigMatrixImpl:add:312, 0.0
org.apache.commons.math.linear.BigMatrixImpl:add:311, 0.0
org.apache.commons.math.linear.BigMatrixImpl:scalarMultiply:402, 0.0
org.apache.commons.math.linear.BigMatrixImpl:scalarMultiply:403, 0.0
org.apache.commons.math.linear.BigMatrixImpl:scalarMultiply:404, 0.0
org.apache.commons.math.linear.BigMatrixImpl:scalarMultiply:409, 0.0
org.apache.commons.math.linear.BigMatrixImpl:preMultiply:487, 0.0
org.apache.commons.math.linear.BigMatrixImpl:multiply:424, 0.0
org.apache.commons.math.linear.BigMatrixImpl:preMultiply:1079, 0.0
org.apache.commons.math.linear.BigMatrixImpl:preMultiply:1082, 0.0
org.apache.commons.math.linear.BigMatrixImpl:preMultiply:1077, 0.0
org.apache.commons.math.linear.BigMatrixImpl:preMultiply:1070, 0.0
org.apache.commons.math.linear.BigMatrixImpl:preMultiply:1069, 0.0
org.apache.commons.math.linear.BigMatrixImpl:preMultiply:1078, 0.0
org.apache.commons.math.linear.BigMatrixImpl:preMultiply:1084, 0.0
org.apache.commons.math.linear.BigMatrixImpl:preMultiply:1075, 0.0
org.apache.commons.math.linear.BigMatrixImpl:preMultiply:1076, 0.0
org.apache.commons.math.linear.BigMatrixImpl:preMultiply:1080, 0.0
org.apache.commons.math.linear.BigMatrixImpl:preMultiply:1071, 0.0
org.apache.commons.math.linear.BigMatrixImpl:setSubMatrix:739, 0.0
org.apache.commons.math.linear.BigMatrixImpl:setSubMatrix:738, 0.0
org.apache.commons.math.linear.BigMatrixImpl:setSubMatrix:737, 0.0
org.apache.commons.math.linear.BigMatrixImpl:setSubMatrix:736, 0.0
org.apache.commons.math.linear.BigMatrixImpl:setSubMatrix:716, 0.0
org.apache.commons.math.linear.BigMatrixImpl:getData:498, 0.0
org.apache.commons.math.linear.BigMatrixImpl:equals:1352, 0.0
org.apache.commons.math.linear.BigMatrixImpl:copyOut:1447, 0.0
org.apache.commons.math.linear.BigMatrixImpl:equals:1340, 0.0
org.apache.commons.math.linear.BigMatrixImpl:equals:1357, 0.0
org.apache.commons.math.linear.BigMatrixImpl:equals:1349, 0.0
org.apache.commons.math.linear.BigMatrixImpl:equals:1351, 0.0
org.apache.commons.math.linear.BigMatrixImpl:copyOut:1445, 0.0
org.apache.commons.math.linear.BigMatrixImpl:copyOut:1444, 0.0
org.apache.commons.math.linear.MatrixUtils:createBigMatrix:257, 0.0
org.apache.commons.math.linear.BigMatrixImpl:equals:1337, 0.0
org.apache.commons.math.linear.BigMatrixImpl:copyOut:1450, 0.0
org.apache.commons.math.linear.BigMatrixImpl:equals:1346, 0.0
org.apache.commons.math.linear.BigMatrixImpl:equals:1344, 0.0
org.apache.commons.math.linear.BigMatrixImpl:equals:1343, 0.0
org.apache.commons.math.linear.BigMatrixImpl:equals:1345, 0.0
org.apache.commons.math.linear.MatrixUtils:createBigMatrix:241, 0.0
org.apache.commons.math.linear.BigMatrixImpl:equals:1350, 0.0
org.apache.commons.math.linear.BigMatrixImpl:setSubMatrix:711, 0.0
org.apache.commons.math.linear.BigMatrixImpl:copyOut:1448, 0.0
org.apache.commons.math.linear.BigMatrixImpl:getEntry:881, 0.0
org.apache.commons.math.linear.BigMatrixImpl:isSquare:963, 0.0
org.apache.commons.math.linear.BigMatrixImpl:solve:1185, 0.0
org.apache.commons.math.linear.BigMatrixImpl:solve:1184, 0.0
org.apache.commons.math.linear.BigMatrixImpl:solve:1183, 0.0
org.apache.commons.math.linear.BigMatrixImpl:getDataRef:529, 0.0
org.apache.commons.math.linear.BigMatrixImpl:solve:1163, 0.0
org.apache.commons.math.linear.BigMatrixImpl:luDecompose:1231, 0.0
org.apache.commons.math.linear.BigMatrixImpl:luDecompose:1230, 0.0
org.apache.commons.math.linear.BigMatrixImpl:solve:1172, 0.0
org.apache.commons.math.linear.BigMatrixImpl:luDecompose:1270, 0.0
org.apache.commons.math.linear.BigMatrixImpl:luDecompose:1271, 0.0
org.apache.commons.math.linear.BigMatrixImpl:luDecompose:1236, 0.0
org.apache.commons.math.linear.BigMatrixImpl:isSingular:971, 0.0
org.apache.commons.math.linear.BigMatrixImpl:solve:1188, 0.0
org.apache.commons.math.linear.BigMatrixImpl:luDecompose:1253, 0.0
org.apache.commons.math.linear.BigMatrixImpl:luDecompose:1252, 0.0
org.apache.commons.math.linear.BigMatrixImpl:luDecompose:1251, 0.0
org.apache.commons.math.linear.BigMatrixImpl:luDecompose:1255, 0.0
org.apache.commons.math.linear.BigMatrixImpl:luDecompose:1254, 0.0
org.apache.commons.math.linear.BigMatrixImpl:luDecompose:1256, 0.0
org.apache.commons.math.linear.BigMatrixImpl:luDecompose:1290, 0.0
org.apache.commons.math.linear.BigMatrixImpl:luDecompose:1291, 0.0
org.apache.commons.math.linear.BigMatrixImpl:luDecompose:1292, 0.0
org.apache.commons.math.linear.BigMatrixImpl:solve:1165, 0.0
org.apache.commons.math.linear.BigMatrixImpl:solve:1164, 0.0
org.apache.commons.math.linear.BigMatrixImpl:solve:1173, 0.0
org.apache.commons.math.linear.BigMatrixImpl:solve:1174, 0.0
org.apache.commons.math.linear.BigMatrixImpl:solve:1175, 0.0
org.apache.commons.math.linear.BigMatrixImpl:luDecompose:1275, 0.0
org.apache.commons.math.linear.BigMatrixImpl:isSingular:974, 0.0
org.apache.commons.math.linear.BigMatrixImpl:isSingular:973, 0.0
org.apache.commons.math.linear.BigMatrixImpl:solve:1182, 0.0
org.apache.commons.math.linear.BigMatrixImpl:solve:1186, 0.0
org.apache.commons.math.linear.BigMatrixImpl:solve:1146, 0.0
org.apache.commons.math.linear.BigMatrixImpl:solve:1109, 0.0
org.apache.commons.math.linear.BigMatrixImpl:solve:1108, 0.0
org.apache.commons.math.linear.BigMatrixImpl:<init>:252, 0.0
org.apache.commons.math.linear.BigMatrixImpl:<init>:250, 0.0
org.apache.commons.math.linear.BigMatrixImpl:<init>:251, 0.0
org.apache.commons.math.linear.BigMatrixImpl:<init>:249, 0.0
org.apache.commons.math.linear.BigMatrixImpl:luDecompose:1244, 0.0
org.apache.commons.math.linear.BigMatrixImpl:luDecompose:1245, 0.0
org.apache.commons.math.linear.BigMatrixImpl:solve:1197, 0.0
org.apache.commons.math.linear.BigMatrixImpl:solve:1145, 0.0
org.apache.commons.math.linear.BigMatrixImpl:luDecompose:1233, 0.0
org.apache.commons.math.linear.BigMatrixImpl:solve:1111, 0.0
org.apache.commons.math.linear.BigMatrixImpl:solve:1166, 0.0
org.apache.commons.math.linear.BigMatrixImpl:luDecompose:1289, 0.0
org.apache.commons.math.linear.BigMatrixImpl:solve:1176, 0.0
org.apache.commons.math.linear.BigMatrixImpl:luDecompose:1269, 0.0
org.apache.commons.math.linear.BigMatrixImpl:luDecompose:1247, 0.0
org.apache.commons.math.linear.BigMatrixImpl:luDecompose:1241, 0.0
org.apache.commons.math.linear.BigMatrixImpl:solve:1105, 0.0
org.apache.commons.math.linear.BigMatrixImpl:solve:1107, 0.0
org.apache.commons.math.linear.BigMatrixImpl:solve:1106, 0.0
org.apache.commons.math.linear.BigMatrixImpl:luDecompose:1262, 0.0
org.apache.commons.math.linear.BigMatrixImpl:luDecompose:1259, 0.0
org.apache.commons.math.linear.BigMatrixImpl:luDecompose:1278, 0.0
org.apache.commons.math.linear.BigMatrixImpl:luDecompose:1279, 0.0
org.apache.commons.math.linear.BigMatrixImpl:luDecompose:1280, 0.0
org.apache.commons.math.linear.BigMatrixImpl:luDecompose:1277, 0.0
org.apache.commons.math.linear.BigMatrixImpl:luDecompose:1221, 0.0
org.apache.commons.math.linear.BigMatrixImpl:luDecompose:1223, 0.0
org.apache.commons.math.linear.BigMatrixImpl:luDecompose:1222, 0.0
org.apache.commons.math.linear.BigMatrixImpl:solve:1153, 0.0
org.apache.commons.math.linear.BigMatrixImpl:<init>:255, 0.0
org.apache.commons.math.linear.BigMatrixImpl:solve:1191, 0.0
org.apache.commons.math.linear.BigMatrixImpl:solve:1190, 0.0
org.apache.commons.math.linear.BigMatrixImpl:solve:1189, 0.0
org.apache.commons.math.linear.BigMatrixImpl:solve:1171, 0.0
org.apache.commons.math.linear.BigMatrixImpl:solve:1150, 0.0
org.apache.commons.math.linear.BigMatrixImpl:luDecompose:1238, 0.0
org.apache.commons.math.linear.BigMatrixImpl:luDecompose:1263, 0.0
org.apache.commons.math.linear.BigMatrixImpl:luDecompose:1264, 0.0
org.apache.commons.math.linear.BigMatrixImpl:luDecompose:1282, 0.0
org.apache.commons.math.linear.BigMatrixImpl:luDecompose:1283, 0.0
org.apache.commons.math.linear.BigMatrixImpl:luDecompose:1284, 0.0
org.apache.commons.math.linear.BigMatrixImpl:luDecompose:1285, 0.0
org.apache.commons.math.linear.BigMatrixImpl:solve:1100, 0.0
org.apache.commons.math.linear.BigMatrixImpl:solve:1099, 0.0
org.apache.commons.math.linear.BigMatrixImpl:isSingular:976, 0.0
org.apache.commons.math.linear.BigMatrixImpl:isSingular:975, 0.0
org.apache.commons.math.linear.BigMatrixImpl:solve:1162, 0.0
org.apache.commons.math.linear.BigMatrixImpl:solve:1157, 0.0
org.apache.commons.math.linear.BigMatrixImpl:solve:1159, 0.0
org.apache.commons.math.linear.BigMatrixImpl:solve:1158, 0.0
org.apache.commons.math.linear.BigMatrixImpl:luDecompose:1229, 0.0
org.apache.commons.math.linear.BigMatrixImpl:luDecompose:1226, 0.0
org.apache.commons.math.linear.BigMatrixImpl:luDecompose:1276, 0.0
org.apache.commons.math.linear.BigMatrixImpl:solve:1192, 0.0
org.apache.commons.math.linear.BigMatrixImpl:solve:1101, 0.0
org.apache.commons.math.linear.BigMatrixImpl:luDecompose:1257, 0.0
org.apache.commons.math.linear.BigMatrixImpl:luDecompose:1242, 0.0
org.apache.commons.math.linear.BigMatrixImpl:luDecompose:1243, 0.0
org.apache.commons.math.linear.BigMatrixImpl:solve:1154, 0.0
org.apache.commons.math.linear.BigMatrixImpl:luDecompose:1224, 0.0
org.apache.commons.math.linear.BigMatrixImpl:luDecompose:1297, 0.0
org.apache.commons.math.linear.BigMatrixImpl:<init>:253, 0.0
org.apache.commons.math.linear.NonSquareMatrixException:<init>:39, 0.0
org.apache.commons.math.linear.NonSquareMatrixException:<init>:37, 0.0
org.apache.commons.math.linear.BlockFieldMatrix:add:382, 0.0
org.apache.commons.math.linear.BlockFieldMatrix:add:377, 0.0
org.apache.commons.math.linear.BlockFieldMatrix:add:379, 0.0
org.apache.commons.math.linear.AbstractFieldMatrix:checkAdditionCompatible:1101, 0.0
org.apache.commons.math.linear.AbstractFieldMatrix:checkAdditionCompatible:1103, 0.0
org.apache.commons.math.linear.BlockFieldMatrix:createBlocksLayout:282, 0.0
org.apache.commons.math.linear.BlockFieldMatrix:createBlocksLayout:281, 0.0
org.apache.commons.math.linear.BlockFieldMatrix:createBlocksLayout:280, 0.0
org.apache.commons.math.linear.BlockFieldMatrix:createBlocksLayout:278, 0.0
org.apache.commons.math.linear.BlockFieldMatrix:createBlocksLayout:277, 0.0
org.apache.commons.math.linear.BlockFieldMatrix:multiply:600, 0.0
org.apache.commons.math.linear.BlockFieldMatrix:multiply:603, 0.0
org.apache.commons.math.linear.BlockFieldMatrix:multiply:595, 0.0
org.apache.commons.math.linear.BlockFieldMatrix:multiply:594, 0.0
org.apache.commons.math.linear.BlockFieldMatrix:multiply:597, 0.0
org.apache.commons.math.linear.BlockFieldMatrix:multiply:596, 0.0
org.apache.commons.math.linear.BlockFieldMatrix:multiply:640, 0.0
org.apache.commons.math.linear.BlockFieldMatrix:multiply:615, 0.0
org.apache.commons.math.linear.BlockFieldMatrix:multiply:593, 0.0
org.apache.commons.math.linear.BlockFieldMatrix:multiply:624, 0.0
org.apache.commons.math.linear.AbstractFieldMatrix:checkMultiplicationCompatible:1137, 0.0
org.apache.commons.math.fraction.Fraction:addSub:491, 0.0
org.apache.commons.math.linear.BlockFieldMatrix:multiply:608, 0.0
org.apache.commons.math.linear.BlockFieldMatrix:multiply:605, 0.0
org.apache.commons.math.linear.BlockFieldMatrix:multiply:604, 0.0
org.apache.commons.math.linear.BlockFieldMatrix:multiply:607, 0.0
org.apache.commons.math.linear.BlockFieldMatrix:multiply:606, 0.0
org.apache.commons.math.linear.BlockFieldMatrix:createBlocksLayout:283, 0.0
org.apache.commons.math.linear.BlockFieldMatrix:createBlocksLayout:286, 0.0
org.apache.commons.math.linear.BlockFieldMatrix:createBlocksLayout:285, 0.0
org.apache.commons.math.linear.BlockFieldMatrix:createBlocksLayout:284, 0.0
org.apache.commons.math.linear.BlockFieldMatrix:multiply:626, 0.0
org.apache.commons.math.linear.BlockFieldMatrix:multiply:625, 0.0
org.apache.commons.math.linear.BlockFieldMatrix:<init>:102, 0.0
org.apache.commons.math.linear.BlockFieldMatrix:<init>:103, 0.0
org.apache.commons.math.linear.BlockFieldMatrix:<init>:101, 0.0
org.apache.commons.math.linear.BlockFieldMatrix:<init>:112, 0.0
org.apache.commons.math.linear.BlockFieldMatrix:<init>:110, 0.0
org.apache.commons.math.linear.BlockFieldMatrix:<init>:106, 0.0
org.apache.commons.math.linear.BlockFieldMatrix:<init>:107, 0.0
org.apache.commons.math.linear.BlockFieldMatrix:multiply:611, 0.0
org.apache.commons.math.linear.BlockFieldMatrix:multiply:629, 0.0
org.apache.commons.math.linear.BlockFieldMatrix:multiply:628, 0.0
org.apache.commons.math.linear.BlockFieldMatrix:multiply:610, 0.0
org.apache.commons.math.linear.BlockFieldMatrix:multiply:609, 0.0
org.apache.commons.math.linear.BlockFieldMatrix:createBlocksLayout:288, 0.0
org.apache.commons.math.linear.BlockFieldMatrix:createBlocksLayout:289, 0.0
org.apache.commons.math.linear.BlockFieldMatrix:createBlocksLayout:290, 0.0
org.apache.commons.math.linear.BlockFieldMatrix:createBlocksLayout:291, 0.0
org.apache.commons.math.linear.BlockFieldMatrix:createBlocksLayout:287, 0.0
org.apache.commons.math.linear.BlockFieldMatrix:multiply:584, 0.0
org.apache.commons.math.linear.BlockFieldMatrix:multiply:587, 0.0
org.apache.commons.math.linear.BlockFieldMatrix:multiply:588, 0.0
org.apache.commons.math.linear.BlockFieldMatrix:multiply:581, 0.0
org.apache.commons.math.linear.BlockFieldMatrix:multiply:583, 0.0
org.apache.commons.math.linear.AbstractFieldMatrix:checkMultiplicationCompatible:1132, 0.0
org.apache.commons.math.linear.BlockFieldMatrix:multiply:635, 0.0
org.apache.commons.math.linear.BlockFieldMatrix:createBlocksLayout:295, 0.0
org.apache.commons.math.linear.BlockFieldMatrix:multiply:614, 0.0
org.apache.commons.math.linear.BlockFieldMatrix:multiply:612, 0.0
org.apache.commons.math.linear.BlockFieldMatrix:multiply:613, 0.0
org.apache.commons.math.linear.BlockFieldMatrix:multiply:590, 0.0
org.apache.commons.math.linear.BlockFieldMatrix:multiply:591, 0.0
org.apache.commons.math.linear.AbstractFieldMatrix:checkMultiplicationCompatible:1131, 0.0
org.apache.commons.math.fraction.Fraction:addSub:494, 0.0
org.apache.commons.math.linear.ArrayFieldVector:getDataRef:483, 0.0
org.apache.commons.math.linear.BlockFieldMatrix:operate:1365, 0.0
org.apache.commons.math.linear.ArrayFieldVector:<init>:118, 0.0
org.apache.commons.math.linear.BlockFieldMatrix:operate:1346, 0.0
org.apache.commons.math.linear.BlockFieldMatrix:operate:1347, 0.0
org.apache.commons.math.linear.BlockFieldMatrix:operate:1345, 0.0
org.apache.commons.math.linear.ArrayFieldVector:getData:474, 0.0
org.apache.commons.math.linear.BlockFieldMatrix:operate:1367, 0.0
org.apache.commons.math.linear.BlockFieldMatrix:operate:1352, 0.0
org.apache.commons.math.linear.BlockFieldMatrix:operate:1344, 0.0
org.apache.commons.math.linear.ArrayFieldVector:<init>:117, 0.0
org.apache.commons.math.linear.ArrayFieldVector:<init>:113, 0.0
org.apache.commons.math.linear.BlockFieldMatrix:operate:1372, 0.0
org.apache.commons.math.linear.BlockFieldMatrix:operate:1341, 0.0
org.apache.commons.math.linear.BlockFieldMatrix:operate:1340, 0.0
org.apache.commons.math.linear.AbstractFieldMatrix:operate:700, 0.0
org.apache.commons.math.linear.BlockFieldMatrix:operate:1364, 0.0
org.apache.commons.math.linear.BlockFieldMatrix:operate:1335, 0.0
org.apache.commons.math.linear.BlockFieldMatrix:operate:1354, 0.0
org.apache.commons.math.linear.BlockFieldMatrix:operate:1353, 0.0
org.apache.commons.math.linear.ArrayFieldVector:<init>:110, 0.0
org.apache.commons.math.linear.ArrayFieldVector:<init>:112, 0.0
org.apache.commons.math.linear.BlockFieldMatrix:operate:1336, 0.0
org.apache.commons.math.linear.BlockFieldMatrix:operate:1355, 0.0
org.apache.commons.math.linear.BlockFieldMatrix:operate:1350, 0.0
org.apache.commons.math.linear.BlockFieldMatrix:operate:1351, 0.0
org.apache.commons.math.linear.BlockFieldMatrix:operate:1348, 0.0
org.apache.commons.math.linear.BlockFieldMatrix:operate:1349, 0.0
org.apache.commons.math.linear.BlockFieldMatrix:subtract:460, 0.0
org.apache.commons.math.linear.BlockFieldMatrix:subtract:459, 0.0
org.apache.commons.math.linear.BlockFieldMatrix:scalarMultiply:493, 0.0
org.apache.commons.math.linear.BlockFieldMatrix:scalarMultiply:496, 0.0
org.apache.commons.math.linear.BlockFieldMatrix:add:387, 0.0
org.apache.commons.math.linear.BlockFieldMatrix:add:386, 0.0
org.apache.commons.math.linear.BlockFieldMatrix:subtract:464, 0.0
org.apache.commons.math.linear.BlockFieldMatrix:add:385, 0.0
org.apache.commons.math.linear.BlockFieldMatrix:add:383, 0.0
org.apache.commons.math.linear.BlockFieldMatrix:add:384, 0.0
org.apache.commons.math.linear.BlockFieldMatrix:scalarMultiply:504, 0.0
org.apache.commons.math.linear.BlockFieldMatrix:subtract:455, 0.0
org.apache.commons.math.linear.BlockFieldMatrix:scalarMultiply:500, 0.0
org.apache.commons.math.linear.BlockFieldMatrix:scalarMultiply:499, 0.0
org.apache.commons.math.linear.AbstractFieldMatrix:checkAdditionCompatible:1108, 0.0
org.apache.commons.math.linear.BlockFieldMatrix:subtract:452, 0.0
org.apache.commons.math.linear.BlockFieldMatrix:subtract:450, 0.0
org.apache.commons.math.linear.AbstractFieldMatrix:checkSubtractionCompatible:1118, 0.0
org.apache.commons.math.linear.AbstractFieldMatrix:checkSubtractionCompatible:1123, 0.0
org.apache.commons.math.linear.AbstractFieldMatrix:checkSubtractionCompatible:1116, 0.0
org.apache.commons.math.linear.BlockFieldMatrix:scalarMultiply:497, 0.0
org.apache.commons.math.linear.BlockFieldMatrix:scalarMultiply:498, 0.0
org.apache.commons.math.linear.BlockFieldMatrix:add:327, 0.0
org.apache.commons.math.linear.BlockFieldMatrix:subtract:458, 0.0
org.apache.commons.math.linear.BlockFieldMatrix:subtract:457, 0.0
org.apache.commons.math.linear.BlockFieldMatrix:subtract:456, 0.0
org.apache.commons.math.linear.BlockFieldMatrix:add:391, 0.0
org.apache.commons.math.linear.BlockFieldMatrix:multiply:616, 0.0
org.apache.commons.math.linear.BlockFieldMatrix:multiply:622, 0.0
org.apache.commons.math.linear.BlockFieldMatrix:multiply:621, 0.0
org.apache.commons.math.linear.BlockFieldMatrix:multiply:513, 0.0
org.apache.commons.math.linear.AbstractFieldMatrix:preMultiply:267, 0.0
org.apache.commons.math.linear.BlockFieldMatrix:preMultiply:1390, 0.0
org.apache.commons.math.linear.BlockFieldMatrix:preMultiply:1386, 0.0
org.apache.commons.math.linear.BlockFieldMatrix:preMultiply:1387, 0.0
org.apache.commons.math.linear.BlockFieldMatrix:preMultiply:1414, 0.0
org.apache.commons.math.linear.BlockFieldMatrix:preMultiply:1391, 0.0
org.apache.commons.math.linear.BlockFieldMatrix:preMultiply:1397, 0.0
org.apache.commons.math.linear.BlockFieldMatrix:preMultiply:1396, 0.0
org.apache.commons.math.linear.BlockFieldMatrix:preMultiply:1393, 0.0
org.apache.commons.math.linear.BlockFieldMatrix:preMultiply:1392, 0.0
org.apache.commons.math.linear.BlockFieldMatrix:preMultiply:1395, 0.0
org.apache.commons.math.linear.BlockFieldMatrix:preMultiply:1394, 0.0
org.apache.commons.math.linear.BlockFieldMatrix:preMultiply:1416, 0.0
org.apache.commons.math.linear.BlockFieldMatrix:preMultiply:1415, 0.0
org.apache.commons.math.linear.BlockFieldMatrix:preMultiply:1418, 0.0
org.apache.commons.math.linear.BlockFieldMatrix:preMultiply:1401, 0.0
org.apache.commons.math.linear.BlockFieldMatrix:preMultiply:1399, 0.0
org.apache.commons.math.linear.BlockFieldMatrix:preMultiply:1398, 0.0
org.apache.commons.math.linear.BlockFieldMatrix:preMultiply:1400, 0.0
org.apache.commons.math.linear.BlockFieldMatrix:preMultiply:1423, 0.0
org.apache.commons.math.linear.BlockFieldMatrix:preMultiply:1404, 0.0
org.apache.commons.math.linear.BlockFieldMatrix:preMultiply:1403, 0.0
org.apache.commons.math.linear.BlockFieldMatrix:preMultiply:1402, 0.0
org.apache.commons.math.linear.BlockFieldMatrix:preMultiply:1381, 0.0
org.apache.commons.math.linear.BlockFieldMatrix:preMultiply:1405, 0.0
org.apache.commons.math.linear.BlockFieldMatrix:preMultiply:1382, 0.0
org.apache.commons.math.linear.BlockFieldMatrix:setSubMatrix:814, 0.0
org.apache.commons.math.linear.BlockFieldMatrix:setSubMatrix:815, 0.0
org.apache.commons.math.linear.BlockFieldMatrix:setSubMatrix:817, 0.0
org.apache.commons.math.linear.BlockFieldMatrix:setSubMatrix:816, 0.0
org.apache.commons.math.linear.BlockFieldMatrix:setSubMatrix:839, 0.0
org.apache.commons.math.linear.BlockFieldMatrix:setSubMatrix:842, 0.0
org.apache.commons.math.linear.BlockFieldMatrix:setSubMatrix:843, 0.0
org.apache.commons.math.linear.BlockFieldMatrix:setSubMatrix:840, 0.0
org.apache.commons.math.linear.BlockFieldMatrix:setSubMatrix:841, 0.0
org.apache.commons.math.linear.BlockFieldMatrix:setSubMatrix:846, 0.0
org.apache.commons.math.linear.BlockFieldMatrix:setSubMatrix:847, 0.0
org.apache.commons.math.linear.AbstractFieldMatrix:checkColumnIndex:1036, 0.0
org.apache.commons.math.linear.AbstractFieldMatrix:checkRowIndex:1023, 0.0
org.apache.commons.math.linear.BlockFieldMatrix:setSubMatrix:812, 0.0
org.apache.commons.math.linear.AbstractFieldMatrix:checkSubMatrixIndex:1056, 0.0
org.apache.commons.math.linear.AbstractFieldMatrix:checkSubMatrixIndex:1055, 0.0
org.apache.commons.math.linear.AbstractFieldMatrix:checkSubMatrixIndex:1054, 0.0
org.apache.commons.math.linear.BlockFieldMatrix:setSubMatrix:838, 0.0
org.apache.commons.math.linear.BlockFieldMatrix:setSubMatrix:818, 0.0
org.apache.commons.math.linear.BlockFieldMatrix:setSubMatrix:848, 0.0
org.apache.commons.math.linear.AbstractFieldMatrix:checkColumnIndex:1040, 0.0
org.apache.commons.math.linear.AbstractFieldMatrix:checkSubMatrixIndex:1069, 0.0
org.apache.commons.math.linear.BlockFieldMatrix:setSubMatrix:832, 0.0
org.apache.commons.math.linear.BlockFieldMatrix:setSubMatrix:819, 0.0
org.apache.commons.math.linear.BlockFieldMatrix:setSubMatrix:834, 0.0
org.apache.commons.math.linear.BlockFieldMatrix:setSubMatrix:835, 0.0
org.apache.commons.math.linear.BlockFieldMatrix:setSubMatrix:833, 0.0
org.apache.commons.math.linear.BlockFieldMatrix:setSubMatrix:836, 0.0
org.apache.commons.math.linear.AbstractFieldMatrix:checkRowIndex:1027, 0.0
org.apache.commons.math.linear.BlockFieldMatrix:setSubMatrix:810, 0.0
org.apache.commons.math.linear.BlockFieldMatrix:setSubMatrix:811, 0.0
org.apache.commons.math.linear.BlockFieldMatrix:setSubMatrix:855, 0.0
org.apache.commons.math.linear.AbstractFieldMatrix:checkRowIndex:1024, 0.0
org.apache.commons.math.linear.AbstractFieldMatrix:checkSubMatrixIndex:1062, 0.0
org.apache.commons.math.linear.AbstractFieldMatrix:checkSubMatrixIndex:1063, 0.0
org.apache.commons.math.linear.AbstractFieldMatrix:checkSubMatrixIndex:1061, 0.0
org.apache.commons.math.linear.BlockFieldMatrix:setSubMatrix:829, 0.0
org.apache.commons.math.linear.BlockFieldMatrix:setSubMatrix:828, 0.0
org.apache.commons.math.linear.BlockFieldMatrix:setSubMatrix:827, 0.0
org.apache.commons.math.linear.BlockFieldMatrix:setSubMatrix:826, 0.0
org.apache.commons.math.linear.BlockRealMatrix:add:372, 0.0
org.apache.commons.math.linear.BlockRealMatrix:add:367, 0.0
org.apache.commons.math.linear.BlockRealMatrix:add:369, 0.0
org.apache.commons.math.linear.BlockRealMatrix:subtract:449, 0.0
org.apache.commons.math.linear.BlockRealMatrix:subtract:445, 0.0
org.apache.commons.math.linear.BlockRealMatrix:subtract:450, 0.0
org.apache.commons.math.linear.BlockRealMatrix:subtract:454, 0.0
org.apache.commons.math.linear.BlockRealMatrix:subtract:446, 0.0
org.apache.commons.math.linear.BlockRealMatrix:subtract:448, 0.0
org.apache.commons.math.linear.BlockRealMatrix:subtract:447, 0.0
org.apache.commons.math.linear.BlockRealMatrix:subtract:440, 0.0
org.apache.commons.math.linear.BlockRealMatrix:subtract:442, 0.0
org.apache.commons.math.linear.BlockRealMatrix:multiply:612, 0.0
org.apache.commons.math.linear.BlockRealMatrix:multiply:613, 0.0
org.apache.commons.math.linear.BlockRealMatrix:scalarMultiply:486, 0.0
org.apache.commons.math.linear.BlockRealMatrix:scalarMultiply:483, 0.0
org.apache.commons.math.linear.BlockRealMatrix:add:317, 0.0
org.apache.commons.math.linear.BlockRealMatrix:add:376, 0.0
org.apache.commons.math.linear.BlockRealMatrix:add:373, 0.0
org.apache.commons.math.linear.BlockRealMatrix:add:375, 0.0
org.apache.commons.math.linear.BlockRealMatrix:add:374, 0.0
org.apache.commons.math.linear.BlockRealMatrix:scalarMultiply:487, 0.0
org.apache.commons.math.linear.BlockRealMatrix:scalarMultiply:489, 0.0
org.apache.commons.math.linear.BlockRealMatrix:scalarMultiply:488, 0.0
org.apache.commons.math.linear.BlockRealMatrix:add:381, 0.0
org.apache.commons.math.linear.BlockRealMatrix:scalarMultiply:490, 0.0
org.apache.commons.math.linear.BlockRealMatrix:add:377, 0.0
org.apache.commons.math.linear.BlockRealMatrix:scalarMultiply:494, 0.0
org.apache.commons.math.linear.BlockRealMatrix:setSubMatrix:873, 0.0
org.apache.commons.math.linear.BlockRealMatrix:setSubMatrix:858, 0.0
org.apache.commons.math.linear.BlockRealMatrix:setSubMatrix:855, 0.0
org.apache.commons.math.linear.BlockRealMatrix:setSubMatrix:854, 0.0
org.apache.commons.math.linear.BlockRealMatrix:setSubMatrix:853, 0.0
org.apache.commons.math.linear.BlockRealMatrix:setSubMatrix:852, 0.0
org.apache.commons.math.linear.BlockRealMatrix:setSubMatrix:843, 0.0
org.apache.commons.math.linear.BlockRealMatrix:setSubMatrix:874, 0.0
org.apache.commons.math.linear.BlockRealMatrix:setSubMatrix:864, 0.0
org.apache.commons.math.linear.BlockRealMatrix:setSubMatrix:859, 0.0
org.apache.commons.math.linear.BlockRealMatrix:setSubMatrix:862, 0.0
org.apache.commons.math.linear.BlockRealMatrix:setSubMatrix:861, 0.0
org.apache.commons.math.linear.BlockRealMatrix:setSubMatrix:860, 0.0
org.apache.commons.math.linear.BlockRealMatrix:setSubMatrix:838, 0.0
org.apache.commons.math.linear.BlockRealMatrix:setSubMatrix:865, 0.0
org.apache.commons.math.linear.BlockRealMatrix:setSubMatrix:866, 0.0
org.apache.commons.math.linear.BlockRealMatrix:setSubMatrix:867, 0.0
org.apache.commons.math.linear.BlockRealMatrix:setSubMatrix:868, 0.0
org.apache.commons.math.linear.BlockRealMatrix:setSubMatrix:869, 0.0
org.apache.commons.math.linear.BlockRealMatrix:setSubMatrix:872, 0.0
org.apache.commons.math.linear.BlockRealMatrix:setSubMatrix:836, 0.0
org.apache.commons.math.linear.BlockRealMatrix:setSubMatrix:837, 0.0
org.apache.commons.math.linear.BlockRealMatrix:setSubMatrix:881, 0.0
org.apache.commons.math.linear.BlockRealMatrix:setSubMatrix:842, 0.0
org.apache.commons.math.linear.BlockRealMatrix:setSubMatrix:840, 0.0
org.apache.commons.math.linear.BlockRealMatrix:setSubMatrix:841, 0.0
org.apache.commons.math.linear.BlockRealMatrix:setSubMatrix:845, 0.0
org.apache.commons.math.linear.BlockRealMatrix:setSubMatrix:844, 0.0
org.apache.commons.math.linear.CholeskyDecompositionImpl$Solver:solve:253, 0.0
org.apache.commons.math.linear.CholeskyDecompositionImpl$Solver:solve:302, 0.0
org.apache.commons.math.linear.CholeskyDecompositionImpl$Solver:solve:214, 0.0
org.apache.commons.math.linear.Array2DRowFieldMatrix:add:204, 0.0
org.apache.commons.math.linear.Array2DRowFieldMatrix:add:207, 0.0
org.apache.commons.math.linear.Array2DRowFieldMatrix:add:206, 0.0
org.apache.commons.math.linear.Array2DRowFieldMatrix:add:208, 0.0
org.apache.commons.math.linear.Array2DRowFieldMatrix:add:209, 0.0
org.apache.commons.math.linear.Array2DRowFieldMatrix:multiply:302, 0.0
org.apache.commons.math.linear.Array2DRowFieldMatrix:multiply:291, 0.0
org.apache.commons.math.linear.Array2DRowFieldMatrix:multiply:292, 0.0
org.apache.commons.math.linear.Array2DRowFieldMatrix:multiply:293, 0.0
org.apache.commons.math.linear.Array2DRowFieldMatrix:multiply:290, 0.0
org.apache.commons.math.linear.Array2DRowFieldMatrix:multiply:294, 0.0
org.apache.commons.math.linear.Array2DRowFieldMatrix:multiply:295, 0.0
org.apache.commons.math.linear.Array2DRowFieldMatrix:multiply:296, 0.0
org.apache.commons.math.linear.Array2DRowFieldMatrix:multiply:288, 0.0
org.apache.commons.math.linear.Array2DRowFieldMatrix:multiply:289, 0.0
org.apache.commons.math.linear.Array2DRowFieldMatrix:multiply:287, 0.0
org.apache.commons.math.linear.Array2DRowFieldMatrix:multiply:286, 0.0
org.apache.commons.math.linear.Array2DRowFieldMatrix:multiply:284, 0.0
org.apache.commons.math.linear.Array2DRowFieldMatrix:multiply:298, 0.0
org.apache.commons.math.linear.Array2DRowFieldMatrix:operate:428, 0.0
org.apache.commons.math.linear.Array2DRowFieldMatrix:operate:432, 0.0
org.apache.commons.math.linear.Array2DRowFieldMatrix:operate:431, 0.0
org.apache.commons.math.linear.Array2DRowFieldMatrix:operate:438, 0.0
org.apache.commons.math.linear.Array2DRowFieldMatrix:operate:425, 0.0
org.apache.commons.math.linear.Array2DRowFieldMatrix:operate:427, 0.0
org.apache.commons.math.linear.Array2DRowFieldMatrix:operate:426, 0.0
org.apache.commons.math.linear.Array2DRowFieldMatrix:operate:440, 0.0
org.apache.commons.math.linear.Array2DRowFieldMatrix:operate:435, 0.0
org.apache.commons.math.linear.Array2DRowFieldMatrix:operate:436, 0.0
org.apache.commons.math.linear.Array2DRowFieldMatrix:operate:433, 0.0
org.apache.commons.math.linear.Array2DRowFieldMatrix:operate:434, 0.0
org.apache.commons.math.linear.Array2DRowFieldMatrix:subtract:249, 0.0
org.apache.commons.math.linear.Array2DRowFieldMatrix:createMatrix:173, 0.0
org.apache.commons.math.linear.AbstractFieldMatrix:scalarMultiply:230, 0.0
org.apache.commons.math.linear.AbstractFieldMatrix:scalarMultiply:229, 0.0
org.apache.commons.math.linear.AbstractFieldMatrix:scalarMultiply:228, 0.0
org.apache.commons.math.linear.AbstractFieldMatrix:scalarMultiply:227, 0.0
org.apache.commons.math.linear.AbstractFieldMatrix:scalarMultiply:226, 0.0
org.apache.commons.math.linear.Array2DRowFieldMatrix:add:218, 0.0
org.apache.commons.math.linear.Array2DRowFieldMatrix:subtract:258, 0.0
org.apache.commons.math.linear.Array2DRowFieldMatrix:subtract:246, 0.0
org.apache.commons.math.linear.Array2DRowFieldMatrix:subtract:247, 0.0
org.apache.commons.math.linear.Array2DRowFieldMatrix:subtract:244, 0.0
org.apache.commons.math.linear.Array2DRowFieldMatrix:subtract:248, 0.0
org.apache.commons.math.linear.Array2DRowFieldMatrix:add:213, 0.0
org.apache.commons.math.linear.Array2DRowFieldMatrix:add:214, 0.0
org.apache.commons.math.linear.AbstractFieldMatrix:scalarMultiply:231, 0.0
org.apache.commons.math.linear.Array2DRowFieldMatrix:subtract:252, 0.0
org.apache.commons.math.linear.Array2DRowFieldMatrix:subtract:253, 0.0
org.apache.commons.math.linear.Array2DRowFieldMatrix:subtract:250, 0.0
org.apache.commons.math.linear.Array2DRowFieldMatrix:subtract:251, 0.0
org.apache.commons.math.linear.AbstractFieldMatrix:scalarMultiply:235, 0.0
org.apache.commons.math.linear.Array2DRowFieldMatrix:add:212, 0.0
org.apache.commons.math.linear.Array2DRowFieldMatrix:add:210, 0.0
org.apache.commons.math.linear.Array2DRowFieldMatrix:add:211, 0.0
org.apache.commons.math.linear.Array2DRowFieldMatrix:add:187, 0.0
org.apache.commons.math.linear.Array2DRowFieldMatrix:subtract:254, 0.0
org.apache.commons.math.linear.Array2DRowFieldMatrix:multiply:267, 0.0
org.apache.commons.math.linear.Array2DRowFieldMatrix:preMultiply:459, 0.0
org.apache.commons.math.linear.Array2DRowFieldMatrix:preMultiply:458, 0.0
org.apache.commons.math.linear.Array2DRowFieldMatrix:preMultiply:457, 0.0
org.apache.commons.math.linear.Array2DRowFieldMatrix:preMultiply:456, 0.0
org.apache.commons.math.linear.Array2DRowFieldMatrix:preMultiply:455, 0.0
org.apache.commons.math.linear.Array2DRowFieldMatrix:preMultiply:451, 0.0
org.apache.commons.math.linear.Array2DRowFieldMatrix:preMultiply:464, 0.0
org.apache.commons.math.linear.Array2DRowFieldMatrix:preMultiply:450, 0.0
org.apache.commons.math.linear.Array2DRowFieldMatrix:preMultiply:449, 0.0
org.apache.commons.math.linear.Array2DRowFieldMatrix:preMultiply:448, 0.0
org.apache.commons.math.linear.Array2DRowFieldMatrix:preMultiply:461, 0.0
org.apache.commons.math.linear.Array2DRowFieldMatrix:setSubMatrix:333, 0.0
org.apache.commons.math.linear.AbstractFieldMatrix:setSubMatrix:425, 0.0
org.apache.commons.math.linear.AbstractFieldMatrix:setSubMatrix:414, 0.0
org.apache.commons.math.linear.AbstractFieldMatrix:setSubMatrix:427, 0.0
org.apache.commons.math.linear.AbstractFieldMatrix:setSubMatrix:426, 0.0
org.apache.commons.math.linear.AbstractFieldMatrix:setSubMatrix:412, 0.0
org.apache.commons.math.linear.AbstractFieldMatrix:setSubMatrix:402, 0.0
org.apache.commons.math.linear.AbstractFieldMatrix:setSubMatrix:403, 0.0
org.apache.commons.math.linear.Array2DRowFieldMatrix:setSubMatrix:329, 0.0
org.apache.commons.math.linear.AbstractFieldMatrix:checkColumnIndex:1037, 0.0
org.apache.commons.math.linear.AbstractFieldMatrix:setSubMatrix:431, 0.0
org.apache.commons.math.linear.AbstractFieldMatrix:setSubMatrix:413, 0.0
org.apache.commons.math.linear.AbstractFieldMatrix:setSubMatrix:409, 0.0
org.apache.commons.math.linear.AbstractFieldMatrix:setSubMatrix:421, 0.0
org.apache.commons.math.linear.AbstractFieldMatrix:setSubMatrix:420, 0.0
org.apache.commons.math.linear.AbstractFieldMatrix:setSubMatrix:423, 0.0
org.apache.commons.math.linear.AbstractFieldMatrix:setSubMatrix:422, 0.0
org.apache.commons.math.linear.AbstractFieldMatrix:setSubMatrix:408, 0.0
org.apache.commons.math.linear.AbstractFieldMatrix:setSubMatrix:407, 0.0
org.apache.commons.math.linear.Array2DRowFieldMatrix:setSubMatrix:356, 0.0
org.apache.commons.math.linear.Array2DRowFieldMatrix:<init>:70, 0.0
org.apache.commons.math.linear.Array2DRowFieldMatrix:<init>:71, 0.0
org.apache.commons.math.linear.LUDecompositionImpl$Solver:solve:268, 0.0
org.apache.commons.math.linear.LUDecompositionImpl$Solver:solve:312, 0.0
org.apache.commons.math.linear.LUDecompositionImpl$Solver:solve:366, 0.0
org.apache.commons.math.linear.MatrixUtils:createBigIdentityMatrix:190, 0.0
org.apache.commons.math.linear.MatrixUtils:createBigIdentityMatrix:186, 0.0
org.apache.commons.math.linear.MatrixUtils:createBigIdentityMatrix:187, 0.0
org.apache.commons.math.linear.MatrixUtils:createBigIdentityMatrix:185, 0.0
org.apache.commons.math.linear.MatrixUtils:createBigIdentityMatrix:188, 0.0
org.apache.commons.math.linear.MatrixUtils:createBigIdentityMatrix:184, 0.0
org.apache.commons.math.linear.AbstractRealMatrix:<init>:57, 0.0
org.apache.commons.math.linear.BigMatrixImpl:<init>:201, 0.0
org.apache.commons.math.linear.MatrixUtils:createBigMatrix:295, 0.0
org.apache.commons.math.linear.MatrixUtils:createBigMatrix:279, 0.0
org.apache.commons.math.linear.BigMatrixImpl:<init>:197, 0.0
org.apache.commons.math.linear.MatrixUtils:createColumnBigMatrix:478, 0.0
org.apache.commons.math.linear.MatrixUtils:createColumnBigMatrix:477, 0.0
org.apache.commons.math.linear.MatrixUtils:createColumnBigMatrix:480, 0.0
org.apache.commons.math.linear.MatrixUtils:createColumnBigMatrix:520, 0.0
org.apache.commons.math.linear.MatrixUtils:createColumnBigMatrix:495, 0.0
org.apache.commons.math.linear.MatrixUtils:createColumnBigMatrix:496, 0.0
org.apache.commons.math.linear.MatrixUtils:createColumnBigMatrix:497, 0.0
org.apache.commons.math.linear.BigMatrixImpl:<init>:159, 0.0
org.apache.commons.math.linear.MatrixUtils:createColumnBigMatrix:476, 0.0
org.apache.commons.math.linear.MatrixUtils:createColumnBigMatrix:475, 0.0
org.apache.commons.math.linear.MatrixUtils:createColumnBigMatrix:517, 0.0
org.apache.commons.math.linear.MatrixUtils:createColumnBigMatrix:518, 0.0
org.apache.commons.math.linear.MatrixUtils:createColumnBigMatrix:498, 0.0
org.apache.commons.math.linear.MatrixUtils:createColumnBigMatrix:500, 0.0
org.apache.commons.math.linear.MatrixUtils:createColumnBigMatrix:516, 0.0
org.apache.commons.math.linear.MatrixUtils:createColumnBigMatrix:515, 0.0
org.apache.commons.math.linear.MatrixUtils:createColumnFieldMatrix:457, 0.0
org.apache.commons.math.linear.MatrixUtils:createColumnFieldMatrix:456, 0.0
org.apache.commons.math.linear.MatrixUtils:createColumnFieldMatrix:460, 0.0
org.apache.commons.math.linear.MatrixUtils:createColumnFieldMatrix:454, 0.0
org.apache.commons.math.linear.MatrixUtils:createColumnFieldMatrix:458, 0.0
org.apache.commons.math.linear.MatrixUtils:createColumnFieldMatrix:453, 0.0
org.apache.commons.math.linear.MatrixUtils:createColumnFieldMatrix:452, 0.0
org.apache.commons.math.linear.MatrixUtils:createFieldMatrix:83, 0.0
org.apache.commons.math.fraction.Fraction:<init>:108, 0.0
org.apache.commons.math.fraction.Fraction:<init>:109, 0.0
org.apache.commons.math.fraction.Fraction:<init>:197, 0.0
org.apache.commons.math.fraction.Fraction:<init>:199, 0.0
org.apache.commons.math.fraction.Fraction:<init>:198, 0.0
org.apache.commons.math.linear.MatrixUtils:createColumnRealMatrix:432, 0.0
org.apache.commons.math.linear.MatrixUtils:createColumnRealMatrix:433, 0.0
org.apache.commons.math.linear.MatrixUtils:createColumnRealMatrix:434, 0.0
org.apache.commons.math.linear.MatrixUtils:createColumnRealMatrix:435, 0.0
org.apache.commons.math.linear.MatrixUtils:createColumnRealMatrix:437, 0.0
org.apache.commons.math.linear.Array2DRowRealMatrix:setSubMatrix:352, 0.0
org.apache.commons.math.linear.Array2DRowRealMatrix:setSubMatrix:358, 0.0
org.apache.commons.math.linear.BigMatrixImpl:<init>:164, 0.0
org.apache.commons.math.linear.MatrixUtils:createRowBigMatrix:379, 0.0
org.apache.commons.math.linear.MatrixUtils:createRowBigMatrix:378, 0.0
org.apache.commons.math.linear.MatrixUtils:createRowBigMatrix:419, 0.0
org.apache.commons.math.linear.MatrixUtils:createRowBigMatrix:399, 0.0
org.apache.commons.math.linear.MatrixUtils:createRowBigMatrix:398, 0.0
org.apache.commons.math.linear.MatrixUtils:createRowBigMatrix:397, 0.0
org.apache.commons.math.linear.MatrixUtils:createRowBigMatrix:396, 0.0
org.apache.commons.math.linear.MatrixUtils:createRowBigMatrix:381, 0.0
org.apache.commons.math.linear.MatrixUtils:createRowBigMatrix:417, 0.0
org.apache.commons.math.linear.MatrixUtils:createRowBigMatrix:416, 0.0
org.apache.commons.math.linear.MatrixUtils:createRowBigMatrix:377, 0.0
org.apache.commons.math.linear.MatrixUtils:createRowBigMatrix:376, 0.0
org.apache.commons.math.linear.MatrixUtils:createRowBigMatrix:414, 0.0
org.apache.commons.math.linear.MatrixUtils:createRowBigMatrix:415, 0.0
org.apache.commons.math.linear.MatrixUtils:createRowFieldMatrix:353, 0.0
org.apache.commons.math.linear.MatrixUtils:createRowFieldMatrix:354, 0.0
org.apache.commons.math.linear.MatrixUtils:createRowFieldMatrix:355, 0.0
org.apache.commons.math.linear.MatrixUtils:createRowFieldMatrix:358, 0.0
org.apache.commons.math.linear.MatrixUtils:createRowFieldMatrix:359, 0.0
org.apache.commons.math.linear.MatrixUtils:createRowFieldMatrix:361, 0.0
org.apache.commons.math.linear.MatrixUtils:createRowFieldMatrix:357, 0.0
org.apache.commons.math.linear.AbstractRealMatrix:<init>:62, 0.0
org.apache.commons.math.linear.MatrixUtils:createRowRealMatrix:335, 0.0
org.apache.commons.math.linear.MatrixUtils:createRowRealMatrix:336, 0.0
org.apache.commons.math.linear.MatrixUtils:createRowRealMatrix:338, 0.0
org.apache.commons.math.linear.MatrixUtils:createRowRealMatrix:334, 0.0
org.apache.commons.math.linear.MatrixUtils:createRowRealMatrix:333, 0.0
org.apache.commons.math.linear.MatrixUtils:createFieldIdentityMatrix:162, 0.0
org.apache.commons.math.linear.MatrixUtils:createFieldIdentityMatrix:161, 0.0
org.apache.commons.math.linear.MatrixUtils:createFieldIdentityMatrix:165, 0.0
org.apache.commons.math.linear.MatrixUtils:createFieldIdentityMatrix:164, 0.0
org.apache.commons.math.fraction.Fraction:equals:342, 0.0
org.apache.commons.math.linear.MatrixUtils:createFieldIdentityMatrix:170, 0.0
org.apache.commons.math.linear.MatrixUtils:createFieldIdentityMatrix:168, 0.0
org.apache.commons.math.linear.MatrixUtils:createFieldIdentityMatrix:167, 0.0
org.apache.commons.math.linear.MatrixUtils:createFieldIdentityMatrix:166, 0.0
org.apache.commons.math.fraction.FractionField:getOne:52, 0.0
org.apache.commons.math.linear.Array2DRowFieldMatrix:setSubMatrix:350, 0.0
org.apache.commons.math.linear.MatrixUtils:createFieldMatrix:129, 0.0
org.apache.commons.math.linear.AbstractFieldMatrix:extractField:93, 0.0
org.apache.commons.math.linear.RealMatrixImpl:add:197, 0.0
org.apache.commons.math.linear.RealMatrixImpl:add:196, 0.0
org.apache.commons.math.linear.RealMatrixImpl:add:198, 0.0
org.apache.commons.math.linear.RealMatrixImpl:add:193, 0.0
org.apache.commons.math.linear.RealMatrixImpl:add:195, 0.0
org.apache.commons.math.linear.RealMatrixImpl:subtract:238, 0.0
org.apache.commons.math.linear.RealMatrixImpl:walkInColumnOrder:555, 0.0
org.apache.commons.math.linear.RealMatrixImpl:multiply:285, 0.0
org.apache.commons.math.linear.RealMatrixImpl:multiply:284, 0.0
org.apache.commons.math.linear.RealMatrixImpl:walkInColumnOrder:556, 0.0
org.apache.commons.math.linear.RealMatrixImpl:<init>:117, 0.0
org.apache.commons.math.linear.RealMatrixImpl:<init>:116, 0.0
org.apache.commons.math.linear.RealMatrixImpl:walkInColumnOrder:560, 0.0
org.apache.commons.math.linear.RealMatrixImpl:multiply:279, 0.0
org.apache.commons.math.linear.RealMatrixImpl:multiply:291, 0.0
org.apache.commons.math.linear.RealMatrixImpl:<init>:124, 0.0
org.apache.commons.math.linear.RealMatrixImpl:<init>:123, 0.0
org.apache.commons.math.linear.RealMatrixImpl:subtract:237, 0.0
org.apache.commons.math.linear.RealMatrixImpl:subtract:236, 0.0
org.apache.commons.math.linear.RealMatrixImpl:subtract:235, 0.0
org.apache.commons.math.linear.RealMatrixImpl:subtract:233, 0.0
org.apache.commons.math.linear.RealMatrixImpl:<init>:131, 0.0
org.apache.commons.math.linear.RealMatrixImpl:walkInColumnOrder:554, 0.0
org.apache.commons.math.linear.RealMatrixImpl:walkInColumnOrder:552, 0.0
org.apache.commons.math.linear.RealMatrixImpl:walkInColumnOrder:553, 0.0
org.apache.commons.math.linear.RealMatrixImpl:subtract:242, 0.0
org.apache.commons.math.linear.RealMatrixImpl:subtract:243, 0.0
org.apache.commons.math.linear.RealMatrixImpl:multiply:282, 0.0
org.apache.commons.math.linear.RealMatrixImpl:multiply:281, 0.0
org.apache.commons.math.linear.RealMatrixImpl:multiply:280, 0.0
org.apache.commons.math.linear.RealMatrixImpl:<init>:138, 0.0
org.apache.commons.math.linear.RealMatrixImpl:walkInColumnOrder:557, 0.0
org.apache.commons.math.linear.RealMatrixImpl:subtract:216, 0.0
org.apache.commons.math.linear.RealMatrixImpl:subtract:239, 0.0
org.apache.commons.math.linear.RealMatrixImpl:subtract:240, 0.0
org.apache.commons.math.linear.RealMatrixImpl:subtract:241, 0.0
org.apache.commons.math.linear.RealMatrixImpl:<init>:140, 0.0
org.apache.commons.math.linear.RealMatrixImpl:<init>:120, 0.0
org.apache.commons.math.linear.RealMatrixImpl:<init>:127, 0.0
org.apache.commons.math.linear.RealMatrixImpl:<init>:128, 0.0
org.apache.commons.math.linear.RealMatrixImpl:multiply:287, 0.0
org.apache.commons.math.linear.RealMatrixImpl:<init>:132, 0.0
org.apache.commons.math.linear.RealMatrixImpl:multiply:275, 0.0
org.apache.commons.math.linear.RealMatrixImpl:multiply:273, 0.0
org.apache.commons.math.linear.RealMatrixImpl:multiply:278, 0.0
org.apache.commons.math.linear.RealMatrixImpl:multiply:277, 0.0
org.apache.commons.math.linear.RealMatrixImpl:multiply:276, 0.0
org.apache.commons.math.linear.RealMatrixImpl:subtract:247, 0.0
org.apache.commons.math.linear.RealMatrixImpl:multiply:283, 0.0
org.apache.commons.math.linear.RealMatrixImpl:add:203, 0.0
org.apache.commons.math.linear.RealMatrixImpl:add:202, 0.0
org.apache.commons.math.linear.RealMatrixImpl:add:199, 0.0
org.apache.commons.math.linear.RealMatrixImpl:add:201, 0.0
org.apache.commons.math.linear.RealMatrixImpl:add:200, 0.0
org.apache.commons.math.linear.RealMatrixImpl:add:207, 0.0
org.apache.commons.math.linear.RealMatrixImpl:add:176, 0.0
org.apache.commons.math.linear.RealMatrixImpl:multiply:256, 0.0
org.apache.commons.math.linear.RealMatrixImpl:setSubMatrix:346, 0.0
org.apache.commons.math.linear.RealMatrixImpl:setSubMatrix:318, 0.0
org.apache.commons.math.linear.RealMatrixImpl:<init>:65, 0.0
org.apache.commons.math.linear.RealMatrixImpl:<init>:66, 0.0
org.apache.commons.math.linear.RealMatrixImpl:setSubMatrix:323, 0.0
org.apache.commons.math.util.OpenIntToFieldHashMap:shouldGrowTable:488, 0.0
org.apache.commons.math.util.OpenIntToFieldHashMap:<init>:137, 0.0
org.apache.commons.math.util.OpenIntToFieldHashMap:<init>:139, 0.0
org.apache.commons.math.util.OpenIntToFieldHashMap:<init>:138, 0.0
org.apache.commons.math.util.OpenIntToFieldHashMap:<init>:141, 0.0
org.apache.commons.math.util.OpenIntToFieldHashMap:<init>:140, 0.0
org.apache.commons.math.util.OpenIntToFieldHashMap:<init>:143, 0.0
org.apache.commons.math.util.OpenIntToFieldHashMap:<init>:142, 0.0
org.apache.commons.math.util.OpenIntToFieldHashMap:<init>:144, 0.0
org.apache.commons.math.util.OpenIntToFieldHashMap:<init>:145, 0.0
org.apache.commons.math.linear.SparseFieldMatrix:setEntry:174, 0.0
org.apache.commons.math.util.OpenIntToFieldHashMap:containsKey:404, 0.0
org.apache.commons.math.util.OpenIntToFieldHashMap:put:441, 0.0
org.apache.commons.math.util.OpenIntToFieldHashMap:put:442, 0.0
org.apache.commons.math.linear.SparseFieldMatrix:<init>:69, 0.0
org.apache.commons.math.linear.SparseFieldMatrix:<init>:70, 0.0
org.apache.commons.math.linear.SparseFieldMatrix:<init>:71, 0.0
org.apache.commons.math.linear.SparseFieldMatrix:<init>:72, 0.0
org.apache.commons.math.linear.SparseFieldMatrix:<init>:73, 0.0
org.apache.commons.math.util.OpenIntToFieldHashMap:hashOf:497, 0.0
org.apache.commons.math.util.OpenIntToFieldHashMap:hashOf:498, 0.0
org.apache.commons.math.linear.SparseFieldMatrix:getColumnDimension:134, 0.0
org.apache.commons.math.util.OpenIntToFieldHashMap:put:440, 0.0
org.apache.commons.math.util.OpenIntToFieldHashMap:put:437, 0.0
org.apache.commons.math.util.OpenIntToFieldHashMap:put:438, 0.0
org.apache.commons.math.util.OpenIntToFieldHashMap:put:439, 0.0
org.apache.commons.math.linear.SparseFieldMatrix:setEntry:176, 0.0
org.apache.commons.math.util.OpenIntToFieldHashMap:remove:373, 0.0
org.apache.commons.math.util.OpenIntToFieldHashMap:remove:375, 0.0
org.apache.commons.math.util.OpenIntToFieldHashMap:remove:374, 0.0
org.apache.commons.math.linear.SparseFieldMatrix:getRowDimension:148, 0.0
org.apache.commons.math.util.OpenIntToFieldHashMap:<init>:110, 0.0
org.apache.commons.math.util.OpenIntToFieldHashMap:<init>:109, 0.0
org.apache.commons.math.util.OpenIntToFieldHashMap:findInsertionIndex:294, 0.0
org.apache.commons.math.linear.SparseFieldMatrix:setEntry:179, 0.0
org.apache.commons.math.linear.AbstractFieldMatrix:add:178, 0.0
org.apache.commons.math.linear.AbstractFieldMatrix:add:176, 0.0
org.apache.commons.math.linear.AbstractFieldMatrix:add:177, 0.0
org.apache.commons.math.linear.AbstractFieldMatrix:add:175, 0.0
org.apache.commons.math.linear.AbstractFieldMatrix:add:173, 0.0
org.apache.commons.math.util.OpenIntToFieldHashMap:put:445, 0.0
org.apache.commons.math.util.OpenIntToFieldHashMap:findInsertionIndex:291, 0.0
org.apache.commons.math.util.OpenIntToFieldHashMap:findInsertionIndex:292, 0.0
org.apache.commons.math.util.OpenIntToFieldHashMap:findInsertionIndex:293, 0.0
org.apache.commons.math.util.OpenIntToFieldHashMap:buildArray:627, 0.0
org.apache.commons.math.fraction.Fraction:<init>:240, 0.0
org.apache.commons.math.fraction.Fraction:<init>:241, 0.0
org.apache.commons.math.util.OpenIntToFieldHashMap:remove:379, 0.0
org.apache.commons.math.util.OpenIntToFieldHashMap:remove:380, 0.0
org.apache.commons.math.util.OpenIntToFieldHashMap:computeCapacity:172, 0.0
org.apache.commons.math.util.OpenIntToFieldHashMap:put:447, 0.0
org.apache.commons.math.util.OpenIntToFieldHashMap:findInsertionIndex:278, 0.0
org.apache.commons.math.linear.SparseFieldMatrix:computeKey:187, 0.0
org.apache.commons.math.linear.SparseFieldMatrix:setEntry:171, 0.0
org.apache.commons.math.linear.SparseFieldMatrix:setEntry:173, 0.0
org.apache.commons.math.linear.SparseFieldMatrix:setEntry:172, 0.0
org.apache.commons.math.util.OpenIntToFieldHashMap:computeCapacity:176, 0.0
org.apache.commons.math.util.OpenIntToFieldHashMap:computeCapacity:177, 0.0
org.apache.commons.math.util.OpenIntToFieldHashMap:computeCapacity:175, 0.0
org.apache.commons.math.util.OpenIntToFieldHashMap:put:432, 0.0
org.apache.commons.math.util.OpenIntToFieldHashMap:put:429, 0.0
org.apache.commons.math.util.OpenIntToFieldHashMap:put:431, 0.0
org.apache.commons.math.util.OpenIntToFieldHashMap:put:430, 0.0
org.apache.commons.math.util.OpenIntToFieldHashMap:computeCapacity:178, 0.0
org.apache.commons.math.util.OpenIntToFieldHashMap:get:199, 0.0
org.apache.commons.math.util.OpenIntToFieldHashMap:get:201, 0.0
org.apache.commons.math.util.OpenIntToFieldHashMap:get:200, 0.0
org.apache.commons.math.util.OpenIntToFieldHashMap:get:205, 0.0
org.apache.commons.math.util.OpenIntToFieldHashMap:get:202, 0.0
org.apache.commons.math.fraction.Fraction:doubleValue:327, 0.0
org.apache.commons.math.linear.AbstractFieldMatrix:multiply:260, 0.0
org.apache.commons.math.linear.AbstractFieldMatrix:multiply:250, 0.0
org.apache.commons.math.linear.AbstractFieldMatrix:multiply:256, 0.0
org.apache.commons.math.linear.AbstractFieldMatrix:multiply:251, 0.0
org.apache.commons.math.linear.AbstractFieldMatrix:multiply:254, 0.0
org.apache.commons.math.linear.AbstractFieldMatrix:multiply:253, 0.0
org.apache.commons.math.linear.SparseFieldMatrix:createMatrix:128, 0.0
org.apache.commons.math.linear.AbstractFieldMatrix:multiply:252, 0.0
org.apache.commons.math.linear.SparseFieldMatrix:getEntry:141, 0.0
org.apache.commons.math.linear.SparseFieldMatrix:getEntry:140, 0.0
org.apache.commons.math.linear.SparseFieldMatrix:getEntry:142, 0.0
org.apache.commons.math.util.OpenIntToFieldHashMap:get:206, 0.0
org.apache.commons.math.linear.AbstractFieldMatrix:multiply:246, 0.0
org.apache.commons.math.linear.AbstractFieldMatrix:multiply:247, 0.0
org.apache.commons.math.linear.AbstractFieldMatrix:multiply:244, 0.0
org.apache.commons.math.linear.AbstractFieldMatrix:multiply:248, 0.0
org.apache.commons.math.linear.AbstractFieldMatrix:multiply:249, 0.0
org.apache.commons.math.linear.AbstractFieldMatrix:operate:692, 0.0
org.apache.commons.math.linear.AbstractFieldMatrix:operate:678, 0.0
org.apache.commons.math.linear.AbstractFieldMatrix:operate:677, 0.0
org.apache.commons.math.linear.AbstractFieldMatrix:operate:676, 0.0
org.apache.commons.math.linear.AbstractFieldMatrix:operate:675, 0.0
org.apache.commons.math.linear.AbstractFieldMatrix:operate:687, 0.0
org.apache.commons.math.linear.AbstractFieldMatrix:operate:686, 0.0
org.apache.commons.math.linear.AbstractFieldMatrix:operate:684, 0.0
org.apache.commons.math.linear.AbstractFieldMatrix:operate:689, 0.0
org.apache.commons.math.linear.AbstractFieldMatrix:operate:685, 0.0
org.apache.commons.math.linear.AbstractFieldMatrix:operate:683, 0.0
org.apache.commons.math.linear.AbstractFieldMatrix:subtract:203, 0.0
org.apache.commons.math.linear.AbstractFieldMatrix:subtract:197, 0.0
org.apache.commons.math.linear.AbstractFieldMatrix:subtract:196, 0.0
org.apache.commons.math.linear.AbstractFieldMatrix:subtract:192, 0.0
org.apache.commons.math.linear.AbstractFieldMatrix:subtract:195, 0.0
org.apache.commons.math.linear.AbstractFieldMatrix:subtract:194, 0.0
org.apache.commons.math.linear.AbstractFieldMatrix:add:179, 0.0
org.apache.commons.math.linear.AbstractFieldMatrix:subtract:199, 0.0
org.apache.commons.math.linear.AbstractFieldMatrix:subtract:198, 0.0
org.apache.commons.math.linear.AbstractFieldMatrix:add:180, 0.0
org.apache.commons.math.linear.AbstractFieldMatrix:add:184, 0.0
org.apache.commons.math.linear.AbstractFieldMatrix:preMultiply:730, 0.0
org.apache.commons.math.linear.AbstractFieldMatrix:preMultiply:744, 0.0
org.apache.commons.math.linear.AbstractFieldMatrix:preMultiply:728, 0.0
org.apache.commons.math.linear.AbstractFieldMatrix:preMultiply:729, 0.0
org.apache.commons.math.linear.AbstractFieldMatrix:preMultiply:727, 0.0
org.apache.commons.math.linear.AbstractFieldMatrix:preMultiply:736, 0.0
org.apache.commons.math.linear.AbstractFieldMatrix:preMultiply:741, 0.0
org.apache.commons.math.linear.AbstractFieldMatrix:preMultiply:739, 0.0
org.apache.commons.math.linear.AbstractFieldMatrix:preMultiply:738, 0.0
org.apache.commons.math.linear.AbstractFieldMatrix:preMultiply:737, 0.0
org.apache.commons.math.linear.AbstractFieldMatrix:preMultiply:735, 0.0
org.apache.commons.math.util.OpenIntToFieldHashMap:findInsertionIndex:295, 0.0
org.apache.commons.math.linear.AbstractFieldMatrix:<init>:68, 0.0
org.apache.commons.math.util.OpenIntToFieldHashMap:changeIndexSign:354, 0.0
org.apache.commons.math.util.OpenIntToFieldHashMap:put:433, 0.0
org.apache.commons.math.util.OpenIntToFieldHashMap:put:434, 0.0
org.apache.commons.math.util.OpenIntToFieldHashMap:put:435, 0.0
org.apache.commons.math.util.OpenIntToFieldHashMap:findInsertionIndex:296, 0.0
org.apache.commons.math.util.OpenIntToFieldHashMap$Iterator:hasNext:537, 0.0
org.apache.commons.math.util.OpenIntToFieldHashMap:iterator:260, 0.0
org.apache.commons.math.linear.SparseFieldVector:checkVectorDimensions:567, 0.0
org.apache.commons.math.linear.SparseFieldVector:<init>:106, 0.0
org.apache.commons.math.util.OpenIntToFieldHashMap$Iterator:advance:594, 0.0
org.apache.commons.math.linear.SparseFieldVector:hashCode:597, 0.0
org.apache.commons.math.linear.SparseFieldVector:hashCode:596, 0.0
org.apache.commons.math.linear.SparseFieldVector:hashCode:598, 0.0
org.apache.commons.math.linear.SparseFieldVector:hashCode:601, 0.0
org.apache.commons.math.util.OpenIntToFieldHashMap$Iterator:value:573, 0.0
org.apache.commons.math.util.OpenIntToFieldHashMap:access$100:42, 0.0
org.apache.commons.math.linear.SparseFieldVector:getDimension:302, 0.0
org.apache.commons.math.util.OpenIntToFieldHashMap$Iterator:<init>:525, 0.0
org.apache.commons.math.util.OpenIntToFieldHashMap$Iterator:<init>:517, 0.0
org.apache.commons.math.util.OpenIntToFieldHashMap$Iterator:<init>:520, 0.0
org.apache.commons.math.util.OpenIntToFieldHashMap$Iterator:<init>:528, 0.0
org.apache.commons.math.util.OpenIntToFieldHashMap$Iterator:<init>:523, 0.0
org.apache.commons.math.util.OpenIntToFieldHashMap$Iterator:advance:590, 0.0
org.apache.commons.math.linear.SparseFieldVector:<init>:102, 0.0
org.apache.commons.math.linear.SparseFieldVector:<init>:103, 0.0
org.apache.commons.math.linear.SparseFieldVector:<init>:104, 0.0
org.apache.commons.math.linear.SparseFieldVector:<init>:105, 0.0
org.apache.commons.math.linear.SparseFieldVector:hashCode:603, 0.0
org.apache.commons.math.linear.SparseFieldVector:hashCode:602, 0.0
org.apache.commons.math.linear.SparseFieldVector:hashCode:605, 0.0
org.apache.commons.math.linear.SparseFieldVector:hashCode:604, 0.0
org.apache.commons.math.util.OpenIntToFieldHashMap$Iterator:<init>:503, 0.0
org.apache.commons.math.util.OpenIntToFieldHashMap$Iterator:advance:597, 0.0
org.apache.commons.math.util.OpenIntToFieldHashMap$Iterator:advance:599, 0.0
org.apache.commons.math.util.OpenIntToFieldHashMap$Iterator:advance:598, 0.0
org.apache.commons.math.linear.SparseFieldVector:<init>:110, 0.0
org.apache.commons.math.linear.SparseFieldVector:hashCode:606, 0.0
org.apache.commons.math.util.OpenIntToFieldHashMap$Iterator:value:570, 0.0
org.apache.commons.math.util.OpenIntToFieldHashMap$Iterator:advance:602, 0.0
org.apache.commons.math.linear.SparseFieldVector:<init>:108, 0.0
org.apache.commons.math.linear.SparseFieldVector:<init>:107, 0.0
org.apache.commons.math.util.OpenIntToFieldHashMap$Iterator:advance:584, 0.0
org.apache.commons.math.linear.SparseFieldVector:checkVectorDimensions:566, 0.0
org.apache.commons.math.linear.SparseFieldVector:hashCode:600, 0.0
org.apache.commons.math.linear.SparseFieldVector:hashCode:599, 0.0
org.apache.commons.math.util.OpenIntToFieldHashMap$Iterator:<init>:530, 0.0
org.apache.commons.math.util.OpenIntToFieldHashMap$Iterator:advance:604, 0.0
org.apache.commons.math.util.OpenIntToFieldHashMap$Iterator:value:566, 0.0
org.apache.commons.math.util.OpenIntToFieldHashMap:access$400:42, 0.0
org.apache.commons.math.util.OpenIntToFieldHashMap:access$300:42, 0.0
org.apache.commons.math.linear.OpenMapRealMatrix:add:108, 0.0
org.apache.commons.math.linear.OpenMapRealMatrix:add:109, 0.0
org.apache.commons.math.linear.OpenMapRealMatrix:add:106, 0.0
org.apache.commons.math.linear.OpenMapRealMatrix:multiply:212, 0.0
org.apache.commons.math.util.OpenIntToDoubleHashMap:get:197, 0.0
org.apache.commons.math.util.OpenIntToDoubleHashMap:get:198, 0.0
org.apache.commons.math.linear.OpenMapRealMatrix:multiply:171, 0.0
org.apache.commons.math.linear.OpenMapRealMatrix:multiply:170, 0.0
org.apache.commons.math.linear.OpenMapRealMatrix:multiply:169, 0.0
org.apache.commons.math.linear.OpenMapRealMatrix:multiply:174, 0.0
org.apache.commons.math.linear.OpenMapRealMatrix:multiply:173, 0.0
org.apache.commons.math.linear.OpenMapRealMatrix:multiply:172, 0.0
org.apache.commons.math.linear.OpenMapRealMatrix:subtract:125, 0.0
org.apache.commons.math.linear.OpenMapRealMatrix:multiply:208, 0.0
org.apache.commons.math.linear.OpenMapRealMatrix:multiply:209, 0.0
org.apache.commons.math.linear.OpenMapRealMatrix:multiply:211, 0.0
org.apache.commons.math.linear.OpenMapRealMatrix:multiply:168, 0.0
org.apache.commons.math.linear.OpenMapRealMatrix:multiply:207, 0.0
org.apache.commons.math.linear.OpenMapRealMatrix:multiply:206, 0.0
org.apache.commons.math.linear.OpenMapRealMatrix:multiply:161, 0.0
org.apache.commons.math.linear.OpenMapRealMatrix:multiply:167, 0.0
org.apache.commons.math.linear.OpenMapRealMatrix:multiply:166, 0.0
org.apache.commons.math.linear.OpenMapRealMatrix:multiply:164, 0.0
org.apache.commons.math.linear.OpenMapRealMatrix:multiply:205, 0.0
org.apache.commons.math.linear.OpenMapRealMatrix:multiply:160, 0.0
org.apache.commons.math.linear.OpenMapRealMatrix:multiply:220, 0.0
org.apache.commons.math.util.OpenIntToDoubleHashMap:containsKey:224, 0.0
org.apache.commons.math.linear.AbstractRealMatrix:walkInColumnOrder:864, 0.0
org.apache.commons.math.linear.AbstractRealMatrix:walkInColumnOrder:865, 0.0
org.apache.commons.math.linear.AbstractRealMatrix:walkInColumnOrder:866, 0.0
org.apache.commons.math.linear.AbstractRealMatrix:walkInColumnOrder:867, 0.0
org.apache.commons.math.linear.OpenMapRealMatrix:subtract:151, 0.0
org.apache.commons.math.linear.OpenMapRealMatrix:multiply:218, 0.0
org.apache.commons.math.util.OpenIntToDoubleHashMap:containsKey:223, 0.0
org.apache.commons.math.util.OpenIntToDoubleHashMap:probe:333, 0.0
org.apache.commons.math.linear.AbstractRealMatrix:walkInColumnOrder:868, 0.0
org.apache.commons.math.util.OpenIntToDoubleHashMap:perturb:257, 0.0
org.apache.commons.math.linear.OpenMapRealMatrix:multiply:214, 0.0
org.apache.commons.math.linear.AbstractRealMatrix:walkInColumnOrder:869, 0.0
org.apache.commons.math.linear.AbstractRealMatrix:walkInColumnOrder:872, 0.0
org.apache.commons.math.linear.OpenMapRealMatrix:subtract:144, 0.0
org.apache.commons.math.linear.OpenMapRealMatrix:subtract:141, 0.0
org.apache.commons.math.linear.OpenMapRealMatrix:subtract:143, 0.0
org.apache.commons.math.linear.OpenMapRealMatrix:subtract:145, 0.0
org.apache.commons.math.linear.OpenMapRealMatrix:subtract:146, 0.0
org.apache.commons.math.linear.OpenMapRealMatrix:subtract:147, 0.0
org.apache.commons.math.linear.OpenMapRealMatrix:subtract:148, 0.0
org.apache.commons.math.linear.OpenMapRealMatrix:subtract:149, 0.0
org.apache.commons.math.linear.OpenMapRealMatrix:<init>:64, 0.0
org.apache.commons.math.linear.OpenMapRealMatrix:<init>:63, 0.0
org.apache.commons.math.linear.OpenMapRealMatrix:<init>:62, 0.0
org.apache.commons.math.linear.OpenMapRealMatrix:<init>:61, 0.0
org.apache.commons.math.linear.OpenMapRealMatrix:<init>:60, 0.0
org.apache.commons.math.linear.OpenMapRealMatrix:multiply:175, 0.0
org.apache.commons.math.util.OpenIntToDoubleHashMap:get:206, 0.0
org.apache.commons.math.linear.OpenMapRealMatrix:multiply:197, 0.0
org.apache.commons.math.linear.OpenMapRealMatrix:multiply:199, 0.0
org.apache.commons.math.linear.OpenMapRealMatrix:multiply:198, 0.0
org.apache.commons.math.linear.OpenMapRealMatrix:multiply:195, 0.0
org.apache.commons.math.linear.OpenMapRealMatrix:multiply:177, 0.0
org.apache.commons.math.linear.OpenMapRealMatrix:multiply:179, 0.0
org.apache.commons.math.linear.OpenMapRealMatrix:multiply:204, 0.0
org.apache.commons.math.linear.OpenMapRealMatrix:multiply:201, 0.0
org.apache.commons.math.linear.OpenMapRealMatrix:multiply:200, 0.0
org.apache.commons.math.linear.OpenMapRealMatrix:multiply:203, 0.0
org.apache.commons.math.linear.OpenMapRealMatrix:multiply:202, 0.0
org.apache.commons.math.util.OpenIntToDoubleHashMap:get:199, 0.0
org.apache.commons.math.util.OpenIntToDoubleHashMap:get:201, 0.0
org.apache.commons.math.util.OpenIntToDoubleHashMap:get:200, 0.0
org.apache.commons.math.linear.OpenMapRealMatrix:add:90, 0.0
org.apache.commons.math.linear.OpenMapRealMatrix:add:110, 0.0
org.apache.commons.math.linear.OpenMapRealMatrix:add:111, 0.0
org.apache.commons.math.linear.OpenMapRealMatrix:add:114, 0.0
org.apache.commons.math.linear.OpenMapRealMatrix:add:113, 0.0
org.apache.commons.math.linear.OpenMapRealMatrix:add:112, 0.0
org.apache.commons.math.linear.OpenMapRealMatrix:add:116, 0.0
org.apache.commons.math.linear.OpenMapRealMatrix:createMatrix:76, 0.0
org.apache.commons.math.ode.ContinuousOutputModel:append:152, 0.0
org.apache.commons.math.ode.sampling.DummyStepInterpolator:<init>:84, 0.0
org.apache.commons.math.ode.sampling.DummyStepInterpolator:<init>:83, 0.0
org.apache.commons.math.ode.sampling.DummyStepInterpolator:<init>:82, 0.0
org.apache.commons.math.ode.ContinuousOutputModel:append:136, 0.0
org.apache.commons.math.ode.ContinuousOutputModel:append:142, 0.0
org.apache.commons.math.ode.sampling.DummyStepInterpolator:doCopy:91, 0.0
org.apache.commons.math.stat.Frequency:getSumFreq:216, 0.0
org.apache.commons.math.stat.Frequency:getSumFreq:217, 0.0
org.apache.commons.math.stat.Frequency:getCount:257, 0.0
org.apache.commons.math.stat.Frequency:getCount:250, 0.0
org.apache.commons.math.stat.Frequency:getCount:251, 0.0
org.apache.commons.math.stat.Frequency:getCount:248, 0.0
org.apache.commons.math.stat.Frequency:getCumFreq:382, 0.0
org.apache.commons.math.stat.Frequency:getCumFreq:409, 0.0
org.apache.commons.math.stat.Frequency:getCumFreq:402, 0.0
org.apache.commons.math.stat.Frequency:getCumFreq:390, 0.0
org.apache.commons.math.stat.Frequency:getCumFreq:389, 0.0
org.apache.commons.math.stat.Frequency:getSumFreq:221, 0.0
org.apache.commons.math.stat.Frequency:addValue:144, 0.0
org.apache.commons.math.stat.Frequency:addValue:146, 0.0
org.apache.commons.math.stat.Frequency:getCumFreq:400, 0.0
org.apache.commons.math.stat.Frequency:getCumFreq:401, 0.0
org.apache.commons.math.stat.Frequency:getCount:252, 0.0
org.apache.commons.math.stat.Frequency:getCumFreq:408, 0.0
org.apache.commons.math.stat.Frequency:addValue:187, 0.0
org.apache.commons.math.stat.Frequency:addValue:188, 0.0
org.apache.commons.math.stat.Frequency$NaturalComparator:<init>:542, 0.0
org.apache.commons.math.stat.Frequency:getCumPct:496, 0.0
org.apache.commons.math.stat.Frequency:getPct:321, 0.0
org.apache.commons.math.stat.Frequency:getCumFreq:391, 0.0
org.apache.commons.math.stat.Frequency:getSumFreq:219, 0.0
org.apache.commons.math.stat.Frequency:getCount:256, 0.0
org.apache.commons.math.stat.Frequency:getCount:245, 0.0
org.apache.commons.math.stat.Frequency$NaturalComparator:compare:562, 0.0
org.apache.commons.math.stat.Frequency:getCumPct:535, 0.0
org.apache.commons.math.stat.Frequency:getCumFreq:393, 0.0
org.apache.commons.math.stat.Frequency:getCumFreq:397, 0.0
org.apache.commons.math.stat.Frequency:getCumFreq:396, 0.0
org.apache.commons.math.stat.Frequency:getPct:354, 0.0
org.apache.commons.math.stat.Frequency:getCumFreq:385, 0.0
org.apache.commons.math.stat.Frequency:getSumFreq:218, 0.0
org.apache.commons.math.stat.Frequency:getCount:254, 0.0
org.apache.commons.math.stat.Frequency:getCumFreq:398, 0.0
org.apache.commons.math.stat.Frequency:getCumFreq:404, 0.0
org.apache.commons.math.stat.Frequency:getCumPct:493, 0.0
org.apache.commons.math.stat.Frequency:getCumPct:492, 0.0
org.apache.commons.math.stat.Frequency:getPct:317, 0.0
org.apache.commons.math.stat.Frequency:getPct:318, 0.0
org.apache.commons.math.stat.Frequency:addValue:113, 0.0
org.apache.commons.math.stat.Frequency:addValue:116, 0.0
org.apache.commons.math.stat.Frequency:clear:193, 0.0
org.apache.commons.math.stat.Frequency:clear:192, 0.0
org.apache.commons.math.stat.descriptive.AbstractUnivariateStatistic:test:94, 0.0
org.apache.commons.math.stat.descriptive.AbstractUnivariateStatistic:test:84, 0.0
org.apache.commons.math.stat.StatUtils:sum:108, 0.0
org.apache.commons.math.stat.StatUtils:varianceDifference:622, 0.0
org.apache.commons.math.stat.StatUtils:variance:314, 0.0
org.apache.commons.math.stat.descriptive.moment.Variance:evaluate:215, 0.0
org.apache.commons.math.stat.descriptive.AbstractStorelessUnivariateStatistic:evaluate:60, 0.0
org.apache.commons.math.stat.StatUtils:meanDifference:591, 0.0
org.apache.commons.math.stat.StatUtils:varianceDifference:612, 0.0
org.apache.commons.math.stat.StatUtils:sumDifference:573, 0.0
org.apache.commons.math.stat.StatUtils:sumDifference:567, 0.0
org.apache.commons.math.stat.StatUtils:sumDifference:566, 0.0
org.apache.commons.math.stat.StatUtils:mean:233, 0.0
org.apache.commons.math.stat.descriptive.moment.Variance:evaluate:218, 0.0
org.apache.commons.math.stat.StatUtils:varianceDifference:613, 0.0
org.apache.commons.math.stat.StatUtils:sumDifference:572, 0.0
org.apache.commons.math.stat.StatUtils:varianceDifference:610, 0.0
org.apache.commons.math.stat.StatUtils:varianceDifference:611, 0.0
org.apache.commons.math.stat.StatUtils:varianceDifference:608, 0.0
org.apache.commons.math.stat.StatUtils:varianceDifference:609, 0.0
org.apache.commons.math.stat.StatUtils:varianceDifference:617, 0.0
org.apache.commons.math.stat.descriptive.AbstractStorelessUnivariateStatistic:evaluate:57, 0.0
org.apache.commons.math.stat.StatUtils:sum:89, 0.0
org.apache.commons.math.stat.StatUtils:sumDifference:568, 0.0
org.apache.commons.math.stat.StatUtils:sumDifference:576, 0.0
org.apache.commons.math.stat.StatUtils:varianceDifference:618, 0.0
org.apache.commons.math.stat.StatUtils:varianceDifference:619, 0.0
org.apache.commons.math.stat.StatUtils:varianceDifference:620, 0.0
org.apache.commons.math.stat.StatUtils:sumDifference:574, 0.0
org.apache.commons.math.stat.StatUtils:geometricMean:294, 0.0
org.apache.commons.math.stat.StatUtils:geometricMean:272, 0.0
org.apache.commons.math.stat.descriptive.summary.SumOfLogs:evaluate:133, 0.0
org.apache.commons.math.stat.descriptive.summary.SumOfLogs:evaluate:134, 0.0
org.apache.commons.math.stat.descriptive.moment.GeometricMean:evaluate:141, 0.0
org.apache.commons.math.stat.descriptive.summary.SumOfLogs:evaluate:135, 0.0
org.apache.commons.math.stat.StatUtils:sumLog:193, 0.0
org.apache.commons.math.stat.descriptive.summary.SumOfLogs:evaluate:131, 0.0
org.apache.commons.math.stat.descriptive.summary.SumOfLogs:evaluate:132, 0.0
org.apache.commons.math.stat.descriptive.AbstractStorelessUnivariateStatistic:evaluate:58, 0.0
org.apache.commons.math.stat.StatUtils:sumLog:216, 0.0
org.apache.commons.math.stat.descriptive.summary.SumOfLogs:evaluate:138, 0.0
org.apache.commons.math.stat.descriptive.AbstractUnivariateStatistic:test:99, 0.0
org.apache.commons.math.stat.descriptive.AbstractUnivariateStatistic:test:80, 0.0
org.apache.commons.math.stat.StatUtils:max:444, 0.0
org.apache.commons.math.stat.StatUtils:max:417, 0.0
org.apache.commons.math.stat.descriptive.moment.Mean:evaluate:169, 0.0
org.apache.commons.math.stat.StatUtils:mean:255, 0.0
org.apache.commons.math.stat.StatUtils:min:492, 0.0
org.apache.commons.math.stat.StatUtils:min:465, 0.0
org.apache.commons.math.stat.descriptive.rank.Percentile:evaluate:204, 0.0
org.apache.commons.math.stat.descriptive.rank.Percentile:evaluate:198, 0.0
org.apache.commons.math.stat.descriptive.rank.Percentile:evaluate:200, 0.0
org.apache.commons.math.stat.descriptive.rank.Percentile:evaluate:133, 0.0
org.apache.commons.math.stat.descriptive.rank.Percentile:evaluate:132, 0.0
org.apache.commons.math.stat.StatUtils:percentile:551, 0.0
org.apache.commons.math.stat.descriptive.rank.Percentile:evaluate:208, 0.0
org.apache.commons.math.stat.descriptive.rank.Percentile:evaluate:205, 0.0
org.apache.commons.math.stat.StatUtils:percentile:519, 0.0
org.apache.commons.math.stat.descriptive.rank.Percentile:evaluate:222, 0.0
org.apache.commons.math.stat.descriptive.rank.Percentile:evaluate:216, 0.0
org.apache.commons.math.stat.descriptive.rank.Percentile:evaluate:217, 0.0
org.apache.commons.math.stat.descriptive.rank.Percentile:evaluate:219, 0.0
org.apache.commons.math.stat.descriptive.rank.Percentile:evaluate:212, 0.0
org.apache.commons.math.stat.descriptive.rank.Percentile:evaluate:213, 0.0
org.apache.commons.math.stat.descriptive.rank.Percentile:evaluate:214, 0.0
org.apache.commons.math.stat.descriptive.rank.Percentile:evaluate:215, 0.0
org.apache.commons.math.stat.descriptive.rank.Percentile:evaluate:210, 0.0
org.apache.commons.math.stat.descriptive.rank.Percentile:evaluate:211, 0.0
org.apache.commons.math.stat.descriptive.rank.Percentile:evaluate:207, 0.0
org.apache.commons.math.stat.descriptive.rank.Percentile:evaluate:227, 0.0
org.apache.commons.math.stat.descriptive.rank.Percentile:evaluate:226, 0.0
org.apache.commons.math.stat.descriptive.rank.Percentile:evaluate:225, 0.0
org.apache.commons.math.stat.descriptive.summary.Product:evaluate:125, 0.0
org.apache.commons.math.stat.descriptive.summary.Product:evaluate:124, 0.0
org.apache.commons.math.stat.descriptive.summary.Product:evaluate:123, 0.0
org.apache.commons.math.stat.StatUtils:product:156, 0.0
org.apache.commons.math.stat.StatUtils:product:175, 0.0
org.apache.commons.math.stat.descriptive.summary.Product:evaluate:128, 0.0
org.apache.commons.math.stat.descriptive.summary.Product:evaluate:122, 0.0
org.apache.commons.math.stat.descriptive.summary.Product:evaluate:121, 0.0
org.apache.commons.math.stat.StatUtils:sumSq:142, 0.0
org.apache.commons.math.stat.StatUtils:sumSq:123, 0.0
org.apache.commons.math.stat.StatUtils:variance:370, 0.0
org.apache.commons.math.stat.StatUtils:variance:339, 0.0
org.apache.commons.math.stat.descriptive.moment.Variance:evaluate:249, 0.0
org.apache.commons.math.stat.correlation.Covariance:checkSufficientData:268, 0.0
org.apache.commons.math.stat.correlation.Covariance:<init>:131, 0.0
org.apache.commons.math.stat.correlation.Covariance:<init>:130, 0.0
org.apache.commons.math.stat.correlation.Covariance:covariance:221, 0.0
org.apache.commons.math.stat.correlation.Covariance:covariance:222, 0.0
org.apache.commons.math.stat.correlation.Covariance:covariance:223, 0.0
org.apache.commons.math.stat.correlation.Covariance:covariance:224, 0.0
org.apache.commons.math.stat.correlation.Covariance:<init>:117, 0.0
org.apache.commons.math.stat.correlation.Covariance:<init>:116, 0.0
org.apache.commons.math.stat.correlation.Covariance:<init>:115, 0.0
org.apache.commons.math.stat.correlation.Covariance:<init>:114, 0.0
org.apache.commons.math.stat.correlation.Covariance:<init>:113, 0.0
org.apache.commons.math.stat.correlation.Covariance:checkSufficientData:267, 0.0
org.apache.commons.math.stat.correlation.Covariance:<init>:63, 0.0
org.apache.commons.math.stat.correlation.Covariance:<init>:62, 0.0
org.apache.commons.math.stat.correlation.Covariance:<init>:61, 0.0
org.apache.commons.math.stat.correlation.Covariance:<init>:60, 0.0
org.apache.commons.math.stat.correlation.Covariance:checkSufficientData:266, 0.0
org.apache.commons.math.stat.correlation.Covariance:checkSufficientData:265, 0.0
org.apache.commons.math.stat.correlation.Covariance:covariance:234, 0.0
org.apache.commons.math.stat.correlation.PearsonsCorrelation:checkSufficientData:275, 0.0
org.apache.commons.math.stat.correlation.PearsonsCorrelation:checkSufficientData:274, 0.0
org.apache.commons.math.stat.correlation.PearsonsCorrelation:checkSufficientData:273, 0.0
org.apache.commons.math.stat.correlation.PearsonsCorrelation:<init>:57, 0.0
org.apache.commons.math.stat.correlation.PearsonsCorrelation:<init>:56, 0.0
org.apache.commons.math.stat.correlation.PearsonsCorrelation:<init>:55, 0.0
org.apache.commons.math.stat.correlation.PearsonsCorrelation:<init>:54, 0.0
org.apache.commons.math.stat.correlation.PearsonsCorrelation:correlation:226, 0.0
org.apache.commons.math.stat.correlation.PearsonsCorrelation:correlation:225, 0.0
org.apache.commons.math.stat.correlation.PearsonsCorrelation:<init>:77, 0.0
org.apache.commons.math.stat.correlation.PearsonsCorrelation:<init>:78, 0.0
org.apache.commons.math.stat.correlation.PearsonsCorrelation:<init>:79, 0.0
org.apache.commons.math.stat.correlation.PearsonsCorrelation:<init>:81, 0.0
org.apache.commons.math.stat.correlation.PearsonsCorrelation:<init>:80, 0.0
org.apache.commons.math.stat.correlation.PearsonsCorrelation:checkSufficientData:276, 0.0
org.apache.commons.math.stat.correlation.PearsonsCorrelation:correlation:233, 0.0
org.apache.commons.math.linear.BlockRealMatrix:copy:304, 0.0
org.apache.commons.math.stat.ranking.NaturalRanking:rank:230, 0.0
org.apache.commons.math.stat.ranking.NaturalRanking:rank:229, 0.0
org.apache.commons.math.stat.correlation.SpearmansCorrelation:correlation:153, 0.0
org.apache.commons.math.stat.ranking.NaturalRanking$IntDoublePair:getValue:452, 0.0
org.apache.commons.math.linear.BlockRealMatrix:getColumn:1193, 0.0
org.apache.commons.math.stat.ranking.NaturalRanking:recodeNaNs:288, 0.0
org.apache.commons.math.stat.correlation.SpearmansCorrelation:correlation:148, 0.0
org.apache.commons.math.stat.ranking.NaturalRanking:rank:201, 0.0
org.apache.commons.math.stat.ranking.NaturalRanking:rank:202, 0.0
org.apache.commons.math.stat.correlation.SpearmansCorrelation:rankTransform:166, 0.0
org.apache.commons.math.stat.ranking.NaturalRanking:rank:247, 0.0
org.apache.commons.math.linear.BlockRealMatrix:copy:301, 0.0
org.apache.commons.math.stat.ranking.NaturalRanking:rank:227, 0.0
org.apache.commons.math.stat.ranking.NaturalRanking$IntDoublePair:getPosition:460, 0.0
org.apache.commons.math.linear.BlockRealMatrix:getColumn:1186, 0.0
org.apache.commons.math.linear.BlockRealMatrix:getColumn:1185, 0.0
org.apache.commons.math.linear.BlockRealMatrix:getColumn:1191, 0.0
org.apache.commons.math.linear.BlockRealMatrix:getColumn:1190, 0.0
org.apache.commons.math.linear.BlockRealMatrix:getColumn:1189, 0.0
org.apache.commons.math.linear.BlockRealMatrix:getColumn:1192, 0.0
org.apache.commons.math.stat.ranking.NaturalRanking:rank:199, 0.0
org.apache.commons.math.stat.ranking.NaturalRanking:rank:198, 0.0
org.apache.commons.math.stat.ranking.NaturalRanking:recodeNaNs:289, 0.0
org.apache.commons.math.stat.ranking.NaturalRanking$IntDoublePair:<init>:432, 0.0
org.apache.commons.math.stat.ranking.NaturalRanking$IntDoublePair:<init>:433, 0.0
org.apache.commons.math.stat.ranking.NaturalRanking$IntDoublePair:<init>:434, 0.0
org.apache.commons.math.stat.ranking.NaturalRanking$IntDoublePair:<init>:431, 0.0
org.apache.commons.math.stat.correlation.SpearmansCorrelation:rankTransform:167, 0.0
org.apache.commons.math.linear.BlockRealMatrix:getColumn:1201, 0.0
org.apache.commons.math.stat.ranking.NaturalRanking$IntDoublePair:compareTo:444, 0.0
org.apache.commons.math.stat.ranking.NaturalRanking:rank:234, 0.0
org.apache.commons.math.stat.ranking.NaturalRanking:rank:233, 0.0
org.apache.commons.math.stat.ranking.NaturalRanking:rank:239, 0.0
org.apache.commons.math.stat.ranking.NaturalRanking:rank:226, 0.0
org.apache.commons.math.stat.correlation.SpearmansCorrelation:rankTransform:169, 0.0
org.apache.commons.math.stat.ranking.NaturalRanking:rank:193, 0.0
org.apache.commons.math.stat.ranking.NaturalRanking:rank:192, 0.0
org.apache.commons.math.stat.ranking.NaturalRanking:rank:241, 0.0
org.apache.commons.math.stat.ranking.NaturalRanking:recodeNaNs:294, 0.0
org.apache.commons.math.stat.correlation.SpearmansCorrelation:<init>:59, 0.0
org.apache.commons.math.stat.correlation.SpearmansCorrelation:<init>:58, 0.0
org.apache.commons.math.stat.correlation.SpearmansCorrelation:<init>:63, 0.0
org.apache.commons.math.stat.correlation.SpearmansCorrelation:<init>:62, 0.0
org.apache.commons.math.stat.correlation.SpearmansCorrelation:<init>:61, 0.0
org.apache.commons.math.stat.correlation.SpearmansCorrelation:<init>:60, 0.0
org.apache.commons.math.linear.BlockRealMatrix:getColumn:1197, 0.0
org.apache.commons.math.linear.BlockRealMatrix:getColumn:1196, 0.0
org.apache.commons.math.stat.correlation.SpearmansCorrelation:<init>:72, 0.0
org.apache.commons.math.stat.correlation.SpearmansCorrelation:<init>:73, 0.0
org.apache.commons.math.linear.BlockRealMatrix:copy:308, 0.0
org.apache.commons.math.stat.ranking.NaturalRanking:rank:194, 0.0
org.apache.commons.math.stat.ranking.NaturalRanking:<init>:93, 0.0
org.apache.commons.math.stat.ranking.NaturalRanking:<init>:92, 0.0
org.apache.commons.math.stat.ranking.NaturalRanking:<init>:95, 0.0
org.apache.commons.math.stat.ranking.NaturalRanking:<init>:94, 0.0
org.apache.commons.math.stat.ranking.NaturalRanking:<init>:91, 0.0
org.apache.commons.math.stat.correlation.SpearmansCorrelation:<init>:78, 0.0
org.apache.commons.math.stat.correlation.SpearmansCorrelation:<init>:79, 0.0
org.apache.commons.math.stat.correlation.SpearmansCorrelation:<init>:81, 0.0
org.apache.commons.math.stat.correlation.SpearmansCorrelation:<init>:80, 0.0
org.apache.commons.math.stat.correlation.SpearmansCorrelation:<init>:82, 0.0
org.apache.commons.math.stat.ranking.NaturalRanking:rank:244, 0.0
org.apache.commons.math.linear.BlockRealMatrix:copy:305, 0.0
org.apache.commons.math.stat.ranking.NaturalRanking:rank:221, 0.0
org.apache.commons.math.stat.ranking.NaturalRanking:rank:222, 0.0
org.apache.commons.math.stat.ranking.NaturalRanking:rank:223, 0.0
org.apache.commons.math.stat.ranking.NaturalRanking:rank:217, 0.0
org.apache.commons.math.stat.ranking.NaturalRanking:rank:225, 0.0
org.apache.commons.math.stat.ranking.NaturalRanking:rank:224, 0.0
org.apache.commons.math.linear.BlockRealMatrix:getColumn:1195, 0.0
org.apache.commons.math.linear.BlockRealMatrix:getColumn:1194, 0.0
org.apache.commons.math.util.ResizableDoubleArray:addElement:267, 0.0
org.apache.commons.math.util.ResizableDoubleArray:addElement:268, 0.0
org.apache.commons.math.util.ResizableDoubleArray:shouldContract:776, 0.0
org.apache.commons.math.stat.descriptive.DescriptiveStatistics:setPercentileImpl:588, 0.0
org.apache.commons.math.stat.descriptive.DescriptiveStatistics:setPercentileImpl:589, 0.0
org.apache.commons.math.stat.descriptive.DescriptiveStatistics:setPercentileImpl:574, 0.0
org.apache.commons.math.stat.descriptive.DescriptiveStatistics:setPercentileImpl:587, 0.0
org.apache.commons.math.util.ResizableDoubleArray:addElement:275, 0.0
org.apache.commons.math.util.ResizableDoubleArray:start:792, 0.0
org.apache.commons.math.stat.descriptive.DescriptiveStatistics:addValue:151, 0.0
org.apache.commons.math.util.ResizableDoubleArray:expand:493, 0.0
org.apache.commons.math.util.ResizableDoubleArray:expand:495, 0.0
org.apache.commons.math.util.ResizableDoubleArray:expand:494, 0.0
org.apache.commons.math.util.ResizableDoubleArray:expand:490, 0.0
org.apache.commons.math.util.ResizableDoubleArray:addElement:269, 0.0
org.apache.commons.math.stat.descriptive.DescriptiveStatistics:addValue:160, 0.0
org.apache.commons.math.util.ResizableDoubleArray:shouldContract:775, 0.0
org.apache.commons.math.util.ResizableDoubleArray:expand:485, 0.0
org.apache.commons.math.util.ResizableDoubleArray:expand:484, 0.0
org.apache.commons.math.util.ResizableDoubleArray:getInternalValues:640, 0.0
org.apache.commons.math.stat.descriptive.DescriptiveStatistics:addValue:158, 0.0
org.apache.commons.math.stat.descriptive.DescriptiveStatistics:getPercentile:391, 0.0
org.apache.commons.math.stat.descriptive.DescriptiveStatistics:getPercentile:404, 0.0
org.apache.commons.math.stat.descriptive.rank.Percentile:getQuantile:237, 0.0
org.apache.commons.math.util.ResizableDoubleArray:addElement:272, 0.0
org.apache.commons.math.util.ResizableDoubleArray:addElement:271, 0.0
org.apache.commons.math.stat.descriptive.DescriptiveStatistics:getPercentile:406, 0.0
org.apache.commons.math.stat.descriptive.rank.Percentile:evaluate:162, 0.0
org.apache.commons.math.util.ResizableDoubleArray:expand:486, 0.0
org.apache.commons.math.stat.descriptive.DescriptiveStatistics:getPercentile:388, 0.0
org.apache.commons.math.util.ResizableDoubleArray:addElement:273, 0.0
org.apache.commons.math.stat.descriptive.DescriptiveStatistics:setPercentileImpl:577, 0.0
org.apache.commons.math.stat.descriptive.DescriptiveStatistics:setPercentileImpl:578, 0.0
org.apache.commons.math.stat.descriptive.DescriptiveStatistics:getPercentile:387, 0.0
org.apache.commons.math.util.ResizableDoubleArray:contract:394, 0.0
org.apache.commons.math.util.ResizableDoubleArray:contract:386, 0.0
org.apache.commons.math.util.ResizableDoubleArray:contract:393, 0.0
org.apache.commons.math.util.ResizableDoubleArray:contract:390, 0.0
org.apache.commons.math.util.ResizableDoubleArray:contract:389, 0.0
org.apache.commons.math.stat.descriptive.DescriptiveStatistics:apply:439, 0.0
org.apache.commons.math.util.ResizableDoubleArray:getNumElements:607, 0.0
org.apache.commons.math.stat.descriptive.DescriptiveStatistics:getWindowSize:301, 0.0
org.apache.commons.math.util.ResizableDoubleArray:discardExtremeElements:463, 0.0
org.apache.commons.math.stat.descriptive.DescriptiveStatistics:getN:266, 0.0
org.apache.commons.math.stat.descriptive.DescriptiveStatistics:setWindowSize:326, 0.0
org.apache.commons.math.util.ResizableDoubleArray:discardExtremeElements:454, 0.0
org.apache.commons.math.stat.descriptive.DescriptiveStatistics:setWindowSize:314, 0.0
org.apache.commons.math.stat.descriptive.DescriptiveStatistics:addValue:152, 0.0
org.apache.commons.math.util.ResizableDoubleArray:discardExtremeElements:464, 0.0
org.apache.commons.math.stat.descriptive.DescriptiveStatistics:setWindowSize:321, 0.0
org.apache.commons.math.util.ResizableDoubleArray:discardExtremeElements:466, 0.0
org.apache.commons.math.util.ResizableDoubleArray:discardExtremeElements:461, 0.0
org.apache.commons.math.util.ResizableDoubleArray:discardExtremeElements:460, 0.0
org.apache.commons.math.stat.descriptive.DescriptiveStatistics:setWindowSize:329, 0.0
org.apache.commons.math.util.ResizableDoubleArray:discardFrontElements:411, 0.0
org.apache.commons.math.util.ResizableDoubleArray:discardFrontElements:409, 0.0
org.apache.commons.math.stat.descriptive.DescriptiveStatistics:setWindowSize:316, 0.0
org.apache.commons.math.util.ResizableDoubleArray:discardExtremeElements:450, 0.0
org.apache.commons.math.stat.descriptive.DescriptiveStatistics:addValue:154, 0.0
org.apache.commons.math.stat.descriptive.DescriptiveStatistics:setWindowSize:327, 0.0
org.apache.commons.math.stat.descriptive.DescriptiveStatistics:setWindowSize:315, 0.0
org.apache.commons.math.stat.descriptive.DescriptiveStatistics:addValue:155, 0.0
org.apache.commons.math.stat.descriptive.SynchronizedDescriptiveStatistics:apply:74, 0.0
org.apache.commons.math.stat.descriptive.SynchronizedDescriptiveStatistics:<init>:42, 0.0
org.apache.commons.math.stat.descriptive.SynchronizedDescriptiveStatistics:<init>:41, 0.0
org.apache.commons.math.stat.descriptive.SynchronizedDescriptiveStatistics:addValue:66, 0.0
org.apache.commons.math.stat.descriptive.SynchronizedDescriptiveStatistics:addValue:67, 0.0
org.apache.commons.math.stat.descriptive.SynchronizedDescriptiveStatistics:setWindowSize:131, 0.0
org.apache.commons.math.stat.descriptive.SynchronizedDescriptiveStatistics:setWindowSize:130, 0.0
org.apache.commons.math.stat.descriptive.DescriptiveStatistics:<init>:129, 0.0
org.apache.commons.math.stat.descriptive.DescriptiveStatistics:<init>:128, 0.0
org.apache.commons.math.stat.descriptive.DescriptiveStatistics:<init>:130, 0.0
org.apache.commons.math.stat.descriptive.SynchronizedDescriptiveStatistics:<init>:50, 0.0
org.apache.commons.math.stat.descriptive.SynchronizedDescriptiveStatistics:<init>:49, 0.0
org.apache.commons.math.stat.descriptive.SynchronizedDescriptiveStatistics:getWindowSize:122, 0.0
org.apache.commons.math.stat.descriptive.SynchronizedDescriptiveStatistics:getN:98, 0.0
org.apache.commons.math.stat.descriptive.moment.SemiVariance:evaluate:178, 0.0
org.apache.commons.math.stat.descriptive.moment.SemiVariance:setVarianceDirection:334, 0.0
org.apache.commons.math.stat.descriptive.moment.SemiVariance:setVarianceDirection:335, 0.0
org.apache.commons.math.stat.descriptive.moment.SemiVariance:evaluate:275, 0.0
org.apache.commons.math.stat.descriptive.moment.SemiVariance:evaluate:274, 0.0
org.apache.commons.math.stat.descriptive.moment.SemiVariance$Direction:<clinit>:341, 0.0
org.apache.commons.math.stat.descriptive.moment.SemiVariance$Direction:<clinit>:352, 0.0
org.apache.commons.math.stat.descriptive.moment.SemiVariance$Direction:<clinit>:346, 0.0
org.apache.commons.math.stat.descriptive.moment.SemiVariance:<init>:85, 0.0
org.apache.commons.math.stat.descriptive.moment.SemiVariance:<init>:86, 0.0
org.apache.commons.math.stat.descriptive.moment.SemiVariance:<init>:79, 0.0
org.apache.commons.math.stat.descriptive.moment.SemiVariance:<init>:74, 0.0
org.apache.commons.math.stat.descriptive.moment.SemiVariance:evaluate:201, 0.0
org.apache.commons.math.stat.descriptive.moment.SemiVariance:evaluate:200, 0.0
org.apache.commons.math.stat.descriptive.moment.SemiVariance$Direction:<init>:364, 0.0
org.apache.commons.math.stat.descriptive.moment.SemiVariance$Direction:<init>:365, 0.0
org.apache.commons.math.stat.descriptive.moment.SemiVariance$Direction:<init>:366, 0.0
org.apache.commons.math.stat.descriptive.moment.SemiVariance:evaluate:180, 0.0
org.apache.commons.math.stat.descriptive.moment.SemiVariance:evaluate:177, 0.0
org.apache.commons.math.stat.descriptive.moment.SemiVariance:evaluate:276, 0.0
org.apache.commons.math.stat.descriptive.moment.SemiVariance:<clinit>:59, 0.0
org.apache.commons.math.stat.descriptive.moment.SemiVariance:<clinit>:65, 0.0
org.apache.commons.math.stat.descriptive.AbstractUnivariateStatistic:evaluate:42, 0.0
org.apache.commons.math.stat.descriptive.AbstractUnivariateStatistic:evaluate:41, 0.0
org.apache.commons.math.stat.descriptive.rank.Percentile:evaluate:201, 0.0
org.apache.commons.math.stat.descriptive.rank.Percentile:setQuantile:250, 0.0
org.apache.commons.math.stat.inference.ChiSquareTestImpl:chiSquare:67, 0.0
org.apache.commons.math.stat.inference.TTestImpl:setDistribution:1022, 0.0
org.apache.commons.math.stat.inference.TTestImpl:setDistribution:1023, 0.0
org.apache.commons.math.stat.inference.ChiSquareTestImpl:chiSquare:90, 0.0
org.apache.commons.math.stat.inference.ChiSquareTestImpl:checkNonNegative:389, 0.0
org.apache.commons.math.stat.inference.ChiSquareTestImpl:chiSquare:93, 0.0
org.apache.commons.math.stat.inference.ChiSquareTestImpl:chiSquare:92, 0.0
org.apache.commons.math.stat.inference.ChiSquareTestImpl:chiSquare:94, 0.0
org.apache.commons.math.stat.inference.ChiSquareTestImpl:checkPositive:380, 0.0
org.apache.commons.math.stat.inference.ChiSquareTestImpl:chiSquare:66, 0.0
org.apache.commons.math.stat.inference.ChiSquareTestImpl:chiSquareTest:142, 0.0
org.apache.commons.math.stat.inference.OneWayAnovaImpl:<init>:54, 0.0
org.apache.commons.math.stat.inference.OneWayAnovaImpl:<init>:53, 0.0
org.apache.commons.math.stat.inference.TestUtils:getUnknownDistributionChiSquareTest:108, 0.0
org.apache.commons.math.stat.inference.ChiSquareTestImpl:chiSquare:89, 0.0
org.apache.commons.math.stat.inference.ChiSquareTestImpl:checkPositive:373, 0.0
org.apache.commons.math.stat.inference.ChiSquareTestImpl:chiSquare:91, 0.0
org.apache.commons.math.stat.inference.ChiSquareTestImpl:chiSquareTest:117, 0.0
org.apache.commons.math.stat.inference.ChiSquareTestImpl:chiSquareTest:116, 0.0
org.apache.commons.math.stat.inference.ChiSquareTestImpl:checkPositive:375, 0.0
org.apache.commons.math.stat.inference.ChiSquareTestImpl:setDistribution:425, 0.0
org.apache.commons.math.stat.inference.ChiSquareTestImpl:setDistribution:424, 0.0
org.apache.commons.math.stat.inference.ChiSquareTestImpl:chiSquare:87, 0.0
org.apache.commons.math.stat.inference.ChiSquareTestImpl:chiSquare:86, 0.0
org.apache.commons.math.stat.inference.ChiSquareTestImpl:checkNonNegative:390, 0.0
org.apache.commons.math.stat.inference.TTestImpl:<init>:48, 0.0
org.apache.commons.math.stat.inference.TTestImpl:<init>:47, 0.0
org.apache.commons.math.stat.inference.ChiSquareTestImpl:checkNonNegative:391, 0.0
org.apache.commons.math.stat.inference.ChiSquareTestImpl:checkPositive:374, 0.0
org.apache.commons.math.stat.inference.ChiSquareTestImpl:chiSquare:95, 0.0
org.apache.commons.math.stat.inference.ChiSquareTestImpl:chiSquare:96, 0.0
org.apache.commons.math.stat.inference.ChiSquareTestImpl:chiSquare:85, 0.0
org.apache.commons.math.stat.inference.ChiSquareTestImpl:chiSquare:84, 0.0
org.apache.commons.math.stat.inference.ChiSquareTestImpl:chiSquare:83, 0.0
org.apache.commons.math.stat.inference.ChiSquareTestImpl:chiSquare:79, 0.0
org.apache.commons.math.stat.inference.ChiSquareTestImpl:chiSquare:81, 0.0
org.apache.commons.math.stat.inference.ChiSquareTestImpl:chiSquare:80, 0.0
org.apache.commons.math.stat.inference.TestUtils:<clinit>:40, 0.0
org.apache.commons.math.stat.inference.TestUtils:<clinit>:33, 0.0
org.apache.commons.math.stat.inference.TestUtils:<clinit>:44, 0.0
org.apache.commons.math.stat.inference.TestUtils:<clinit>:36, 0.0
org.apache.commons.math.stat.inference.ChiSquareTestImpl:chiSquareTest:138, 0.0
org.apache.commons.math.stat.inference.ChiSquareTestImpl:checkNonNegative:396, 0.0
org.apache.commons.math.stat.inference.ChiSquareTestImpl:chiSquare:99, 0.0
org.apache.commons.math.stat.inference.ChiSquareTestImpl:chiSquareTest:137, 0.0
org.apache.commons.math.stat.inference.ChiSquareTestImpl:<init>:51, 0.0
org.apache.commons.math.stat.inference.ChiSquareTestImpl:<init>:50, 0.0
org.apache.commons.math.stat.inference.ChiSquareTestImpl:<init>:49, 0.0
org.apache.commons.math.stat.inference.ChiSquareTestImpl:<init>:40, 0.0
org.apache.commons.math.stat.inference.ChiSquareTestImpl:<init>:39, 0.0
org.apache.commons.math.stat.inference.ChiSquareTestImpl:chiSquare:76, 0.0
org.apache.commons.math.stat.inference.ChiSquareTestImpl:chiSquare:77, 0.0
org.apache.commons.math.stat.inference.ChiSquareTestImpl:chiSquare:78, 0.0
org.apache.commons.math.stat.inference.ChiSquareTestImpl:chiSquare:75, 0.0
org.apache.commons.math.stat.inference.TTestImpl:<init>:59, 0.0
org.apache.commons.math.stat.inference.TTestImpl:<init>:58, 0.0
org.apache.commons.math.stat.inference.TTestImpl:<init>:57, 0.0
org.apache.commons.math.stat.inference.ChiSquareTestImpl:chiSquare:72, 0.0
org.apache.commons.math.stat.inference.ChiSquareTestImpl:chiSquare:71, 0.0
org.apache.commons.math.stat.inference.ChiSquareTestImpl:chiSquareDataSetsComparison:267, 0.0
org.apache.commons.math.stat.inference.ChiSquareTestImpl:chiSquareDataSetsComparison:279, 0.0
org.apache.commons.math.stat.inference.ChiSquareTestImpl:chiSquareDataSetsComparison:253, 0.0
org.apache.commons.math.stat.inference.ChiSquareTestImpl:chiSquareDataSetsComparison:224, 0.0
org.apache.commons.math.stat.inference.ChiSquareTestImpl:chiSquareDataSetsComparison:269, 0.0
org.apache.commons.math.stat.inference.ChiSquareTestImpl:chiSquareTestDataSetsComparison:296, 0.0
org.apache.commons.math.stat.inference.ChiSquareTestImpl:chiSquareTestDataSetsComparison:295, 0.0
org.apache.commons.math.stat.inference.ChiSquareTestImpl:chiSquareDataSetsComparison:258, 0.0
org.apache.commons.math.stat.inference.ChiSquareTestImpl:chiSquareDataSetsComparison:237, 0.0
org.apache.commons.math.stat.inference.ChiSquareTestImpl:chiSquareDataSetsComparison:236, 0.0
org.apache.commons.math.stat.inference.ChiSquareTestImpl:chiSquareDataSetsComparison:244, 0.0
org.apache.commons.math.stat.inference.ChiSquareTestImpl:chiSquareDataSetsComparison:242, 0.0
org.apache.commons.math.stat.inference.ChiSquareTestImpl:chiSquareDataSetsComparison:243, 0.0
org.apache.commons.math.stat.inference.ChiSquareTestImpl:chiSquareDataSetsComparison:240, 0.0
org.apache.commons.math.stat.inference.ChiSquareTestImpl:chiSquareDataSetsComparison:241, 0.0
org.apache.commons.math.stat.inference.ChiSquareTestImpl:chiSquareDataSetsComparison:266, 0.0
org.apache.commons.math.stat.inference.ChiSquareTestImpl:chiSquareDataSetsComparison:264, 0.0
org.apache.commons.math.stat.inference.ChiSquareTestImpl:chiSquareDataSetsComparison:265, 0.0
org.apache.commons.math.stat.inference.ChiSquareTestImpl:chiSquareDataSetsComparison:263, 0.0
org.apache.commons.math.stat.inference.ChiSquareTestImpl:chiSquareDataSetsComparison:274, 0.0
org.apache.commons.math.stat.inference.ChiSquareTestImpl:chiSquareDataSetsComparison:273, 0.0
org.apache.commons.math.stat.inference.ChiSquareTestImpl:chiSquareDataSetsComparison:272, 0.0
org.apache.commons.math.stat.inference.ChiSquareTestImpl:chiSquareDataSetsComparison:249, 0.0
org.apache.commons.math.stat.inference.ChiSquareTestImpl:chiSquareDataSetsComparison:275, 0.0
org.apache.commons.math.stat.inference.ChiSquareTestImpl:chiSquareDataSetsComparison:268, 0.0
org.apache.commons.math.stat.inference.ChiSquareTestImpl:chiSquareDataSetsComparison:254, 0.0
org.apache.commons.math.stat.inference.ChiSquareTestImpl:chiSquareDataSetsComparison:246, 0.0
org.apache.commons.math.stat.inference.ChiSquareTestImpl:chiSquareDataSetsComparison:245, 0.0
org.apache.commons.math.stat.inference.ChiSquareTestImpl:chiSquareDataSetsComparison:259, 0.0
org.apache.commons.math.stat.inference.ChiSquareTestImpl:chiSquareDataSetsComparison:229, 0.0
org.apache.commons.math.stat.inference.ChiSquareTestImpl:chiSquareDataSetsComparison:260, 0.0
org.apache.commons.math.stat.inference.ChiSquareTestImpl:checkRectangular:364, 0.0
org.apache.commons.math.stat.inference.ChiSquareTestImpl:chiSquare:152, 0.0
org.apache.commons.math.stat.inference.ChiSquareTestImpl:chiSquare:153, 0.0
org.apache.commons.math.stat.inference.ChiSquareTestImpl:chiSquare:154, 0.0
org.apache.commons.math.stat.inference.ChiSquareTestImpl:chiSquare:157, 0.0
org.apache.commons.math.stat.inference.ChiSquareTestImpl:chiSquare:158, 0.0
org.apache.commons.math.stat.inference.ChiSquareTestImpl:chiSquare:159, 0.0
org.apache.commons.math.stat.inference.ChiSquareTestImpl:chiSquare:160, 0.0
org.apache.commons.math.stat.inference.ChiSquareTestImpl:chiSquare:174, 0.0
org.apache.commons.math.stat.inference.ChiSquareTestImpl:chiSquare:173, 0.0
org.apache.commons.math.stat.inference.ChiSquareTestImpl:chiSquare:172, 0.0
org.apache.commons.math.stat.inference.ChiSquareTestImpl:checkNonNegative:405, 0.0
org.apache.commons.math.stat.inference.ChiSquareTestImpl:checkArray:343, 0.0
org.apache.commons.math.stat.inference.ChiSquareTestImpl:checkArray:342, 0.0
org.apache.commons.math.stat.inference.ChiSquareTestImpl:checkArray:345, 0.0
org.apache.commons.math.stat.inference.ChiSquareTestImpl:chiSquareTest:205, 0.0
org.apache.commons.math.stat.inference.ChiSquareTestImpl:checkRectangular:357, 0.0
org.apache.commons.math.stat.inference.ChiSquareTestImpl:chiSquare:161, 0.0
org.apache.commons.math.stat.inference.ChiSquareTestImpl:checkRectangular:359, 0.0
org.apache.commons.math.stat.inference.ChiSquareTestImpl:checkNonNegative:406, 0.0
org.apache.commons.math.stat.inference.ChiSquareTestImpl:chiSquare:178, 0.0
org.apache.commons.math.stat.inference.ChiSquareTestImpl:checkNonNegative:414, 0.0
org.apache.commons.math.stat.inference.ChiSquareTestImpl:chiSquareTest:206, 0.0
org.apache.commons.math.stat.inference.ChiSquareTestImpl:checkArray:336, 0.0
org.apache.commons.math.stat.inference.ChiSquareTestImpl:checkRectangular:358, 0.0
org.apache.commons.math.stat.inference.ChiSquareTestImpl:chiSquare:171, 0.0
org.apache.commons.math.stat.inference.ChiSquareTestImpl:checkArray:337, 0.0
org.apache.commons.math.stat.inference.ChiSquareTestImpl:chiSquareTest:210, 0.0
org.apache.commons.math.stat.inference.ChiSquareTestImpl:checkArray:330, 0.0
org.apache.commons.math.stat.inference.ChiSquareTestImpl:checkArray:331, 0.0
org.apache.commons.math.stat.inference.ChiSquareTestImpl:chiSquareTest:190, 0.0
org.apache.commons.math.stat.inference.ChiSquareTestImpl:chiSquareTest:192, 0.0
org.apache.commons.math.stat.inference.ChiSquareTestImpl:chiSquareTest:191, 0.0
org.apache.commons.math.stat.inference.ChiSquareTestImpl:chiSquareTest:189, 0.0
org.apache.commons.math.stat.inference.ChiSquareTestImpl:chiSquare:163, 0.0
org.apache.commons.math.stat.inference.ChiSquareTestImpl:chiSquare:162, 0.0
org.apache.commons.math.stat.inference.ChiSquareTestImpl:chiSquare:164, 0.0
org.apache.commons.math.stat.inference.ChiSquareTestImpl:checkNonNegative:407, 0.0
org.apache.commons.math.stat.inference.ChiSquareTestImpl:checkNonNegative:408, 0.0
org.apache.commons.math.stat.inference.ChiSquareTestImpl:chiSquare:170, 0.0
org.apache.commons.math.stat.inference.ChiSquareTestImpl:chiSquare:169, 0.0
org.apache.commons.math.stat.inference.OneWayAnovaImpl:anovaStats:147, 0.0
org.apache.commons.math.stat.inference.OneWayAnovaImpl:anovaStats:133, 0.0
org.apache.commons.math.stat.inference.OneWayAnovaImpl:anovaStats:169, 0.0
org.apache.commons.math.stat.inference.OneWayAnovaImpl:anovaStats:168, 0.0
org.apache.commons.math.stat.inference.OneWayAnovaImpl:anovaStats:167, 0.0
org.apache.commons.math.stat.inference.OneWayAnovaImpl:anovaStats:166, 0.0
org.apache.commons.math.stat.inference.OneWayAnovaImpl:anovaStats:153, 0.0
org.apache.commons.math.stat.inference.OneWayAnovaImpl:anovaStats:134, 0.0
org.apache.commons.math.stat.inference.OneWayAnovaImpl:anovaStats:149, 0.0
org.apache.commons.math.stat.inference.OneWayAnovaImpl:anovaStats:150, 0.0
org.apache.commons.math.stat.inference.OneWayAnovaImpl:anovaStats:151, 0.0
org.apache.commons.math.stat.inference.OneWayAnovaImpl:anovaStats:126, 0.0
org.apache.commons.math.stat.inference.OneWayAnovaImpl:anovaStats:135, 0.0
org.apache.commons.math.stat.inference.OneWayAnovaImpl:anovaStats:144, 0.0
org.apache.commons.math.stat.inference.OneWayAnovaImpl:anovaStats:145, 0.0
org.apache.commons.math.stat.inference.OneWayAnovaImpl:anovaStats:141, 0.0
org.apache.commons.math.stat.inference.OneWayAnovaImpl:anovaStats:143, 0.0
org.apache.commons.math.stat.inference.OneWayAnovaImpl:anovaStats:142, 0.0
org.apache.commons.math.stat.inference.OneWayAnovaImpl:anovaStats:127, 0.0
org.apache.commons.math.stat.inference.OneWayAnovaImpl:anovaStats:170, 0.0
org.apache.commons.math.stat.inference.OneWayAnovaImpl:anovaStats:175, 0.0
org.apache.commons.math.stat.inference.OneWayAnovaImpl:anovaStats:174, 0.0
org.apache.commons.math.stat.inference.OneWayAnovaImpl:anovaStats:173, 0.0
org.apache.commons.math.stat.inference.OneWayAnovaImpl:anovaStats:172, 0.0
org.apache.commons.math.stat.inference.OneWayAnovaImpl:anovaStats:178, 0.0
org.apache.commons.math.stat.inference.OneWayAnovaImpl:anovaStats:176, 0.0
org.apache.commons.math.stat.inference.OneWayAnovaImpl$AnovaStats:access$000:185, 0.0
org.apache.commons.math.stat.inference.OneWayAnovaImpl:anovaStats:154, 0.0
org.apache.commons.math.stat.inference.OneWayAnovaImpl:anovaStats:157, 0.0
org.apache.commons.math.stat.inference.OneWayAnovaImpl:anovaStats:158, 0.0
org.apache.commons.math.stat.inference.OneWayAnovaImpl:anovaStats:159, 0.0
org.apache.commons.math.stat.inference.OneWayAnovaImpl:anovaStats:163, 0.0
org.apache.commons.math.stat.inference.OneWayAnovaImpl:anovaStats:162, 0.0
org.apache.commons.math.stat.inference.OneWayAnovaImpl:anovaStats:164, 0.0
org.apache.commons.math.stat.inference.OneWayAnovaImpl$AnovaStats:<init>:185, 0.0
org.apache.commons.math.stat.inference.OneWayAnovaImpl$AnovaStats:<init>:205, 0.0
org.apache.commons.math.stat.inference.OneWayAnovaImpl$AnovaStats:<init>:204, 0.0
org.apache.commons.math.stat.inference.OneWayAnovaImpl$AnovaStats:<init>:206, 0.0
org.apache.commons.math.stat.inference.OneWayAnovaImpl$AnovaStats:<init>:203, 0.0
org.apache.commons.math.stat.inference.OneWayAnovaImpl$AnovaStats:<init>:202, 0.0
org.apache.commons.math.stat.inference.OneWayAnovaImpl:anovaFValue:69, 0.0
org.apache.commons.math.stat.inference.OneWayAnovaImpl:anovaFValue:70, 0.0
org.apache.commons.math.stat.inference.TTestImpl:checkSampleData:1044, 0.0
org.apache.commons.math.stat.inference.TTestImpl:checkSampleData:1062, 0.0
org.apache.commons.math.stat.inference.TTestImpl:checkSampleData:1045, 0.0
org.apache.commons.math.stat.inference.TestUtils:getTTest:70, 0.0
org.apache.commons.math.stat.inference.TTestImpl:checkSampleData:1058, 0.0
org.apache.commons.math.stat.inference.TTestImpl:t:911, 0.0
org.apache.commons.math.stat.inference.TTestImpl:checkSampleData:1049, 0.0
org.apache.commons.math.stat.inference.TTestImpl:t:187, 0.0
org.apache.commons.math.stat.inference.TTestImpl:t:188, 0.0
org.apache.commons.math.stat.inference.TTestImpl:tTest:963, 0.0
org.apache.commons.math.stat.inference.TTestImpl:tTest:962, 0.0
org.apache.commons.math.stat.inference.TTestImpl:tTest:964, 0.0
org.apache.commons.math.stat.inference.TTestImpl:checkSampleData:1057, 0.0
org.apache.commons.math.stat.inference.TTestImpl:t:210, 0.0
org.apache.commons.math.stat.inference.TTestImpl:t:211, 0.0
org.apache.commons.math.stat.inference.TTestImpl:tTest:408, 0.0
org.apache.commons.math.stat.inference.TTestImpl:tTest:409, 0.0
org.apache.commons.math.stat.inference.TTestImpl:tTest:485, 0.0
org.apache.commons.math.stat.inference.TTestImpl:tTest:484, 0.0
org.apache.commons.math.stat.inference.TTestImpl:tTest:529, 0.0
org.apache.commons.math.stat.inference.TTestImpl:tTest:528, 0.0
org.apache.commons.math.stat.inference.TTestImpl:tTest:451, 0.0
org.apache.commons.math.stat.inference.TTestImpl:tTest:450, 0.0
org.apache.commons.math.stat.inference.TTestImpl:checkSignificanceLevel:1031, 0.0
org.apache.commons.math.stat.inference.TTestImpl:checkSignificanceLevel:1036, 0.0
org.apache.commons.math.stat.inference.TTestImpl:checkSignificanceLevel:1032, 0.0
org.apache.commons.math.stat.inference.TTestImpl:t:929, 0.0
org.apache.commons.math.stat.inference.TTestImpl:tTest:774, 0.0
org.apache.commons.math.stat.inference.TTestImpl:tTest:775, 0.0
org.apache.commons.math.stat.inference.TTestImpl:tTest:773, 0.0
org.apache.commons.math.stat.inference.TTestImpl:t:330, 0.0
org.apache.commons.math.stat.inference.TTestImpl:t:328, 0.0
org.apache.commons.math.stat.inference.TTestImpl:t:329, 0.0
org.apache.commons.math.stat.inference.TTestImpl:tTest:881, 0.0
org.apache.commons.math.stat.inference.TTestImpl:tTest:880, 0.0
org.apache.commons.math.stat.inference.TTestImpl:tTest:676, 0.0
org.apache.commons.math.stat.inference.TTestImpl:df:896, 0.0
org.apache.commons.math.stat.inference.TTestImpl:tTest:675, 0.0
org.apache.commons.math.stat.inference.TTestImpl:tTest:572, 0.0
org.apache.commons.math.stat.inference.TTestImpl:tTest:571, 0.0
org.apache.commons.math.stat.inference.TTestImpl:tTest:570, 0.0
org.apache.commons.math.stat.inference.TTestImpl:tTest:986, 0.0
org.apache.commons.math.stat.inference.TTestImpl:tTest:987, 0.0
org.apache.commons.math.stat.inference.TTestImpl:tTest:985, 0.0
org.apache.commons.math.stat.inference.TTestImpl:tTest:988, 0.0
org.apache.commons.math.stat.inference.TTestImpl:tTest:989, 0.0
org.apache.commons.math.stat.inference.TTestImpl:t:288, 0.0
org.apache.commons.math.stat.inference.TTestImpl:t:289, 0.0
org.apache.commons.math.stat.inference.TTestImpl:t:287, 0.0
org.apache.commons.math.stat.inference.TestUtils:chiSquareTest:324, 0.0
org.apache.commons.math.stat.inference.TestUtils:chiSquare:307, 0.0
org.apache.commons.math.stat.inference.TestUtils:chiSquareTest:332, 0.0
org.apache.commons.math.stat.inference.TestUtils:chiSquareTest:348, 0.0
org.apache.commons.math.stat.inference.TestUtils:chiSquare:315, 0.0
org.apache.commons.math.stat.inference.TestUtils:chiSquareTest:340, 0.0
org.apache.commons.math.stat.inference.TestUtils:t:207, 0.0
org.apache.commons.math.stat.inference.TestUtils:t:215, 0.0
org.apache.commons.math.stat.inference.TestUtils:tTest:265, 0.0
org.apache.commons.math.stat.inference.TestUtils:tTest:248, 0.0
org.apache.commons.math.stat.inference.TestUtils:tTest:240, 0.0
org.apache.commons.math.stat.inference.TestUtils:tTest:257, 0.0
org.apache.commons.math.stat.inference.TestUtils:tTest:290, 0.0
org.apache.commons.math.stat.inference.TestUtils:t:223, 0.0
org.apache.commons.math.stat.inference.TestUtils:tTest:273, 0.0
org.apache.commons.math.stat.inference.TestUtils:tTest:281, 0.0
org.apache.commons.math.stat.inference.TestUtils:tTest:299, 0.0
org.apache.commons.math.stat.inference.TestUtils:t:232, 0.0
org.apache.commons.math.transform.FastHadamardTransformer:transform:39, 0.0
org.apache.commons.math.transform.FastHadamardTransformer:fht:161, 0.0
org.apache.commons.math.transform.FastHadamardTransformer:fht:157, 0.0
org.apache.commons.math.transform.FastHadamardTransformer:fht:158, 0.0
org.apache.commons.math.transform.FastHadamardTransformer:fht:162, 0.0
org.apache.commons.math.transform.FastHadamardTransformer:<init>:34, 0.0
org.apache.commons.math.util.MathUtils:mulAndCheck:1009, 0.0
org.apache.commons.math.util.MathUtils:binomialCoefficient:196, 0.0
org.apache.commons.math.util.MathUtils:binomialCoefficientDouble:283, 0.0
org.apache.commons.math.util.MathUtils:binomialCoefficient:193, 0.0
org.apache.commons.math.util.MathUtils:binomialCoefficient:192, 0.0
org.apache.commons.math.util.MathUtils:binomialCoefficient:236, 0.0
org.apache.commons.math.util.MathUtils:binomialCoefficient:235, 0.0
org.apache.commons.math.util.MathUtils:binomialCoefficientDouble:268, 0.0
org.apache.commons.math.util.MathUtils:binomialCoefficientDouble:269, 0.0
org.apache.commons.math.util.MathUtils:mulAndCheck:1008, 0.0
org.apache.commons.math.util.MathUtils:binomialCoefficientDouble:272, 0.0
org.apache.commons.math.util.MathUtils:mulAndCheck:981, 0.0
org.apache.commons.math.util.MathUtils:binomialCoefficient:216, 0.0
org.apache.commons.math.util.MathUtils:mulAndCheck:1011, 0.0
org.apache.commons.math.util.MathUtils:binomialCoefficientDouble:284, 0.0
org.apache.commons.math.util.MathUtils:mulAndCheck:1003, 0.0
org.apache.commons.math.util.MathUtils:binomialCoefficient:208, 0.0
org.apache.commons.math.util.MathUtils:binomialCoefficient:209, 0.0
org.apache.commons.math.util.MathUtils:mulAndCheck:978, 0.0
org.apache.commons.math.util.MathUtils:mulAndCheck:979, 0.0
org.apache.commons.math.util.MathUtils:binomialCoefficientDouble:278, 0.0
org.apache.commons.math.util.MathUtils:checkBinomial:363, 0.0
org.apache.commons.math.util.MathUtils:binomialCoefficient:200, 0.0
org.apache.commons.math.util.MathUtils:binomialCoefficientDouble:287, 0.0
org.apache.commons.math.util.MathUtils:checkBinomial:373, 0.0
org.apache.commons.math.util.MathUtils:binomialCoefficient:239, 0.0
org.apache.commons.math.util.MathUtils:binomialCoefficient:238, 0.0
org.apache.commons.math.util.MathUtils:binomialCoefficient:237, 0.0
org.apache.commons.math.util.MathUtils:checkBinomial:364, 0.0
org.apache.commons.math.util.MathUtils:mulAndCheck:1018, 0.0
org.apache.commons.math.util.MathUtils:binomialCoefficientLog:309, 0.0
org.apache.commons.math.util.MathUtils:binomialCoefficientLog:310, 0.0
org.apache.commons.math.util.MathUtils:binomialCoefficient:201, 0.0
org.apache.commons.math.util.MathUtils:checkBinomial:369, 0.0
org.apache.commons.math.util.MathUtils:binomialCoefficientDouble:275, 0.0
org.apache.commons.math.util.MathUtils:mulAndCheck:983, 0.0
org.apache.commons.math.util.MathUtils:binomialCoefficientDouble:282, 0.0
org.apache.commons.math.util.MathUtils:checkBinomial:368, 0.0
org.apache.commons.math.util.MathUtils:checkOrder:1823, 0.0
org.apache.commons.math.util.MathUtils:checkOrder:1812, 0.0
org.apache.commons.math.util.MathUtils:checkOrder:1818, 0.0
org.apache.commons.math.util.MathUtils:checkOrder:1811, 0.0
org.apache.commons.math.util.MathUtils:checkOrder:1824, 0.0
org.apache.commons.math.util.MathUtils:checkOrder:1817, 0.0
org.apache.commons.math.util.MathUtils:checkOrder:1819, 0.0
org.apache.commons.math.util.MathUtils:factorial:515, 0.0
org.apache.commons.math.util.MathUtils:factorial:520, 0.0
org.apache.commons.math.util.MathUtils:factorialLog:577, 0.0
org.apache.commons.math.util.MathUtils:factorialLog:572, 0.0
org.apache.commons.math.util.MathUtils:factorialDouble:548, 0.0
org.apache.commons.math.util.MathUtils:factorialLog:581, 0.0
org.apache.commons.math.util.MathUtils:factorialLog:584, 0.0
org.apache.commons.math.util.MathUtils:factorial:514, 0.0
org.apache.commons.math.util.MathUtils:factorial:519, 0.0
org.apache.commons.math.util.MathUtils:factorialLog:573, 0.0
org.apache.commons.math.util.MathUtils:factorialDouble:547, 0.0
org.apache.commons.math.util.MathUtils:factorialLog:580, 0.0
org.apache.commons.math.util.MathUtils:factorialDouble:552, 0.0
org.apache.commons.math.util.MathUtils:factorialLog:582, 0.0
org.apache.commons.math.util.MathUtils:factorialDouble:555, 0.0
org.apache.commons.math.util.MathUtils:normalizeArray:1151, 0.0
org.apache.commons.math.util.MathUtils:normalizeArray:1175, 0.0
org.apache.commons.math.util.MathUtils:normalizeArray:1168, 0.0
org.apache.commons.math.util.MathUtils:normalizeArray:1162, 0.0
org.apache.commons.math.util.MathUtils:normalizeArray:1164, 0.0
org.apache.commons.math.util.MathUtils:normalizeArray:1171, 0.0
org.apache.commons.math.util.MathUtils:normalizeArray:1152, 0.0
org.apache.commons.math.util.MathUtils:normalizeArray:1176, 0.0
org.apache.commons.math.util.MathUtils:normalizeArray:1156, 0.0
org.apache.commons.math.util.MathUtils:normalizeArray:1179, 0.0
org.apache.commons.math.util.MathUtils:normalizeArray:1182, 0.0
org.apache.commons.math.util.MathUtils:normalizeArray:1167, 0.0
org.apache.commons.math.util.MathUtils:normalizeArray:1172, 0.0
org.apache.commons.math.util.MathUtils:normalizeArray:1163, 0.0
org.apache.commons.math.util.MathUtils:normalizeArray:1177, 0.0
org.apache.commons.math.util.MathUtils:normalizeArray:1155, 0.0
org.apache.commons.math.util.MathUtils:normalizeArray:1161, 0.0
org.apache.commons.math.util.MathUtils:normalizeArray:1160, 0.0
org.apache.commons.math.util.MathUtils:normalizeArray:1159, 0.0
org.apache.commons.math.util.MathUtils:pow:1600, 0.0
org.apache.commons.math.util.MathUtils:pow:1575, 0.0
org.apache.commons.math.util.MathUtils:pow:1576, 0.0
org.apache.commons.math.util.MathUtils:pow:1656, 0.0
org.apache.commons.math.util.MathUtils:pow:1655, 0.0
org.apache.commons.math.util.MathUtils:pow:1582, 0.0
org.apache.commons.math.util.MathUtils:pow:1581, 0.0
org.apache.commons.math.util.MathUtils:pow:1518, 0.0
org.apache.commons.math.util.MathUtils:pow:1540, 0.0
org.apache.commons.math.util.MathUtils:pow:1692, 0.0
org.apache.commons.math.util.MathUtils:pow:1691, 0.0
org.apache.commons.math.util.MathUtils:pow:1510, 0.0
org.apache.commons.math.util.MathUtils:pow:1635, 0.0
org.apache.commons.math.util.MathUtils:pow:1549, 0.0
org.apache.commons.math.util.MathUtils:pow:1685, 0.0
org.apache.commons.math.util.MathUtils:pow:1686, 0.0
org.apache.commons.math.util.MathUtils:pow:1611, 0.0
org.apache.commons.math.util.MathUtils:pow:1612, 0.0
org.apache.commons.math.util.MathUtils:pow:1605, 0.0
org.apache.commons.math.util.MathUtils:pow:1606, 0.0
org.apache.commons.math.util.MathUtils:pow:1665, 0.0
org.apache.commons.math.util.MathUtils:pow:1657, 0.0
org.apache.commons.math.util.MathUtils:pow:1570, 0.0
org.apache.commons.math.util.MathUtils:pow:1579, 0.0
org.apache.commons.math.util.MathUtils:pow:1519, 0.0
org.apache.commons.math.util.MathUtils:pow:1695, 0.0
org.apache.commons.math.util.MathUtils:pow:1539, 0.0
org.apache.commons.math.util.MathUtils:pow:1509, 0.0
org.apache.commons.math.util.MathUtils:pow:1630, 0.0
org.apache.commons.math.util.MathUtils:pow:1658, 0.0
org.apache.commons.math.util.MathUtils:pow:1609, 0.0
org.apache.commons.math.util.MathUtils:pow:1687, 0.0
org.apache.commons.math.util.MathUtils:pow:1548, 0.0
org.apache.commons.math.util.MathUtils:pow:1649, 0.0
org.apache.commons.math.util.MathUtils:pow:1662, 0.0
org.apache.commons.math.util.MathUtils:pow:1661, 0.0
org.apache.commons.math.util.MathUtils:pow:1578, 0.0
org.apache.commons.math.util.MathUtils:pow:1551, 0.0
org.apache.commons.math.util.MathUtils:pow:1552, 0.0
org.apache.commons.math.util.MathUtils:pow:1521, 0.0
org.apache.commons.math.util.MathUtils:pow:1522, 0.0
org.apache.commons.math.util.MathUtils:pow:1688, 0.0
org.apache.commons.math.util.MathUtils:pow:1679, 0.0
org.apache.commons.math.util.MathUtils:pow:1517, 0.0
org.apache.commons.math.util.MathUtils:pow:1608, 0.0
org.apache.commons.math.util.MathUtils:pow:1629, 0.0
org.apache.commons.math.util.MathUtils:pow:1547, 0.0
org.apache.commons.math.util.MathUtils:pow:1599, 0.0
org.apache.commons.math.util.MathUtils:pow:1650, 0.0
org.apache.commons.math.util.MathUtils:pow:1659, 0.0
org.apache.commons.math.util.MathUtils:pow:1555, 0.0
org.apache.commons.math.util.MathUtils:pow:1577, 0.0
org.apache.commons.math.util.MathUtils:pow:1516, 0.0
org.apache.commons.math.util.MathUtils:pow:1515, 0.0
org.apache.commons.math.util.MathUtils:pow:1615, 0.0
org.apache.commons.math.util.MathUtils:pow:1585, 0.0
org.apache.commons.math.util.MathUtils:pow:1689, 0.0
org.apache.commons.math.util.MathUtils:pow:1525, 0.0
org.apache.commons.math.util.MathUtils:pow:1680, 0.0
org.apache.commons.math.util.MathUtils:pow:1607, 0.0
org.apache.commons.math.util.MathUtils:pow:1545, 0.0
org.apache.commons.math.util.MathUtils:pow:1546, 0.0
org.apache.commons.math.util.MathUtils:pow:1569, 0.0
org.apache.commons.math.util.MathUtils:roundUnscaled:1277, 0.0
org.apache.commons.math.util.MathUtils:roundUnscaled:1275, 0.0
org.apache.commons.math.util.MathUtils:nextAfter:1061, 0.0
org.apache.commons.math.util.MathUtils:round:1235, 0.0
org.apache.commons.math.util.MathUtils:indicator:820, 0.0
org.apache.commons.math.util.MathUtils:nextAfter:1042, 0.0
org.apache.commons.math.util.MathUtils:roundUnscaled:1316, 0.0
org.apache.commons.math.util.MathUtils:roundUnscaled:1317, 0.0
org.apache.commons.math.util.MathUtils:roundUnscaled:1318, 0.0
org.apache.commons.math.util.MathUtils:nextAfter:1044, 0.0
org.apache.commons.math.util.MathUtils:roundUnscaled:1299, 0.0
org.apache.commons.math.util.MathUtils:roundUnscaled:1300, 0.0
org.apache.commons.math.util.MathUtils:indicator:823, 0.0
org.apache.commons.math.util.MathUtils:roundUnscaled:1287, 0.0
org.apache.commons.math.util.MathUtils:roundUnscaled:1285, 0.0
org.apache.commons.math.util.MathUtils:roundUnscaled:1327, 0.0
org.apache.commons.math.util.MathUtils:nextAfter:1066, 0.0
org.apache.commons.math.util.MathUtils:roundUnscaled:1279, 0.0
org.apache.commons.math.util.MathUtils:roundUnscaled:1280, 0.0
org.apache.commons.math.util.MathUtils:roundUnscaled:1347, 0.0
org.apache.commons.math.util.MathUtils:nextAfter:1041, 0.0
org.apache.commons.math.util.MathUtils:indicator:821, 0.0
org.apache.commons.math.util.MathUtils:roundUnscaled:1313, 0.0
org.apache.commons.math.util.MathUtils:roundUnscaled:1310, 0.0
org.apache.commons.math.util.MathUtils:nextAfter:1057, 0.0
org.apache.commons.math.util.MathUtils:roundUnscaled:1301, 0.0
org.apache.commons.math.util.MathUtils:roundUnscaled:1326, 0.0
org.apache.commons.math.util.MathUtils:round:1253, 0.0
org.apache.commons.math.util.MathUtils:round:1252, 0.0
org.apache.commons.math.util.MathUtils:round:1251, 0.0
org.apache.commons.math.util.MathUtils:roundUnscaled:1290, 0.0
org.apache.commons.math.util.MathUtils:roundUnscaled:1291, 0.0
org.apache.commons.math.util.MathUtils:roundUnscaled:1289, 0.0
org.apache.commons.math.util.MathUtils:roundUnscaled:1334, 0.0
org.apache.commons.math.util.MathUtils:roundUnscaled:1282, 0.0
org.apache.commons.math.util.MathUtils:roundUnscaled:1308, 0.0
org.apache.commons.math.util.MathUtils:roundUnscaled:1270, 0.0
org.apache.commons.math.util.MathUtils:roundUnscaled:1292, 0.0
org.apache.commons.math.util.MathUtils:nextAfter:1051, 0.0
org.apache.commons.math.util.MathUtils:nextAfter:1050, 0.0
org.apache.commons.math.util.MathUtils:nextAfter:1053, 0.0
org.apache.commons.math.util.MathUtils:nextAfter:1052, 0.0
org.apache.commons.math.util.MathUtils:nextAfter:1055, 0.0
org.apache.commons.math.util.MathUtils:roundUnscaled:1302, 0.0
org.apache.commons.math.util.MathUtils:roundUnscaled:1321, 0.0
org.apache.commons.math.util.MathUtils:roundUnscaled:1323, 0.0
org.apache.commons.math.util.MathUtils:roundUnscaled:1283, 0.0
org.apache.commons.math.util.MathUtils:nextAfter:1071, 0.0
org.apache.commons.math.util.MathUtils:roundUnscaled:1331, 0.0
org.apache.commons.math.util.MathUtils:roundUnscaled:1332, 0.0
org.apache.commons.math.util.MathUtils:roundUnscaled:1306, 0.0
org.apache.commons.math.util.MathUtils:roundUnscaled:1273, 0.0
org.apache.commons.math.util.MathUtils:roundUnscaled:1272, 0.0
org.apache.commons.math.util.MathUtils:roundUnscaled:1296, 0.0
org.apache.commons.math.util.MathUtils:roundUnscaled:1294, 0.0
org.apache.commons.math.util.MathUtils:nextAfter:1043, 0.0
org.apache.commons.math.util.MathUtils:roundUnscaled:1303, 0.0
org.apache.commons.math.util.MathUtils:roundUnscaled:1319, 0.0
org.apache.commons.math.util.ResizableDoubleArray:setInitialCapacity:730, 0.0
org.apache.commons.math.util.ResizableDoubleArray:equals:864, 0.0
org.apache.commons.math.util.ResizableDoubleArray:equals:863, 0.0
org.apache.commons.math.util.ResizableDoubleArray:shouldContract:778, 0.0
org.apache.commons.math.util.ResizableDoubleArray:setInitialCapacity:735, 0.0
org.apache.commons.math.util.ResizableDoubleArray:equals:865, 0.0
org.apache.commons.math.util.ResizableDoubleArray:<init>:258, 0.0
org.apache.commons.math.util.ResizableDoubleArray:<init>:259, 0.0
org.apache.commons.math.util.ResizableDoubleArray:<init>:257, 0.0
org.apache.commons.math.util.ResizableDoubleArray:copy:825, 0.0
org.apache.commons.math.util.ResizableDoubleArray:copy:821, 0.0
org.apache.commons.math.util.ResizableDoubleArray:copy:823, 0.0
org.apache.commons.math.util.ResizableDoubleArray:copy:822, 0.0
org.apache.commons.math.util.ResizableDoubleArray:copy:817, 0.0
org.apache.commons.math.util.ResizableDoubleArray:copy:816, 0.0
org.apache.commons.math.util.ResizableDoubleArray:copy:819, 0.0
org.apache.commons.math.util.ResizableDoubleArray:copy:818, 0.0
org.apache.commons.math.util.ResizableDoubleArray:copy:812, 0.0
org.apache.commons.math.util.ResizableDoubleArray:copy:813, 0.0
org.apache.commons.math.util.ResizableDoubleArray:copy:814, 0.0
org.apache.commons.math.util.ResizableDoubleArray:copy:815, 0.0
org.apache.commons.math.util.ResizableDoubleArray:equals:862, 0.0
org.apache.commons.math.util.ResizableDoubleArray:checkContractExpand:355, 0.0
org.apache.commons.math.util.ResizableDoubleArray:equals:867, 0.0
org.apache.commons.math.util.ResizableDoubleArray:checkContractExpand:348, 0.0
org.apache.commons.math.util.ResizableDoubleArray:equals:866, 0.0
org.apache.commons.math.util.ResizableDoubleArray:setExpansionMode:712, 0.0
org.apache.commons.math.util.ResizableDoubleArray:<init>:216, 0.0
org.apache.commons.math.util.ResizableDoubleArray:<init>:212, 0.0
org.apache.commons.math.util.ResizableDoubleArray:<init>:213, 0.0
org.apache.commons.math.util.ResizableDoubleArray:<init>:214, 0.0
org.apache.commons.math.util.ResizableDoubleArray:<init>:215, 0.0
org.apache.commons.math.util.ResizableDoubleArray:<init>:211, 0.0
org.apache.commons.math.util.ResizableDoubleArray:equals:859, 0.0
org.apache.commons.math.util.ResizableDoubleArray:equals:858, 0.0
org.apache.commons.math.util.ResizableDoubleArray:equals:861, 0.0
org.apache.commons.math.util.ResizableDoubleArray:equals:860, 0.0
org.apache.commons.math.util.ResizableDoubleArray:checkContractExpand:356, 0.0
org.apache.commons.math.util.ResizableDoubleArray:checkContractExpand:363, 0.0
org.apache.commons.math.util.ResizableDoubleArray:equals:852, 0.0
org.apache.commons.math.util.ResizableDoubleArray:setExpansionMode:717, 0.0
org.apache.commons.math.util.ResizableDoubleArray:setExpansionMode:719, 0.0
org.apache.commons.math.util.ResizableDoubleArray:setExpansionMode:718, 0.0
org.apache.commons.math.util.ResizableDoubleArray:<init>:157, 0.0
org.apache.commons.math.util.ResizableDoubleArray:<init>:158, 0.0
org.apache.commons.math.util.ResizableDoubleArray:<init>:159, 0.0
org.apache.commons.math.util.ResizableDoubleArray:<init>:160, 0.0
org.apache.commons.math.util.ResizableDoubleArray:setContractionCriteria:652, 0.0
org.apache.commons.math.util.ResizableDoubleArray:setContractionCriteria:649, 0.0
org.apache.commons.math.util.ResizableDoubleArray:setContractionCriteria:651, 0.0
org.apache.commons.math.util.ResizableDoubleArray:setContractionCriteria:650, 0.0
org.apache.commons.math.util.ResizableDoubleArray:getExpansionFactor:574, 0.0
org.apache.commons.math.util.ResizableDoubleArray:setExpansionMode:710, 0.0
org.apache.commons.math.util.ResizableDoubleArray:getContractionCriteria:522, 0.0
org.apache.commons.math.util.ResizableDoubleArray:<init>:246, 0.0
org.apache.commons.math.util.ResizableDoubleArray:<init>:244, 0.0
org.apache.commons.math.util.ResizableDoubleArray:<init>:245, 0.0
org.apache.commons.math.util.ResizableDoubleArray:<init>:242, 0.0
org.apache.commons.math.util.ResizableDoubleArray:<init>:243, 0.0
org.apache.commons.math.util.ResizableDoubleArray:<init>:240, 0.0
org.apache.commons.math.util.ResizableDoubleArray:<init>:241, 0.0
org.apache.commons.math.util.ResizableDoubleArray:getInternalLength:597, 0.0
org.apache.commons.math.util.ResizableDoubleArray:equals:871, 0.0
org.apache.commons.math.util.ResizableDoubleArray:setInitialCapacity:739, 0.0
org.apache.commons.math.util.ResizableDoubleArray:<init>:186, 0.0
org.apache.commons.math.util.ResizableDoubleArray:<init>:187, 0.0
org.apache.commons.math.util.ResizableDoubleArray:<init>:184, 0.0
org.apache.commons.math.util.ResizableDoubleArray:<init>:185, 0.0
org.apache.commons.math.util.ResizableDoubleArray:<init>:188, 0.0
org.apache.commons.math.util.ResizableDoubleArray:<init>:189, 0.0
org.apache.commons.math.util.ResizableDoubleArray:setInitialCapacity:731, 0.0
org.apache.commons.math.util.ResizableDoubleArray:setInitialCapacity:732, 0.0
org.apache.commons.math.util.ResizableDoubleArray:setInitialCapacity:733, 0.0
org.apache.commons.math.util.ResizableDoubleArray:checkContractExpand:368, 0.0
org.apache.commons.math.util.ResizableDoubleArray:equals:868, 0.0
org.apache.commons.math.util.ResizableDoubleArray:copy:824, 0.0
org.apache.commons.math.util.ResizableDoubleArray:setContractionCriteria:653, 0.0
org.apache.commons.math.util.ResizableDoubleArray:equals:855, 0.0
org.apache.commons.math.util.ResizableDoubleArray:checkContractExpand:347, 0.0
org.apache.commons.math.util.ResizableDoubleArray:getExpansionMode:585, 0.0
org.apache.commons.math.util.ResizableDoubleArray:setExpansionMode:720, 0.0
org.apache.commons.math.util.ResizableDoubleArray:discardExtremeElements:451, 0.0
org.apache.commons.math.util.ResizableDoubleArray:discardMostRecentElements:426, 0.0
org.apache.commons.math.util.ResizableDoubleArray:discardMostRecentElements:428, 0.0
org.apache.commons.math.util.ResizableDoubleArray:discardExtremeElements:455, 0.0
org.apache.commons.math.util.ResizableDoubleArray:setExpansionFactor:695, 0.0
org.apache.commons.math.util.ResizableDoubleArray:setExpansionFactor:698, 0.0
org.apache.commons.math.util.ResizableDoubleArray:setExpansionFactor:699, 0.0
org.apache.commons.math.util.ResizableDoubleArray:setExpansionFactor:697, 0.0
org.apache.commons.math.util.ResizableDoubleArray:setExpansionFactor:700, 0.0
org.apache.commons.math.util.ResizableDoubleArray:getElement:539, 0.0
org.apache.commons.math.util.ResizableDoubleArray:setNumElements:760, 0.0
org.apache.commons.math.util.ResizableDoubleArray:setNumElements:752, 0.0
org.apache.commons.math.util.ResizableDoubleArray:setNumElements:766, 0.0
org.apache.commons.math.util.ResizableDoubleArray:setNumElements:765, 0.0
org.apache.commons.math.util.ResizableDoubleArray:getElement:538, 0.0
org.apache.commons.math.util.ResizableDoubleArray:setNumElements:761, 0.0
org.apache.commons.math.util.ResizableDoubleArray:setNumElements:753, 0.0
org.apache.commons.math.util.ResizableDoubleArray:getElement:534, 0.0
org.apache.commons.math.util.ResizableDoubleArray:expandTo:503, 0.0
org.apache.commons.math.util.ResizableDoubleArray:expandTo:505, 0.0
org.apache.commons.math.util.ResizableDoubleArray:expandTo:506, 0.0
org.apache.commons.math.util.ResizableDoubleArray:expandTo:507, 0.0
org.apache.commons.math.analysis.interpolation.BicubicSplineInterpolatingFunction:<clinit>:39, 0.0
org.apache.commons.math.analysis.interpolation.BicubicSplineFunction$4:value:524, 0.0
org.apache.commons.math.analysis.interpolation.BicubicSplineFunction$4:value:525, 0.0
org.apache.commons.math.analysis.interpolation.BicubicSplineFunction$4:value:527, 0.0
org.apache.commons.math.analysis.interpolation.BicubicSplineFunction$4:value:529, 0.0
org.apache.commons.math.analysis.interpolation.BicubicSplineFunction$4:value:523, 0.0
org.apache.commons.math.analysis.interpolation.BicubicSplineFunction$3:value:516, 0.0
org.apache.commons.math.analysis.interpolation.BicubicSplineFunction$3:value:518, 0.0
org.apache.commons.math.analysis.interpolation.BicubicSplineFunction$3:value:512, 0.0
org.apache.commons.math.analysis.interpolation.BicubicSplineFunction$3:value:514, 0.0
org.apache.commons.math.analysis.interpolation.BicubicSplineFunction$3:value:515, 0.0
org.apache.commons.math.analysis.interpolation.TricubicSplineInterpolatingFunction:<clinit>:43, 0.0
org.apache.commons.math.analysis.polynomials.PolynomialFunctionNewtonForm:computeCoefficients:186, 0.0
org.apache.commons.math.analysis.polynomials.PolynomialFunctionNewtonForm:computeCoefficients:187, 0.0
org.apache.commons.math.analysis.polynomials.PolynomialFunctionNewtonForm:degree:101, 0.0
org.apache.commons.math.analysis.polynomials.PolynomialFunctionNewtonForm:computeCoefficients:193, 0.0
org.apache.commons.math.analysis.polynomials.PolynomialFunctionNewtonForm:computeCoefficients:192, 0.0
org.apache.commons.math.analysis.polynomials.PolynomialFunctionNewtonForm:getCoefficients:139, 0.0
org.apache.commons.math.analysis.polynomials.PolynomialFunctionNewtonForm:computeCoefficients:185, 0.0
org.apache.commons.math.analysis.polynomials.PolynomialFunctionNewtonForm:computeCoefficients:179, 0.0
org.apache.commons.math.analysis.polynomials.PolynomialFunctionNewtonForm:computeCoefficients:177, 0.0
org.apache.commons.math.analysis.polynomials.PolynomialFunctionNewtonForm:computeCoefficients:180, 0.0
org.apache.commons.math.analysis.polynomials.PolynomialFunctionNewtonForm:computeCoefficients:181, 0.0
org.apache.commons.math.analysis.polynomials.PolynomialFunctionNewtonForm:computeCoefficients:189, 0.0
org.apache.commons.math.analysis.polynomials.PolynomialFunctionNewtonForm:getCoefficients:138, 0.0
org.apache.commons.math.analysis.polynomials.PolynomialFunctionNewtonForm:getCoefficients:141, 0.0
org.apache.commons.math.analysis.polynomials.PolynomialFunctionNewtonForm:getCoefficients:143, 0.0
org.apache.commons.math.analysis.polynomials.PolynomialFunctionNewtonForm:getCoefficients:142, 0.0
org.apache.commons.math.analysis.polynomials.PolynomialFunctionNewtonForm:computeCoefficients:184, 0.0
org.apache.commons.math.analysis.polynomials.PolynomialFunctionLagrangeForm:computeCoefficients:246, 0.0
org.apache.commons.math.analysis.polynomials.PolynomialFunctionLagrangeForm:computeCoefficients:269, 0.0
org.apache.commons.math.analysis.polynomials.PolynomialFunctionLagrangeForm:computeCoefficients:254, 0.0
org.apache.commons.math.analysis.polynomials.PolynomialFunctionLagrangeForm:computeCoefficients:238, 0.0
org.apache.commons.math.analysis.polynomials.PolynomialFunctionLagrangeForm:degree:103, 0.0
org.apache.commons.math.analysis.polynomials.PolynomialFunctionLagrangeForm:getCoefficients:146, 0.0
org.apache.commons.math.analysis.polynomials.PolynomialFunctionLagrangeForm:getCoefficients:147, 0.0
org.apache.commons.math.analysis.polynomials.PolynomialFunctionLagrangeForm:getCoefficients:148, 0.0
org.apache.commons.math.analysis.polynomials.PolynomialFunctionLagrangeForm:computeCoefficients:251, 0.0
org.apache.commons.math.analysis.polynomials.PolynomialFunctionLagrangeForm:getCoefficients:143, 0.0
org.apache.commons.math.analysis.polynomials.PolynomialFunctionLagrangeForm:computeCoefficients:237, 0.0
org.apache.commons.math.analysis.polynomials.PolynomialFunctionLagrangeForm:computeCoefficients:242, 0.0
org.apache.commons.math.analysis.polynomials.PolynomialFunctionLagrangeForm:computeCoefficients:241, 0.0
org.apache.commons.math.analysis.polynomials.PolynomialFunctionLagrangeForm:computeCoefficients:236, 0.0
org.apache.commons.math.analysis.polynomials.PolynomialFunctionLagrangeForm:computeCoefficients:235, 0.0
org.apache.commons.math.analysis.polynomials.PolynomialFunctionLagrangeForm:computeCoefficients:249, 0.0
org.apache.commons.math.analysis.polynomials.PolynomialFunctionLagrangeForm:computeCoefficients:230, 0.0
org.apache.commons.math.analysis.polynomials.PolynomialFunctionLagrangeForm:computeCoefficients:267, 0.0
org.apache.commons.math.analysis.polynomials.PolynomialFunctionLagrangeForm:computeCoefficients:263, 0.0
org.apache.commons.math.analysis.polynomials.PolynomialFunctionLagrangeForm:computeCoefficients:268, 0.0
org.apache.commons.math.analysis.polynomials.PolynomialFunctionLagrangeForm:computeCoefficients:275, 0.0
org.apache.commons.math.analysis.polynomials.PolynomialFunctionLagrangeForm:computeCoefficients:276, 0.0
org.apache.commons.math.analysis.polynomials.PolynomialFunctionLagrangeForm:computeCoefficients:270, 0.0
org.apache.commons.math.analysis.polynomials.PolynomialFunctionLagrangeForm:computeCoefficients:271, 0.0
org.apache.commons.math.analysis.polynomials.PolynomialFunctionLagrangeForm:computeCoefficients:250, 0.0
org.apache.commons.math.analysis.polynomials.PolynomialFunctionLagrangeForm:getCoefficients:144, 0.0
org.apache.commons.math.analysis.polynomials.PolynomialFunctionLagrangeForm:computeCoefficients:245, 0.0
org.apache.commons.math.analysis.polynomials.PolynomialFunctionLagrangeForm:computeCoefficients:239, 0.0
org.apache.commons.math.analysis.polynomials.PolynomialFunctionLagrangeForm:computeCoefficients:231, 0.0
org.apache.commons.math.analysis.polynomials.PolynomialFunctionLagrangeForm:computeCoefficients:248, 0.0
org.apache.commons.math.analysis.polynomials.PolynomialFunctionLagrangeForm:computeCoefficients:229, 0.0
org.apache.commons.math.analysis.polynomials.PolynomialFunctionLagrangeForm:computeCoefficients:228, 0.0
org.apache.commons.math.analysis.interpolation.LoessInterpolator:nextNonzero:418, 0.0
org.apache.commons.math.analysis.interpolation.LoessInterpolator:smooth:260, 0.0
org.apache.commons.math.analysis.interpolation.LoessInterpolator:smooth:251, 0.0
org.apache.commons.math.analysis.interpolation.LoessInterpolator:smooth:288, 0.0
org.apache.commons.math.analysis.interpolation.LoessInterpolator:smooth:291, 0.0
org.apache.commons.math.analysis.interpolation.LoessInterpolator:smooth:292, 0.0
org.apache.commons.math.analysis.interpolation.LoessInterpolator:smooth:293, 0.0
org.apache.commons.math.analysis.interpolation.LoessInterpolator:smooth:294, 0.0
org.apache.commons.math.analysis.interpolation.LoessInterpolator:smooth:295, 0.0
org.apache.commons.math.analysis.interpolation.LoessInterpolator:smooth:296, 0.0
org.apache.commons.math.analysis.interpolation.LoessInterpolator:smooth:297, 0.0
org.apache.commons.math.analysis.interpolation.LoessInterpolator:smooth:298, 0.0
org.apache.commons.math.analysis.interpolation.LoessInterpolator:smooth:343, 0.0
org.apache.commons.math.analysis.interpolation.LoessInterpolator:smooth:344, 0.0
org.apache.commons.math.analysis.interpolation.LoessInterpolator:smooth:239, 0.0
org.apache.commons.math.analysis.interpolation.LoessInterpolator:smooth:244, 0.0
org.apache.commons.math.analysis.interpolation.LoessInterpolator:smooth:242, 0.0
org.apache.commons.math.analysis.interpolation.LoessInterpolator:smooth:249, 0.0
org.apache.commons.math.analysis.interpolation.LoessInterpolator:smooth:241, 0.0
org.apache.commons.math.analysis.interpolation.LoessInterpolator:smooth:321, 0.0
org.apache.commons.math.analysis.interpolation.LoessInterpolator:smooth:338, 0.0
org.apache.commons.math.analysis.interpolation.LoessInterpolator:updateBandwidthInterval:404, 0.0
org.apache.commons.math.analysis.interpolation.LoessInterpolator:smooth:283, 0.0
org.apache.commons.math.analysis.interpolation.LoessInterpolator:smooth:282, 0.0
org.apache.commons.math.analysis.interpolation.LoessInterpolator:smooth:287, 0.0
org.apache.commons.math.analysis.interpolation.LoessInterpolator:smooth:286, 0.0
org.apache.commons.math.analysis.interpolation.LoessInterpolator:smooth:285, 0.0
org.apache.commons.math.analysis.interpolation.LoessInterpolator:smooth:284, 0.0
org.apache.commons.math.analysis.interpolation.LoessInterpolator:smooth:264, 0.0
org.apache.commons.math.analysis.interpolation.LoessInterpolator:smooth:263, 0.0
org.apache.commons.math.analysis.interpolation.LoessInterpolator:smooth:269, 0.0
org.apache.commons.math.analysis.interpolation.LoessInterpolator:nextNonzero:419, 0.0
org.apache.commons.math.analysis.interpolation.LoessInterpolator:smooth:254, 0.0
org.apache.commons.math.analysis.interpolation.LoessInterpolator:smooth:252, 0.0
org.apache.commons.math.analysis.interpolation.LoessInterpolator:smooth:304, 0.0
org.apache.commons.math.analysis.interpolation.LoessInterpolator:smooth:307, 0.0
org.apache.commons.math.analysis.interpolation.LoessInterpolator:smooth:301, 0.0
org.apache.commons.math.analysis.interpolation.LoessInterpolator:smooth:302, 0.0
org.apache.commons.math.analysis.interpolation.LoessInterpolator:smooth:303, 0.0
org.apache.commons.math.analysis.interpolation.LoessInterpolator:nextNonzero:422, 0.0
org.apache.commons.math.analysis.interpolation.LoessInterpolator:smooth:313, 0.0
org.apache.commons.math.analysis.interpolation.LoessInterpolator:smooth:315, 0.0
org.apache.commons.math.analysis.interpolation.LoessInterpolator:smooth:316, 0.0
org.apache.commons.math.analysis.interpolation.LoessInterpolator:updateBandwidthInterval:403, 0.0
org.apache.commons.math.analysis.interpolation.LoessInterpolator:updateBandwidthInterval:399, 0.0
org.apache.commons.math.analysis.interpolation.LoessInterpolator:updateBandwidthInterval:398, 0.0
org.apache.commons.math.analysis.interpolation.LoessInterpolator:tricube:434, 0.0
org.apache.commons.math.analysis.interpolation.LoessInterpolator:tricube:435, 0.0
org.apache.commons.math.analysis.interpolation.LoessInterpolator:smooth:349, 0.0
org.apache.commons.math.analysis.interpolation.LoessInterpolator:updateBandwidthInterval:409, 0.0
org.apache.commons.math.analysis.interpolation.LoessInterpolator:smooth:270, 0.0
org.apache.commons.math.analysis.interpolation.LoessInterpolator:smooth:340, 0.0
org.apache.commons.math.analysis.interpolation.LoessInterpolator:smooth:339, 0.0
org.apache.commons.math.analysis.interpolation.LoessInterpolator:smooth:334, 0.0
org.apache.commons.math.analysis.interpolation.LoessInterpolator:smooth:332, 0.0
org.apache.commons.math.analysis.interpolation.LoessInterpolator:smooth:330, 0.0
org.apache.commons.math.analysis.interpolation.LoessInterpolator:smooth:331, 0.0
org.apache.commons.math.analysis.interpolation.LoessInterpolator:smooth:289, 0.0
org.apache.commons.math.analysis.interpolation.LoessInterpolator:smooth:290, 0.0
org.apache.commons.math.analysis.interpolation.LoessInterpolator:smooth:259, 0.0
org.apache.commons.math.analysis.interpolation.LoessInterpolator:smooth:255, 0.0
org.apache.commons.math.analysis.interpolation.LoessInterpolator:smooth:272, 0.0
org.apache.commons.math.analysis.interpolation.LoessInterpolator:smooth:310, 0.0
org.apache.commons.math.analysis.interpolation.LoessInterpolator:smooth:322, 0.0
org.apache.commons.math.analysis.interpolation.LoessInterpolator:updateBandwidthInterval:406, 0.0
org.apache.commons.math.analysis.interpolation.LoessInterpolator:updateBandwidthInterval:407, 0.0
org.apache.commons.math.analysis.interpolation.LoessInterpolator:updateBandwidthInterval:405, 0.0
org.apache.commons.math.analysis.interpolation.LoessInterpolator:smooth:341, 0.0
org.apache.commons.math.analysis.interpolation.LoessInterpolator:smooth:335, 0.0
org.apache.commons.math.analysis.interpolation.LoessInterpolator:smooth:308, 0.0
org.apache.commons.math.analysis.interpolation.LoessInterpolator:smooth:221, 0.0
org.apache.commons.math.analysis.interpolation.LoessInterpolator:smooth:225, 0.0
org.apache.commons.math.stat.descriptive.MultivariateSummaryStatistics:clear:345, 0.0
org.apache.commons.math.stat.descriptive.MultivariateSummaryStatistics:clear:344, 0.0
org.apache.commons.math.stat.descriptive.MultivariateSummaryStatistics:equals:369, 0.0
org.apache.commons.math.stat.descriptive.MultivariateSummaryStatistics:equals:366, 0.0
org.apache.commons.math.util.MathUtils:equals:485, 0.0
org.apache.commons.math.stat.descriptive.MultivariateSummaryStatistics:clear:354, 0.0
org.apache.commons.math.stat.descriptive.MultivariateSummaryStatistics:clear:355, 0.0
org.apache.commons.math.stat.descriptive.moment.VectorialCovariance:clear:119, 0.0
org.apache.commons.math.stat.descriptive.moment.VectorialCovariance:clear:118, 0.0
org.apache.commons.math.stat.descriptive.moment.VectorialCovariance:clear:117, 0.0
org.apache.commons.math.stat.descriptive.moment.VectorialCovariance:clear:116, 0.0
org.apache.commons.math.stat.descriptive.MultivariateSummaryStatistics:clear:352, 0.0
org.apache.commons.math.stat.descriptive.MultivariateSummaryStatistics:clear:351, 0.0
org.apache.commons.math.stat.descriptive.MultivariateSummaryStatistics:clear:350, 0.0
org.apache.commons.math.stat.descriptive.MultivariateSummaryStatistics:clear:349, 0.0
org.apache.commons.math.stat.descriptive.MultivariateSummaryStatistics:clear:348, 0.0
org.apache.commons.math.stat.descriptive.MultivariateSummaryStatistics:clear:347, 0.0
org.apache.commons.math.stat.descriptive.MultivariateSummaryStatistics:clear:346, 0.0
org.apache.commons.math.stat.descriptive.SynchronizedMultivariateSummaryStatistics:clear:162, 0.0
org.apache.commons.math.stat.descriptive.SynchronizedMultivariateSummaryStatistics:clear:161, 0.0
org.apache.commons.math.random.RandomDataImpl:nextPermutation:669, 0.0
org.apache.commons.math.random.RandomDataImpl:nextPermutation:665, 0.0
org.apache.commons.math.random.RandomDataImpl:getNatural:742, 0.0
org.apache.commons.math.random.RandomDataImpl:getNatural:745, 0.0
org.apache.commons.math.random.RandomDataImpl:getRan:523, 0.0
org.apache.commons.math.random.RandomDataImpl:nextUniform:493, 0.0
org.apache.commons.math.random.RandomDataImpl:getRan:519, 0.0
org.apache.commons.math.random.RandomDataImpl:shuffle:723, 0.0
org.apache.commons.math.random.RandomDataImpl:nextUniform:501, 0.0
org.apache.commons.math.random.RandomDataImpl:nextUniform:498, 0.0
org.apache.commons.math.random.RandomDataImpl:shuffle:728, 0.0
org.apache.commons.math.random.RandomDataImpl:shuffle:721, 0.0
org.apache.commons.math.random.RandomDataImpl:shuffle:729, 0.0
org.apache.commons.math.random.RandomDataImpl:shuffle:727, 0.0
org.apache.commons.math.random.RandomDataImpl:nextPermutation:657, 0.0
org.apache.commons.math.random.RandomDataImpl:nextPermutation:653, 0.0
org.apache.commons.math.random.RandomDataImpl:nextInt:186, 0.0
org.apache.commons.math.random.RandomDataImpl:nextInt:187, 0.0
org.apache.commons.math.random.RandomDataImpl:nextPermutation:662, 0.0
org.apache.commons.math.random.RandomDataImpl:nextPermutation:663, 0.0
org.apache.commons.math.random.RandomDataImpl:nextPermutation:664, 0.0
org.apache.commons.math.random.RandomDataImpl:nextInt:181, 0.0
org.apache.commons.math.random.RandomDataImpl:<init>:102, 0.0
org.apache.commons.math.random.RandomDataImpl:<init>:93, 0.0
org.apache.commons.math.random.RandomDataImpl:<init>:101, 0.0
org.apache.commons.math.random.RandomDataImpl:<init>:96, 0.0
org.apache.commons.math.random.RandomDataImpl:nextPermutation:666, 0.0
org.apache.commons.math.random.RandomDataImpl:getNatural:741, 0.0
org.apache.commons.math.random.RandomDataImpl:nextUniform:502, 0.0
org.apache.commons.math.random.RandomDataImpl:nextUniform:506, 0.0
org.apache.commons.math.random.RandomDataImpl:getRan:520, 0.0
org.apache.commons.math.random.RandomDataImpl:getRan:521, 0.0
org.apache.commons.math.random.RandomDataImpl:shuffle:725, 0.0
org.apache.commons.math.random.RandomDataImpl:shuffle:731, 0.0
org.apache.commons.math.random.RandomDataImpl:getNatural:743, 0.0
org.apache.commons.math.random.RandomDataImpl:shuffle:722, 0.0
org.apache.commons.math.random.RandomDataImpl:shuffle:720, 0.0
org.apache.commons.math.linear.BlockRealMatrix:walkInOptimizedOrder:1571, 0.0
org.apache.commons.math.linear.BlockRealMatrix:walkInOptimizedOrder:1566, 0.0
org.apache.commons.math.linear.BlockRealMatrix:walkInOptimizedOrder:1577, 0.0
org.apache.commons.math.linear.BlockRealMatrix:walkInOptimizedOrder:1563, 0.0
org.apache.commons.math.linear.BlockRealMatrix:walkInOptimizedOrder:1580, 0.0
org.apache.commons.math.linear.BlockRealMatrix:walkInOptimizedOrder:1567, 0.0
org.apache.commons.math.linear.BlockRealMatrix:walkInOptimizedOrder:1570, 0.0
org.apache.commons.math.linear.BlockRealMatrix:walkInOptimizedOrder:1568, 0.0
org.apache.commons.math.linear.BlockRealMatrix:walkInOptimizedOrder:1569, 0.0
org.apache.commons.math.linear.BlockRealMatrix:walkInOptimizedOrder:1572, 0.0
org.apache.commons.math.linear.BlockRealMatrix:walkInOptimizedOrder:1574, 0.0
org.apache.commons.math.linear.BlockRealMatrix:walkInOptimizedOrder:1573, 0.0
org.apache.commons.math.linear.BlockRealMatrix:walkInOptimizedOrder:1561, 0.0
org.apache.commons.math.linear.BlockRealMatrix:walkInOptimizedOrder:1562, 0.0
org.apache.commons.math.linear.BlockRealMatrix:walkInOptimizedOrder:1565, 0.0
org.apache.commons.math.linear.BlockRealMatrix:walkInOptimizedOrder:1564, 0.0
org.apache.commons.math.linear.BlockRealMatrix:walkInOptimizedOrder:1597, 0.0
org.apache.commons.math.linear.QRDecompositionImpl:getH:231, 0.0
org.apache.commons.math.linear.QRDecompositionImpl:getH:230, 0.0
org.apache.commons.math.linear.QRDecompositionImpl:getH:229, 0.0
org.apache.commons.math.linear.QRDecompositionImpl:getH:228, 0.0
org.apache.commons.math.linear.BlockRealMatrix:walkInOptimizedOrder:1600, 0.0
org.apache.commons.math.linear.BlockRealMatrix:walkInOptimizedOrder:1599, 0.0
org.apache.commons.math.linear.BlockRealMatrix:walkInOptimizedOrder:1598, 0.0
org.apache.commons.math.linear.QRDecompositionImpl:getH:240, 0.0
org.apache.commons.math.linear.QRDecompositionImpl:getH:226, 0.0
org.apache.commons.math.linear.BlockRealMatrix:walkInOptimizedOrder:1589, 0.0
org.apache.commons.math.linear.BlockRealMatrix:walkInOptimizedOrder:1588, 0.0
org.apache.commons.math.linear.BlockRealMatrix:walkInOptimizedOrder:1587, 0.0
org.apache.commons.math.linear.BlockRealMatrix:walkInOptimizedOrder:1596, 0.0
org.apache.commons.math.linear.BlockRealMatrix:walkInOptimizedOrder:1595, 0.0
org.apache.commons.math.linear.BlockRealMatrix:walkInOptimizedOrder:1594, 0.0
org.apache.commons.math.linear.BlockRealMatrix:walkInOptimizedOrder:1593, 0.0
org.apache.commons.math.linear.QRDecompositionImpl:getH:232, 0.0
org.apache.commons.math.linear.BlockRealMatrix:walkInOptimizedOrder:1606, 0.0
org.apache.commons.math.linear.BlockRealMatrix:walkInOptimizedOrder:1592, 0.0
org.apache.commons.math.linear.BlockRealMatrix:walkInOptimizedOrder:1591, 0.0
org.apache.commons.math.linear.BlockRealMatrix:walkInOptimizedOrder:1590, 0.0
org.apache.commons.math.linear.QRDecompositionImpl:getH:233, 0.0
org.apache.commons.math.linear.BlockRealMatrix:walkInOptimizedOrder:1603, 0.0
org.apache.commons.math.linear.BlockRealMatrix:multiply:516, 0.0
org.apache.commons.math.linear.BlockRealMatrix:multiply:518, 0.0
org.apache.commons.math.linear.BlockRealMatrix:multiply:515, 0.0
org.apache.commons.math.linear.BlockRealMatrix:walkInOptimizedOrder:1659, 0.0
org.apache.commons.math.linear.BlockRealMatrix:walkInOptimizedOrder:1661, 0.0
org.apache.commons.math.linear.BlockRealMatrix:walkInOptimizedOrder:1660, 0.0
org.apache.commons.math.linear.BlockRealMatrix:multiply:513, 0.0
org.apache.commons.math.linear.BlockRealMatrix:walkInOptimizedOrder:1657, 0.0
org.apache.commons.math.linear.BlockRealMatrix:multiply:549, 0.0
org.apache.commons.math.linear.BlockRealMatrix:walkInOptimizedOrder:1651, 0.0
org.apache.commons.math.linear.BlockRealMatrix:multiply:509, 0.0
org.apache.commons.math.linear.BlockRealMatrix:multiply:512, 0.0
org.apache.commons.math.linear.BlockRealMatrix:multiply:504, 0.0
org.apache.commons.math.linear.BlockRealMatrix:multiply:507, 0.0
org.apache.commons.math.linear.BlockRealMatrix:walkInOptimizedOrder:1647, 0.0
org.apache.commons.math.linear.BlockRealMatrix:multiply:554, 0.0
org.apache.commons.math.linear.BlockRealMatrix:walkInOptimizedOrder:1656, 0.0
org.apache.commons.math.linear.BlockRealMatrix:walkInOptimizedOrder:1655, 0.0
org.apache.commons.math.linear.BlockRealMatrix:walkInOptimizedOrder:1654, 0.0
org.apache.commons.math.linear.BlockRealMatrix:walkInOptimizedOrder:1653, 0.0
org.apache.commons.math.linear.BlockRealMatrix:walkInOptimizedOrder:1652, 0.0
org.apache.commons.math.linear.BlockRealMatrix:multiply:535, 0.0
org.apache.commons.math.linear.BlockRealMatrix:multiply:543, 0.0
org.apache.commons.math.linear.BlockRealMatrix:multiply:542, 0.0
org.apache.commons.math.linear.BlockRealMatrix:multiply:540, 0.0
org.apache.commons.math.linear.BlockRealMatrix:multiply:539, 0.0
org.apache.commons.math.linear.BlockRealMatrix:multiply:538, 0.0
org.apache.commons.math.linear.BlockRealMatrix:walkInOptimizedOrder:1658, 0.0
org.apache.commons.math.linear.BlockRealMatrix:multiply:527, 0.0
org.apache.commons.math.linear.BlockRealMatrix:multiply:532, 0.0
org.apache.commons.math.linear.BlockRealMatrix:multiply:537, 0.0
org.apache.commons.math.linear.BlockRealMatrix:multiply:536, 0.0
org.apache.commons.math.linear.BlockRealMatrix:walkInOptimizedOrder:1646, 0.0
org.apache.commons.math.linear.BlockRealMatrix:walkInOptimizedOrder:1645, 0.0
org.apache.commons.math.linear.BlockRealMatrix:multiply:533, 0.0
org.apache.commons.math.linear.BlockRealMatrix:multiply:534, 0.0
org.apache.commons.math.linear.BlockRealMatrix:walkInOptimizedOrder:1650, 0.0
org.apache.commons.math.linear.BlockRealMatrix:walkInOptimizedOrder:1649, 0.0
org.apache.commons.math.linear.BlockRealMatrix:walkInOptimizedOrder:1648, 0.0
org.apache.commons.math.linear.BlockRealMatrix:multiply:529, 0.0
org.apache.commons.math.linear.BlockRealMatrix:multiply:528, 0.0
org.apache.commons.math.linear.BlockRealMatrix:multiply:531, 0.0
org.apache.commons.math.linear.BlockRealMatrix:multiply:530, 0.0
org.apache.commons.math.linear.BlockRealMatrix:walkInOptimizedOrder:1666, 0.0
org.apache.commons.math.linear.BlockRealMatrix:multiply:524, 0.0
org.apache.commons.math.linear.BlockRealMatrix:multiply:520, 0.0
org.apache.commons.math.linear.BlockRealMatrix:multiply:521, 0.0
org.apache.commons.math.linear.BlockRealMatrix:getSubMatrix:721, 0.0
org.apache.commons.math.linear.BlockRealMatrix:getSubMatrix:722, 0.0
org.apache.commons.math.linear.BlockRealMatrix:getSubMatrix:723, 0.0
org.apache.commons.math.linear.BlockRealMatrix:copyBlockPart:823, 0.0
org.apache.commons.math.linear.BlockRealMatrix:copyBlockPart:825, 0.0
org.apache.commons.math.linear.BlockRealMatrix:copyBlockPart:824, 0.0
org.apache.commons.math.linear.BlockRealMatrix:copyBlockPart:826, 0.0
org.apache.commons.math.linear.BlockRealMatrix:getSubMatrix:720, 0.0
org.apache.commons.math.linear.BlockRealMatrix:getSubMatrix:728, 0.0
org.apache.commons.math.linear.BlockRealMatrix:getSubMatrix:729, 0.0
org.apache.commons.math.linear.BlockRealMatrix:getSubMatrix:730, 0.0
org.apache.commons.math.linear.BlockRealMatrix:getSubMatrix:732, 0.0
org.apache.commons.math.linear.BlockRealMatrix:getSubMatrix:733, 0.0
org.apache.commons.math.linear.BlockRealMatrix:getSubMatrix:734, 0.0
org.apache.commons.math.linear.BlockRealMatrix:getSubMatrix:724, 0.0
org.apache.commons.math.linear.BlockRealMatrix:getSubMatrix:727, 0.0
org.apache.commons.math.linear.BlockRealMatrix:copyBlockPart:821, 0.0
org.apache.commons.math.linear.BlockRealMatrix:copyBlockPart:820, 0.0
org.apache.commons.math.linear.BlockRealMatrix:copyBlockPart:822, 0.0
org.apache.commons.math.linear.BlockRealMatrix:getSubMatrix:768, 0.0
org.apache.commons.math.linear.BlockRealMatrix:copyBlockPart:828, 0.0
org.apache.commons.math.linear.BlockRealMatrix:getSubMatrix:788, 0.0
org.apache.commons.math.linear.BlockRealMatrix:getSubMatrix:781, 0.0
org.apache.commons.math.linear.BlockRealMatrix:getSubMatrix:796, 0.0
org.apache.commons.math.linear.BlockRealMatrix:getSubMatrix:792, 0.0
org.apache.commons.math.linear.BlockRealMatrix:getSubMatrix:713, 0.0
org.apache.commons.math.linear.BlockRealMatrix:getSubMatrix:715, 0.0
org.apache.commons.math.linear.BlockRealMatrix:getSubMatrix:714, 0.0
org.apache.commons.math.linear.BlockRealMatrix:getSubMatrix:716, 0.0
org.apache.commons.math.linear.BlockRealMatrix:getSubMatrix:719, 0.0
org.apache.commons.math.linear.BlockRealMatrix:getSubMatrix:706, 0.0
org.apache.commons.math.linear.BlockRealMatrix:getSubMatrix:709, 0.0
org.apache.commons.math.linear.BlockRealMatrix:scalarAdd:466, 0.0
org.apache.commons.math.linear.BlockRealMatrix:scalarAdd:474, 0.0
org.apache.commons.math.linear.BlockRealMatrix:scalarAdd:463, 0.0
org.apache.commons.math.linear.BlockRealMatrix:scalarAdd:469, 0.0
org.apache.commons.math.linear.BlockRealMatrix:getSubMatrix:761, 0.0
org.apache.commons.math.linear.BlockRealMatrix:getSubMatrix:757, 0.0
org.apache.commons.math.linear.BlockRealMatrix:scalarAdd:468, 0.0
org.apache.commons.math.linear.BlockRealMatrix:scalarAdd:467, 0.0
org.apache.commons.math.linear.BlockRealMatrix:getSubMatrix:747, 0.0
org.apache.commons.math.linear.BlockRealMatrix:getSubMatrix:739, 0.0
org.apache.commons.math.linear.BlockRealMatrix:getSubMatrix:755, 0.0
org.apache.commons.math.linear.BlockRealMatrix:getSubMatrix:738, 0.0
org.apache.commons.math.linear.BlockRealMatrix:getSubMatrix:751, 0.0
org.apache.commons.math.linear.BlockRealMatrix:getSubMatrix:743, 0.0
org.apache.commons.math.linear.BlockRealMatrix:getSubMatrix:736, 0.0
org.apache.commons.math.linear.BlockRealMatrix:getSubMatrix:775, 0.0
org.apache.commons.math.linear.BlockRealMatrix:getSubMatrix:770, 0.0
org.apache.commons.math.linear.BlockRealMatrix:getSubMatrix:779, 0.0
org.apache.commons.math.linear.BlockRealMatrix:getSubMatrix:771, 0.0
org.apache.commons.math.linear.BlockRealMatrix:scalarAdd:470, 0.0
org.apache.commons.math.optimization.MultiStartDifferentiableMultivariateVectorialOptimizer$1:compare:210, 0.0
org.apache.commons.math.optimization.MultiStartDifferentiableMultivariateVectorialOptimizer:getMaxIterations:136, 0.0
org.apache.commons.math.optimization.MultiStartDifferentiableMultivariateVectorialOptimizer:getOptima:123, 0.0
org.apache.commons.math.optimization.MultiStartDifferentiableMultivariateVectorialOptimizer:optimize:233, 0.0
org.apache.commons.math.optimization.MultiStartDifferentiableMultivariateVectorialOptimizer:getIterations:141, 0.0
org.apache.commons.math.optimization.MultiStartDifferentiableMultivariateVectorialOptimizer$1:compare:213, 0.0
org.apache.commons.math.optimization.MultiStartDifferentiableMultivariateVectorialOptimizer$1:weightedResidual:220, 0.0
org.apache.commons.math.optimization.MultiStartDifferentiableMultivariateVectorialOptimizer$1:weightedResidual:218, 0.0
org.apache.commons.math.optimization.MultiStartDifferentiableMultivariateVectorialOptimizer$1:weightedResidual:219, 0.0
org.apache.commons.math.optimization.MultiStartDifferentiableMultivariateVectorialOptimizer$1:weightedResidual:222, 0.0
org.apache.commons.math.optimization.MultiStartDifferentiableMultivariateVectorialOptimizer:getEvaluations:156, 0.0
org.apache.commons.math.optimization.MultiStartDifferentiableMultivariateVectorialOptimizer$1:weightedResidual:216, 0.0
org.apache.commons.math.optimization.MultiStartDifferentiableMultivariateVectorialOptimizer$1:weightedResidual:217, 0.0
org.apache.commons.math.optimization.MultiStartDifferentiableMultivariateVectorialOptimizer:getOptima:126, 0.0
org.apache.commons.math.optimization.MultiStartDifferentiableMultivariateVectorialOptimizer:getJacobianEvaluations:161, 0.0
org.apache.commons.math.optimization.MultiStartDifferentiableMultivariateVectorialOptimizer:getOptima:124, 0.0
org.apache.commons.math.stat.correlation.PearsonsCorrelation:correlation:228, 0.0
org.apache.commons.math.stat.correlation.PearsonsCorrelation:correlation:227, 0.0
org.apache.commons.math.stat.correlation.PearsonsCorrelation:computeCorrelationMatrix:190, 0.0
org.apache.commons.math.stat.correlation.PearsonsCorrelation:correlation:230, 0.0
org.apache.commons.math.stat.correlation.PearsonsCorrelation:getCorrelationMatrix:120, 0.0
org.apache.commons.math.stat.regression.SimpleRegression:getTotalSumSquares:354, 0.0
org.apache.commons.math.stat.correlation.PearsonsCorrelation:computeCorrelationMatrix:189, 0.0
org.apache.commons.math.stat.regression.SimpleRegression:getR:437, 0.0
org.apache.commons.math.stat.correlation.PearsonsCorrelation:computeCorrelationMatrix:187, 0.0
org.apache.commons.math.stat.correlation.PearsonsCorrelation:computeCorrelationMatrix:188, 0.0
org.apache.commons.math.stat.correlation.PearsonsCorrelation:checkSufficientData:280, 0.0
org.apache.commons.math.stat.regression.SimpleRegression:getR:435, 0.0
org.apache.commons.math.stat.regression.SimpleRegression:getTotalSumSquares:351, 0.0
org.apache.commons.math.stat.correlation.PearsonsCorrelation:computeCorrelationMatrix:197, 0.0
org.apache.commons.math.stat.regression.SimpleRegression:getR:432, 0.0
org.apache.commons.math.stat.regression.SimpleRegression:getR:433, 0.0
org.apache.commons.math.stat.regression.SimpleRegression:getR:434, 0.0
org.apache.commons.math.stat.correlation.PearsonsCorrelation:computeCorrelationMatrix:209, 0.0
org.apache.commons.math.stat.correlation.PearsonsCorrelation:computeCorrelationMatrix:193, 0.0
org.apache.commons.math.stat.correlation.PearsonsCorrelation:computeCorrelationMatrix:192, 0.0
org.apache.commons.math.stat.correlation.PearsonsCorrelation:computeCorrelationMatrix:191, 0.0
org.apache.commons.math.stat.regression.SimpleRegression:getRSquare:455, 0.0
org.apache.commons.math.stat.regression.SimpleRegression:getRSquare:456, 0.0
org.apache.commons.math.stat.correlation.PearsonsCorrelation:computeCorrelationMatrix:195, 0.0
org.apache.commons.math.stat.ranking.NaturalRanking$1:<clinit>:333, 0.0
org.apache.commons.math.stat.ranking.NaNStrategy:<init>:36, 0.0
org.apache.commons.math.stat.ranking.NaturalRanking:<clinit>:76, 0.0
org.apache.commons.math.stat.ranking.NaturalRanking:<clinit>:73, 0.0
org.apache.commons.math.stat.ranking.NaturalRanking$1:<clinit>:199, 0.0
org.apache.commons.math.stat.correlation.SpearmansCorrelation:computeCorrelationMatrix:131, 0.0
org.apache.commons.math.stat.correlation.SpearmansCorrelation:getCorrelationMatrix:90, 0.0
org.apache.commons.math.stat.ranking.TiesStrategy:values:39, 0.0
org.apache.commons.math.stat.correlation.SpearmansCorrelation:correlation:149, 0.0
org.apache.commons.math.stat.ranking.NaNStrategy:<clinit>:42, 0.0
org.apache.commons.math.stat.ranking.NaNStrategy:<clinit>:48, 0.0
org.apache.commons.math.stat.ranking.NaNStrategy:<clinit>:39, 0.0
org.apache.commons.math.stat.ranking.NaNStrategy:<clinit>:36, 0.0
org.apache.commons.math.stat.ranking.NaNStrategy:<clinit>:45, 0.0
org.apache.commons.math.stat.correlation.SpearmansCorrelation:computeCorrelationMatrix:119, 0.0
org.apache.commons.math.stat.correlation.SpearmansCorrelation:computeCorrelationMatrix:118, 0.0
org.apache.commons.math.stat.correlation.SpearmansCorrelation:computeCorrelationMatrix:117, 0.0
org.apache.commons.math.stat.ranking.TiesStrategy:<clinit>:51, 0.0
org.apache.commons.math.stat.ranking.TiesStrategy:<clinit>:42, 0.0
org.apache.commons.math.stat.ranking.TiesStrategy:<clinit>:48, 0.0
org.apache.commons.math.stat.ranking.TiesStrategy:<clinit>:39, 0.0
org.apache.commons.math.stat.ranking.TiesStrategy:<clinit>:54, 0.0
org.apache.commons.math.stat.ranking.TiesStrategy:<clinit>:45, 0.0
org.apache.commons.math.stat.ranking.TiesStrategy:<init>:39, 0.0
org.apache.commons.math.stat.ranking.NaNStrategy:values:36, 0.0
org.apache.commons.math.optimization.fitting.CurveFitter:addObservedPoint:70, 0.0
org.apache.commons.math.optimization.fitting.CurveFitter:addObservedPoint:71, 0.0
org.apache.commons.math.optimization.fitting.HarmonicCoefficientsGuesser:sortObservations:187, 0.0
org.apache.commons.math.optimization.fitting.HarmonicFunction:<init>:42, 0.0
org.apache.commons.math.optimization.fitting.HarmonicFunction:<init>:43, 0.0
org.apache.commons.math.optimization.fitting.HarmonicFunction:<init>:46, 0.0
org.apache.commons.math.optimization.fitting.HarmonicFunction:<init>:44, 0.0
org.apache.commons.math.optimization.fitting.HarmonicFunction:<init>:45, 0.0
org.apache.commons.math.optimization.fitting.HarmonicCoefficientsGuesser:sortObservations:167, 0.0
org.apache.commons.math.optimization.fitting.HarmonicFitter:fit:84, 0.0
org.apache.commons.math.optimization.fitting.HarmonicFitter:fit:83, 0.0
org.apache.commons.math.optimization.fitting.HarmonicCoefficientsGuesser:getGuessedAmplitude:283, 0.0
org.apache.commons.math.optimization.fitting.CurveFitter:getObservations:103, 0.0
org.apache.commons.math.optimization.fitting.HarmonicCoefficientsGuesser:guessPhi:258, 0.0
org.apache.commons.math.optimization.fitting.HarmonicCoefficientsGuesser:guessPhi:254, 0.0
org.apache.commons.math.optimization.fitting.HarmonicCoefficientsGuesser:guessPhi:256, 0.0
org.apache.commons.math.optimization.fitting.HarmonicCoefficientsGuesser:guessPhi:257, 0.0
org.apache.commons.math.optimization.fitting.HarmonicCoefficientsGuesser:guessPhi:253, 0.0
org.apache.commons.math.optimization.fitting.HarmonicFitter:fit:100, 0.0
org.apache.commons.math.optimization.fitting.HarmonicFitter:fit:99, 0.0
org.apache.commons.math.optimization.fitting.HarmonicFitter$ParametricHarmonicFunction:<init>:109, 0.0
org.apache.commons.math.optimization.fitting.HarmonicFitter:fit:89, 0.0
org.apache.commons.math.optimization.fitting.HarmonicFitter:fit:91, 0.0
org.apache.commons.math.optimization.fitting.HarmonicFitter:fit:90, 0.0
org.apache.commons.math.optimization.fitting.HarmonicCoefficientsGuesser:guess:154, 0.0
org.apache.commons.math.optimization.fitting.HarmonicCoefficientsGuesser:guess:155, 0.0
org.apache.commons.math.optimization.fitting.HarmonicCoefficientsGuesser:guess:156, 0.0
org.apache.commons.math.optimization.fitting.HarmonicCoefficientsGuesser:guess:157, 0.0
org.apache.commons.math.optimization.fitting.HarmonicFitter$ParametricHarmonicFunction:gradient:127, 0.0
org.apache.commons.math.optimization.fitting.HarmonicFitter$ParametricHarmonicFunction:gradient:126, 0.0
org.apache.commons.math.optimization.fitting.HarmonicFitter$ParametricHarmonicFunction:gradient:125, 0.0
org.apache.commons.math.optimization.fitting.HarmonicFitter$ParametricHarmonicFunction:gradient:124, 0.0
org.apache.commons.math.optimization.fitting.HarmonicFitter$ParametricHarmonicFunction:gradient:123, 0.0
org.apache.commons.math.optimization.fitting.HarmonicFitter$ParametricHarmonicFunction:gradient:122, 0.0
org.apache.commons.math.optimization.fitting.HarmonicFitter$ParametricHarmonicFunction:gradient:121, 0.0
org.apache.commons.math.optimization.fitting.HarmonicCoefficientsGuesser:guessPhi:275, 0.0
org.apache.commons.math.optimization.fitting.HarmonicCoefficientsGuesser:guessPhi:277, 0.0
org.apache.commons.math.optimization.fitting.HarmonicFunction:getPulsation:69, 0.0
org.apache.commons.math.optimization.fitting.HarmonicFunction:value:50, 0.0
org.apache.commons.math.optimization.fitting.HarmonicCoefficientsGuesser:guessPhi:262, 0.0
org.apache.commons.math.optimization.fitting.HarmonicCoefficientsGuesser:guessPhi:263, 0.0
org.apache.commons.math.optimization.fitting.HarmonicCoefficientsGuesser:guessPhi:261, 0.0
org.apache.commons.math.optimization.fitting.HarmonicCoefficientsGuesser:guessPhi:267, 0.0
org.apache.commons.math.optimization.fitting.HarmonicCoefficientsGuesser:guessPhi:264, 0.0
org.apache.commons.math.optimization.fitting.HarmonicCoefficientsGuesser:guessPhi:265, 0.0
org.apache.commons.math.optimization.fitting.HarmonicCoefficientsGuesser:guessPhi:270, 0.0
org.apache.commons.math.optimization.fitting.HarmonicCoefficientsGuesser:guessPhi:271, 0.0
org.apache.commons.math.optimization.fitting.HarmonicCoefficientsGuesser:guessPhi:268, 0.0
org.apache.commons.math.optimization.fitting.HarmonicCoefficientsGuesser:guessPhi:269, 0.0
org.apache.commons.math.optimization.fitting.HarmonicCoefficientsGuesser:guessAOmega:205, 0.0
org.apache.commons.math.optimization.fitting.HarmonicCoefficientsGuesser:guessAOmega:204, 0.0
org.apache.commons.math.optimization.fitting.HarmonicCoefficientsGuesser:guessAOmega:207, 0.0
org.apache.commons.math.optimization.fitting.HarmonicCoefficientsGuesser:guessAOmega:206, 0.0
org.apache.commons.math.optimization.fitting.HarmonicCoefficientsGuesser:guessAOmega:201, 0.0
org.apache.commons.math.optimization.fitting.HarmonicCoefficientsGuesser:guessAOmega:200, 0.0
org.apache.commons.math.optimization.fitting.HarmonicCoefficientsGuesser:guessAOmega:203, 0.0
org.apache.commons.math.optimization.fitting.HarmonicCoefficientsGuesser:guessAOmega:197, 0.0
org.apache.commons.math.optimization.fitting.HarmonicCoefficientsGuesser:guessAOmega:199, 0.0
org.apache.commons.math.optimization.fitting.HarmonicCoefficientsGuesser:guessAOmega:198, 0.0
org.apache.commons.math.optimization.fitting.HarmonicCoefficientsGuesser:guessAOmega:208, 0.0
org.apache.commons.math.optimization.fitting.HarmonicFitter:addObservedPoint:70, 0.0
org.apache.commons.math.optimization.fitting.HarmonicFitter:addObservedPoint:71, 0.0
org.apache.commons.math.optimization.fitting.HarmonicFitter:<init>:48, 0.0
org.apache.commons.math.optimization.fitting.HarmonicFitter:<init>:46, 0.0
org.apache.commons.math.optimization.fitting.HarmonicFitter:<init>:47, 0.0
org.apache.commons.math.optimization.fitting.HarmonicFitter:<init>:45, 0.0
org.apache.commons.math.optimization.fitting.HarmonicCoefficientsGuesser:getGuessedPulsation:290, 0.0
org.apache.commons.math.optimization.fitting.HarmonicCoefficientsGuesser:guessAOmega:232, 0.0
org.apache.commons.math.optimization.fitting.HarmonicCoefficientsGuesser:guessAOmega:231, 0.0
org.apache.commons.math.optimization.fitting.HarmonicCoefficientsGuesser:guessAOmega:230, 0.0
org.apache.commons.math.optimization.fitting.HarmonicCoefficientsGuesser:guessAOmega:229, 0.0
org.apache.commons.math.optimization.fitting.HarmonicCoefficientsGuesser:guessAOmega:228, 0.0
org.apache.commons.math.optimization.fitting.HarmonicCoefficientsGuesser:guessAOmega:226, 0.0
org.apache.commons.math.optimization.fitting.HarmonicCoefficientsGuesser:guessAOmega:225, 0.0
org.apache.commons.math.optimization.fitting.HarmonicCoefficientsGuesser:guessAOmega:224, 0.0
org.apache.commons.math.optimization.fitting.HarmonicCoefficientsGuesser:guessAOmega:220, 0.0
org.apache.commons.math.optimization.fitting.HarmonicCoefficientsGuesser:guessAOmega:222, 0.0
org.apache.commons.math.optimization.fitting.HarmonicCoefficientsGuesser:guessAOmega:218, 0.0
org.apache.commons.math.optimization.fitting.HarmonicCoefficientsGuesser:guessAOmega:219, 0.0
org.apache.commons.math.optimization.fitting.HarmonicCoefficientsGuesser:guessAOmega:212, 0.0
org.apache.commons.math.optimization.fitting.HarmonicCoefficientsGuesser:guessAOmega:213, 0.0
org.apache.commons.math.optimization.fitting.HarmonicCoefficientsGuesser:guessAOmega:214, 0.0
org.apache.commons.math.optimization.fitting.HarmonicCoefficientsGuesser:guessAOmega:211, 0.0
org.apache.commons.math.optimization.fitting.HarmonicFunction:getAmplitude:62, 0.0
org.apache.commons.math.optimization.fitting.HarmonicCoefficientsGuesser:sortObservations:170, 0.0
org.apache.commons.math.optimization.fitting.HarmonicCoefficientsGuesser:sortObservations:169, 0.0
org.apache.commons.math.optimization.fitting.HarmonicCoefficientsGuesser:sortObservations:168, 0.0
org.apache.commons.math.optimization.fitting.HarmonicCoefficientsGuesser:guessAOmega:239, 0.0
org.apache.commons.math.optimization.fitting.HarmonicCoefficientsGuesser:guessAOmega:238, 0.0
org.apache.commons.math.optimization.fitting.HarmonicCoefficientsGuesser:guessAOmega:237, 0.0
org.apache.commons.math.optimization.fitting.HarmonicCoefficientsGuesser:guessAOmega:240, 0.0
org.apache.commons.math.optimization.fitting.HarmonicCoefficientsGuesser:getGuessedPhase:297, 0.0
org.apache.commons.math.optimization.fitting.HarmonicFunction:getPhase:76, 0.0
org.apache.commons.math.optimization.fitting.HarmonicCoefficientsGuesser:guessAOmega:246, 0.0
org.apache.commons.math.optimization.fitting.HarmonicCoefficientsGuesser:guessAOmega:244, 0.0
org.apache.commons.math.optimization.fitting.HarmonicCoefficientsGuesser:guessAOmega:243, 0.0
org.apache.commons.math.optimization.fitting.HarmonicCoefficientsGuesser:<init>:144, 0.0
org.apache.commons.math.optimization.fitting.HarmonicCoefficientsGuesser:<init>:145, 0.0
org.apache.commons.math.optimization.fitting.HarmonicCoefficientsGuesser:<init>:146, 0.0
org.apache.commons.math.optimization.fitting.HarmonicCoefficientsGuesser:<init>:143, 0.0
org.apache.commons.math.optimization.fitting.HarmonicCoefficientsGuesser:<init>:142, 0.0
org.apache.commons.math.optimization.fitting.HarmonicCoefficientsGuesser:sortObservations:166, 0.0
org.apache.commons.math.optimization.fitting.HarmonicFitter:fit:82, 0.0
org.apache.commons.math.optimization.fitting.HarmonicFitter$ParametricHarmonicFunction:value:116, 0.0
org.apache.commons.math.optimization.fitting.HarmonicFitter$ParametricHarmonicFunction:value:115, 0.0
org.apache.commons.math.optimization.fitting.HarmonicFitter$ParametricHarmonicFunction:value:114, 0.0
org.apache.commons.math.optimization.fitting.HarmonicFitter$ParametricHarmonicFunction:value:113, 0.0
org.apache.commons.math.optimization.fitting.HarmonicFitter:<init>:59, 0.0
org.apache.commons.math.optimization.fitting.HarmonicFitter:<init>:58, 0.0
org.apache.commons.math.optimization.fitting.HarmonicFitter:<init>:61, 0.0
org.apache.commons.math.optimization.fitting.HarmonicFitter:<init>:60, 0.0
org.apache.commons.math.optimization.fitting.HarmonicCoefficientsGuesser:sortObservations:177, 0.0
org.apache.commons.math.optimization.fitting.HarmonicCoefficientsGuesser:sortObservations:176, 0.0
org.apache.commons.math.optimization.fitting.HarmonicCoefficientsGuesser:sortObservations:175, 0.0
org.apache.commons.math.optimization.fitting.HarmonicCoefficientsGuesser:sortObservations:182, 0.0
org.apache.commons.math.optimization.fitting.HarmonicCoefficientsGuesser:sortObservations:183, 0.0
org.apache.commons.math.optimization.fitting.HarmonicCoefficientsGuesser:sortObservations:179, 0.0
org.apache.commons.math.optimization.fitting.HarmonicCoefficientsGuesser:sortObservations:173, 0.0
org.apache.commons.math.optimization.fitting.HarmonicCoefficientsGuesser:sortObservations:172, 0.0
org.apache.commons.math.optimization.fitting.HarmonicCoefficientsGuesser:sortObservations:174, 0.0
org.apache.commons.math.optimization.general.AbstractLeastSquaresOptimizer:guessParametersErrors:320, 0.0
org.apache.commons.math.optimization.general.AbstractLeastSquaresOptimizer:getChiSquare:254, 0.0
org.apache.commons.math.optimization.general.AbstractLeastSquaresOptimizer:getChiSquare:255, 0.0
org.apache.commons.math.optimization.general.AbstractLeastSquaresOptimizer:getChiSquare:253, 0.0
org.apache.commons.math.optimization.general.AbstractLeastSquaresOptimizer:getChiSquare:257, 0.0
org.apache.commons.math.optimization.general.AbstractLeastSquaresOptimizer:guessParametersErrors:315, 0.0
org.apache.commons.math.optimization.general.AbstractLeastSquaresOptimizer:guessParametersErrors:314, 0.0
org.apache.commons.math.optimization.general.AbstractLeastSquaresOptimizer:guessParametersErrors:317, 0.0
org.apache.commons.math.optimization.general.AbstractLeastSquaresOptimizer:guessParametersErrors:316, 0.0
org.apache.commons.math.optimization.general.AbstractLeastSquaresOptimizer:getChiSquare:252, 0.0
org.apache.commons.math.optimization.general.AbstractLeastSquaresOptimizer:guessParametersErrors:318, 0.0
org.apache.commons.math.optimization.general.LevenbergMarquardtOptimizer:determineLMParameter:557, 0.0
org.apache.commons.math.optimization.general.LevenbergMarquardtOptimizer:determineLMParameter:550, 0.0
org.apache.commons.math.linear.MatrixUtils:checkSubMatrixIndex:606, 0.0
org.apache.commons.math.linear.AbstractRealMatrix:copySubMatrix:364, 0.0
org.apache.commons.math.linear.AbstractRealMatrix:copySubMatrix:365, 0.0
org.apache.commons.math.linear.MatrixUtils:checkSubMatrixIndex:595, 0.0
org.apache.commons.math.linear.AbstractRealMatrix:copySubMatrix:362, 0.0
org.apache.commons.math.linear.MatrixUtils:checkSubMatrixIndex:600, 0.0
org.apache.commons.math.linear.AbstractRealMatrix:copySubMatrix:363, 0.0
org.apache.commons.math.linear.MatrixUtils:checkSubMatrixIndex:603, 0.0
org.apache.commons.math.linear.MatrixUtils:checkSubMatrixIndex:601, 0.0
org.apache.commons.math.linear.MatrixUtils:checkSubMatrixIndex:604, 0.0
org.apache.commons.math.linear.AbstractRealMatrix:copySubMatrix:352, 0.0
org.apache.commons.math.linear.AbstractRealMatrix:copySubMatrix:353, 0.0
org.apache.commons.math.linear.MatrixUtils:checkSubMatrixIndex:594, 0.0
org.apache.commons.math.linear.MatrixUtils:checkSubMatrixIndex:567, 0.0
org.apache.commons.math.linear.AbstractRealMatrix:copySubMatrix:369, 0.0
org.apache.commons.math.linear.MatrixUtils:checkSubMatrixIndex:593, 0.0
org.apache.commons.math.linear.AbstractRealMatrix:equals:1031, 0.0
org.apache.commons.math.linear.AbstractRealMatrix:equals:1042, 0.0
org.apache.commons.math.linear.AbstractRealMatrix:equals:1028, 0.0
org.apache.commons.math.linear.AbstractRealMatrix:equals:1037, 0.0
org.apache.commons.math.linear.BlockRealMatrix:getFrobeniusNorm:696, 0.0
org.apache.commons.math.linear.BlockRealMatrix:getFrobeniusNorm:692, 0.0
org.apache.commons.math.linear.BlockRealMatrix:getFrobeniusNorm:693, 0.0
org.apache.commons.math.linear.BlockRealMatrix:getFrobeniusNorm:690, 0.0
org.apache.commons.math.linear.BlockRealMatrix:getFrobeniusNorm:691, 0.0
org.apache.commons.math.linear.BlockRealMatrix:getColumnMatrix:992, 0.0
org.apache.commons.math.linear.BlockRealMatrix:getColumnMatrix:989, 0.0
org.apache.commons.math.linear.BlockRealMatrix:getColumnMatrix:990, 0.0
org.apache.commons.math.linear.BlockRealMatrix:getColumnMatrix:991, 0.0
org.apache.commons.math.linear.BlockRealMatrix:getColumnMatrix:997, 0.0
org.apache.commons.math.linear.BlockRealMatrix:getColumnMatrix:986, 0.0
org.apache.commons.math.linear.BlockRealMatrix:getColumnMatrix:987, 0.0
org.apache.commons.math.linear.BlockRealMatrix:getColumnMatrix:984, 0.0
org.apache.commons.math.linear.BlockRealMatrix:getColumnMatrix:985, 0.0
org.apache.commons.math.linear.BlockRealMatrix:getColumnMatrix:988, 0.0
org.apache.commons.math.linear.BlockRealMatrix:getColumnMatrix:979, 0.0
org.apache.commons.math.linear.BlockRealMatrix:getColumnMatrix:983, 0.0
org.apache.commons.math.linear.BlockRealMatrix:getColumnMatrix:980, 0.0
org.apache.commons.math.linear.BlockRealMatrix:getColumnMatrix:993, 0.0
org.apache.commons.math.linear.BlockRealMatrix:getColumnMatrix:1001, 0.0
org.apache.commons.math.linear.BlockRealMatrix:getEntry:1244, 0.0
org.apache.commons.math.linear.BlockRealMatrix:getEntry:1243, 0.0
org.apache.commons.math.linear.BlockRealMatrix:getRow:1143, 0.0
org.apache.commons.math.linear.BlockRealMatrix:getRow:1147, 0.0
org.apache.commons.math.linear.BlockRealMatrix:getRow:1146, 0.0
org.apache.commons.math.linear.BlockRealMatrix:getRow:1145, 0.0
org.apache.commons.math.linear.BlockRealMatrix:getRow:1144, 0.0
org.apache.commons.math.linear.BlockRealMatrix:getRow:1150, 0.0
org.apache.commons.math.linear.BlockRealMatrix:getRow:1142, 0.0
org.apache.commons.math.linear.BlockRealMatrix:getRow:1141, 0.0
org.apache.commons.math.linear.BlockRealMatrix:getRow:1140, 0.0
org.apache.commons.math.linear.BlockRealMatrix:getRow:1137, 0.0
org.apache.commons.math.linear.BlockRealMatrix:getRow:1136, 0.0
org.apache.commons.math.linear.BlockRealMatrix:createMatrix:293, 0.0
org.apache.commons.math.linear.AbstractRealMatrix:getSubMatrix:288, 0.0
org.apache.commons.math.linear.AbstractRealMatrix:getSubMatrix:283, 0.0
org.apache.commons.math.linear.AbstractRealMatrix:getSubMatrix:298, 0.0
org.apache.commons.math.linear.AbstractRealMatrix:getSubMatrix:286, 0.0
org.apache.commons.math.linear.AbstractRealMatrix$3:<init>:288, 0.0
org.apache.commons.math.linear.AbstractRealMatrix$3:visit:293, 0.0
org.apache.commons.math.linear.BlockRealMatrix:setColumnMatrix:1010, 0.0
org.apache.commons.math.linear.BlockRealMatrix:setColumnMatrix:1013, 0.0
org.apache.commons.math.linear.BlockRealMatrix:setColumnMatrix:1032, 0.0
org.apache.commons.math.linear.BlockRealMatrix:setColumnMatrix:1030, 0.0
org.apache.commons.math.linear.BlockRealMatrix:setColumnMatrix:1031, 0.0
org.apache.commons.math.linear.BlockRealMatrix:setColumnMatrix:1059, 0.0
org.apache.commons.math.linear.BlockRealMatrix:setColumnMatrix:1051, 0.0
org.apache.commons.math.linear.BlockRealMatrix:setColumnMatrix:1047, 0.0
org.apache.commons.math.linear.BlockRealMatrix:setColumnMatrix:1050, 0.0
org.apache.commons.math.linear.BlockRealMatrix:setColumnMatrix:1034, 0.0
org.apache.commons.math.linear.BlockRealMatrix:setColumnMatrix:1055, 0.0
org.apache.commons.math.linear.BlockRealMatrix:setColumnMatrix:1049, 0.0
org.apache.commons.math.linear.BlockRealMatrix:setColumnMatrix:1048, 0.0
org.apache.commons.math.linear.BlockRealMatrix:setColumnMatrix:1014, 0.0
org.apache.commons.math.linear.BlockRealMatrix:setColumnMatrix:1041, 0.0
org.apache.commons.math.linear.BlockRealMatrix:setColumnMatrix:1043, 0.0
org.apache.commons.math.linear.BlockRealMatrix:setColumnMatrix:1042, 0.0
org.apache.commons.math.linear.BlockRealMatrix:setColumnMatrix:1045, 0.0
org.apache.commons.math.linear.BlockRealMatrix:setColumnMatrix:1044, 0.0
org.apache.commons.math.linear.BlockRealMatrix:setColumnMatrix:1046, 0.0
org.apache.commons.math.linear.BlockRealMatrix:setRowMatrix:957, 0.0
org.apache.commons.math.linear.BlockRealMatrix:setRowMatrix:941, 0.0
org.apache.commons.math.linear.BlockRealMatrix:setRowMatrix:943, 0.0
org.apache.commons.math.linear.BlockRealMatrix:setRowMatrix:942, 0.0
org.apache.commons.math.linear.BlockRealMatrix:setRowMatrix:956, 0.0
org.apache.commons.math.linear.BlockRealMatrix:setRowMatrix:952, 0.0
org.apache.commons.math.linear.BlockRealMatrix:setRowMatrix:953, 0.0
org.apache.commons.math.linear.BlockRealMatrix:setRowMatrix:954, 0.0
org.apache.commons.math.linear.BlockRealMatrix:setRowMatrix:955, 0.0
org.apache.commons.math.linear.BlockRealMatrix:setRowMatrix:968, 0.0
org.apache.commons.math.linear.BlockRealMatrix:setRowMatrix:967, 0.0
org.apache.commons.math.linear.BlockRealMatrix:setRowMatrix:945, 0.0
org.apache.commons.math.linear.BlockRealMatrix:setRowMatrix:925, 0.0
org.apache.commons.math.linear.BlockRealMatrix:setRowMatrix:972, 0.0
org.apache.commons.math.linear.BlockRealMatrix:setRowMatrix:961, 0.0
org.apache.commons.math.linear.BlockRealMatrix:setRowMatrix:958, 0.0
org.apache.commons.math.linear.BlockRealMatrix:setRowMatrix:960, 0.0
org.apache.commons.math.linear.BlockRealMatrix:setRowMatrix:959, 0.0
org.apache.commons.math.linear.BlockRealMatrix:setRowMatrix:924, 0.0
org.apache.commons.math.linear.BlockRealMatrix:setRowMatrix:921, 0.0
org.apache.commons.math.linear.AbstractRealMatrix:toString:1005, 0.0
org.apache.commons.math.linear.AbstractRealMatrix:toString:991, 0.0
org.apache.commons.math.linear.AbstractRealMatrix:toString:993, 0.0
org.apache.commons.math.linear.AbstractRealMatrix:toString:992, 0.0
org.apache.commons.math.linear.AbstractRealMatrix:toString:995, 0.0
org.apache.commons.math.linear.AbstractRealMatrix:toString:994, 0.0
org.apache.commons.math.linear.AbstractRealMatrix:toString:996, 0.0
org.apache.commons.math.linear.AbstractRealMatrix:toString:998, 0.0
org.apache.commons.math.linear.AbstractRealMatrix:toString:1012, 0.0
org.apache.commons.math.linear.AbstractRealMatrix:toString:1013, 0.0
org.apache.commons.math.linear.AbstractRealMatrix:toString:1004, 0.0
org.apache.commons.math.linear.AbstractRealMatrix:toString:1003, 0.0
org.apache.commons.math.linear.AbstractRealMatrix:toString:1009, 0.0
org.apache.commons.math.linear.AbstractRealMatrix:toString:999, 0.0
org.apache.commons.math.linear.AbstractRealMatrix:toString:1007, 0.0
org.apache.commons.math.linear.AbstractRealMatrix:toString:1002, 0.0
org.apache.commons.math.linear.AbstractRealMatrix:toString:1000, 0.0
org.apache.commons.math.linear.AbstractRealMatrix:getTrace:666, 0.0
org.apache.commons.math.linear.AbstractRealMatrix:getTrace:660, 0.0
org.apache.commons.math.linear.AbstractRealMatrix:getTrace:661, 0.0
org.apache.commons.math.linear.AbstractRealMatrix:getTrace:662, 0.0
org.apache.commons.math.linear.AbstractRealMatrix:getTrace:667, 0.0
org.apache.commons.math.linear.AbstractRealMatrix:getTrace:663, 0.0
org.apache.commons.math.linear.AbstractRealMatrix:getTrace:669, 0.0
org.apache.commons.math.linear.AbstractRealMatrix:getTrace:665, 0.0
org.apache.commons.math.linear.AbstractRealMatrix:getColumnMatrix:452, 0.0
org.apache.commons.math.stat.correlation.Covariance:checkSufficientData:272, 0.0
org.apache.commons.math.linear.AbstractRealMatrix:getColumnMatrix:448, 0.0
org.apache.commons.math.linear.AbstractRealMatrix:getColumnMatrix:449, 0.0
org.apache.commons.math.stat.correlation.Covariance:covariance:239, 0.0
org.apache.commons.math.stat.correlation.Covariance:computeCovarianceMatrix:163, 0.0
org.apache.commons.math.stat.correlation.Covariance:computeCovarianceMatrix:162, 0.0
org.apache.commons.math.stat.correlation.Covariance:computeCovarianceMatrix:161, 0.0
org.apache.commons.math.stat.correlation.Covariance:computeCovarianceMatrix:160, 0.0
org.apache.commons.math.stat.correlation.Covariance:covariance:256, 0.0
org.apache.commons.math.linear.AbstractRealMatrix:getColumnMatrix:445, 0.0
org.apache.commons.math.linear.AbstractRealMatrix:getColumnMatrix:446, 0.0
org.apache.commons.math.linear.AbstractRealMatrix:getColumnMatrix:447, 0.0
org.apache.commons.math.stat.correlation.Covariance:computeCovarianceMatrix:164, 0.0
org.apache.commons.math.linear.AbstractRealMatrix:setColumnMatrix:462, 0.0
org.apache.commons.math.stat.correlation.Covariance:covariance:232, 0.0
org.apache.commons.math.stat.correlation.Covariance:computeCovarianceMatrix:193, 0.0
org.apache.commons.math.stat.correlation.Covariance:computeCovarianceMatrix:167, 0.0
org.apache.commons.math.stat.correlation.Covariance:computeCovarianceMatrix:166, 0.0
org.apache.commons.math.stat.correlation.Covariance:computeCovarianceMatrix:165, 0.0
org.apache.commons.math.linear.AbstractRealMatrix:setColumnMatrix:461, 0.0
org.apache.commons.math.linear.AbstractRealMatrix:setColumnMatrix:460, 0.0
org.apache.commons.math.stat.correlation.Covariance:covariance:230, 0.0
org.apache.commons.math.stat.correlation.Covariance:covariance:229, 0.0
org.apache.commons.math.stat.correlation.Covariance:covariance:228, 0.0
org.apache.commons.math.stat.correlation.Covariance:covariance:227, 0.0
org.apache.commons.math.stat.correlation.Covariance:computeCovarianceMatrix:169, 0.0
org.apache.commons.math.stat.correlation.Covariance:getCovarianceMatrix:139, 0.0
org.apache.commons.math.linear.AbstractRealMatrix:setColumnMatrix:468, 0.0
org.apache.commons.math.stat.correlation.Covariance:computeCovarianceMatrix:171, 0.0
org.apache.commons.math.stat.correlation.Covariance:covariance:226, 0.0
org.apache.commons.math.stat.correlation.Covariance:covariance:225, 0.0
org.apache.commons.math.linear.AbstractRealMatrix:setColumnMatrix:469, 0.0
org.apache.commons.math.stat.correlation.Covariance:computeCovarianceMatrix:204, 0.0
org.apache.commons.math.linear.AbstractRealMatrix:setColumnMatrix:472, 0.0
org.apache.commons.math.stat.descriptive.moment.Variance:<init>:119, 0.0
org.apache.commons.math.stat.descriptive.moment.Variance:<init>:118, 0.0
org.apache.commons.math.stat.descriptive.moment.Variance:<init>:117, 0.0
org.apache.commons.math.stat.descriptive.moment.Variance:<init>:116, 0.0
org.apache.commons.math.stat.correlation.PearsonsCorrelation:covarianceToCorrelation:253, 0.0
org.apache.commons.math.stat.correlation.PearsonsCorrelation:getCorrelationPValues:171, 0.0
org.apache.commons.math.stat.correlation.PearsonsCorrelation:getCorrelationPValues:170, 0.0
org.apache.commons.math.stat.correlation.PearsonsCorrelation:getCorrelationPValues:169, 0.0
org.apache.commons.math.stat.correlation.PearsonsCorrelation:getCorrelationPValues:165, 0.0
org.apache.commons.math.stat.correlation.PearsonsCorrelation:covarianceToCorrelation:252, 0.0
org.apache.commons.math.stat.correlation.PearsonsCorrelation:covarianceToCorrelation:251, 0.0
org.apache.commons.math.stat.correlation.PearsonsCorrelation:covarianceToCorrelation:256, 0.0
org.apache.commons.math.stat.correlation.PearsonsCorrelation:getCorrelationPValues:164, 0.0
org.apache.commons.math.stat.correlation.PearsonsCorrelation:covarianceToCorrelation:254, 0.0
org.apache.commons.math.stat.correlation.PearsonsCorrelation:covarianceToCorrelation:255, 0.0
org.apache.commons.math.stat.correlation.PearsonsCorrelation:getCorrelationPValues:175, 0.0
org.apache.commons.math.stat.correlation.Covariance:getN:149, 0.0
org.apache.commons.math.stat.correlation.PearsonsCorrelation:getCorrelationStandardErrors:137, 0.0
org.apache.commons.math.stat.correlation.PearsonsCorrelation:getCorrelationStandardErrors:136, 0.0
org.apache.commons.math.stat.correlation.PearsonsCorrelation:getCorrelationStandardErrors:138, 0.0
org.apache.commons.math.stat.correlation.PearsonsCorrelation:getCorrelationStandardErrors:139, 0.0
org.apache.commons.math.stat.correlation.PearsonsCorrelation:getCorrelationStandardErrors:141, 0.0
org.apache.commons.math.stat.correlation.PearsonsCorrelation:getCorrelationStandardErrors:140, 0.0
org.apache.commons.math.stat.correlation.PearsonsCorrelation:getCorrelationPValues:163, 0.0
org.apache.commons.math.stat.correlation.PearsonsCorrelation:getCorrelationPValues:162, 0.0
org.apache.commons.math.stat.correlation.PearsonsCorrelation:getCorrelationPValues:161, 0.0
org.apache.commons.math.stat.correlation.PearsonsCorrelation:<init>:98, 0.0
org.apache.commons.math.stat.correlation.PearsonsCorrelation:<init>:96, 0.0
org.apache.commons.math.stat.correlation.PearsonsCorrelation:<init>:97, 0.0
org.apache.commons.math.stat.correlation.PearsonsCorrelation:<init>:93, 0.0
org.apache.commons.math.stat.correlation.PearsonsCorrelation:<init>:92, 0.0
org.apache.commons.math.stat.correlation.PearsonsCorrelation:<init>:91, 0.0
org.apache.commons.math.stat.correlation.PearsonsCorrelation:covarianceToCorrelation:259, 0.0
org.apache.commons.math.stat.correlation.PearsonsCorrelation:covarianceToCorrelation:257, 0.0
org.apache.commons.math.stat.correlation.PearsonsCorrelation:covarianceToCorrelation:260, 0.0
org.apache.commons.math.stat.correlation.PearsonsCorrelation:getCorrelationPValues:166, 0.0
org.apache.commons.math.stat.correlation.PearsonsCorrelation:covarianceToCorrelation:263, 0.0
org.apache.commons.math.stat.correlation.PearsonsCorrelation:<init>:110, 0.0
org.apache.commons.math.stat.correlation.PearsonsCorrelation:<init>:108, 0.0
org.apache.commons.math.stat.correlation.PearsonsCorrelation:<init>:109, 0.0
org.apache.commons.math.stat.correlation.PearsonsCorrelation:<init>:112, 0.0
org.apache.commons.math.stat.correlation.PearsonsCorrelation:getCorrelationPValues:167, 0.0
org.apache.commons.math.stat.correlation.PearsonsCorrelation:getCorrelationStandardErrors:144, 0.0
org.apache.commons.math.stat.correlation.PearsonsCorrelation:<init>:68, 0.0
org.apache.commons.math.stat.correlation.PearsonsCorrelation:<init>:69, 0.0
org.apache.commons.math.stat.ranking.NaturalRanking:rank:231, 0.0
org.apache.commons.math.stat.ranking.NaturalRanking:fill:375, 0.0
org.apache.commons.math.stat.ranking.NaturalRanking:rank:237, 0.0
org.apache.commons.math.stat.ranking.NaturalRanking:fill:377, 0.0
org.apache.commons.math.stat.ranking.NaturalRanking:fill:373, 0.0
org.apache.commons.math.stat.ranking.NaturalRanking:fill:374, 0.0
org.apache.commons.math.stat.ranking.NaturalRanking:resolveTie:363, 0.0
org.apache.commons.math.stat.ranking.NaturalRanking:resolveTie:333, 0.0
org.apache.commons.math.stat.ranking.NaturalRanking:resolveTie:331, 0.0
org.apache.commons.math.stat.ranking.NaturalRanking:resolveTie:328, 0.0
org.apache.commons.math.stat.ranking.NaturalRanking:resolveTie:335, 0.0
org.apache.commons.math.stat.ranking.NaturalRanking:resolveTie:336, 0.0
org.apache.commons.math.linear.BlockRealMatrix:setColumnMatrix:1053, 0.0
org.apache.commons.math.linear.BlockRealMatrix:setColumnMatrix:1052, 0.0
org.apache.commons.math.linear.BlockRealMatrix:getColumnMatrix:995, 0.0
org.apache.commons.math.linear.BlockRealMatrix:getColumnMatrix:994, 0.0
org.apache.commons.math.linear.BlockRealMatrix:setRowMatrix:963, 0.0
org.apache.commons.math.linear.BlockRealMatrix:setRowMatrix:962, 0.0
org.apache.commons.math.linear.BlockRealMatrix:setRowMatrix:965, 0.0
org.apache.commons.math.linear.BlockRealMatrix:setRowMatrix:964, 0.0
org.apache.commons.math.linear.BlockRealMatrix:getRowMatrix:903, 0.0
org.apache.commons.math.linear.BlockRealMatrix:getRowMatrix:902, 0.0
org.apache.commons.math.linear.BlockRealMatrix:getRowMatrix:905, 0.0
org.apache.commons.math.linear.BlockRealMatrix:getRowMatrix:904, 0.0
org.apache.commons.math.linear.BlockRealMatrix:preMultiply:1427, 0.0
org.apache.commons.math.linear.BlockRealMatrix:preMultiply:1432, 0.0
org.apache.commons.math.linear.BlockRealMatrix:preMultiply:1431, 0.0
org.apache.commons.math.linear.AbstractRealMatrix:walkInColumnOrder:903, 0.0
org.apache.commons.math.linear.BlockRealMatrix:walkInRowOrder:1509, 0.0
org.apache.commons.math.linear.BlockRealMatrix:walkInRowOrder:1481, 0.0
org.apache.commons.math.linear.BlockRealMatrix:walkInRowOrder:1453, 0.0
org.apache.commons.math.linear.BlockRealMatrix:walkInRowOrder:1455, 0.0
org.apache.commons.math.linear.BlockRealMatrix:walkInRowOrder:1454, 0.0
org.apache.commons.math.linear.AbstractRealMatrix:walkInColumnOrder:904, 0.0
org.apache.commons.math.linear.BlockRealMatrix:walkInRowOrder:1510, 0.0
org.apache.commons.math.linear.BlockRealMatrix:walkInRowOrder:1487, 0.0
org.apache.commons.math.linear.BlockRealMatrix:walkInRowOrder:1488, 0.0
org.apache.commons.math.linear.BlockRealMatrix:walkInRowOrder:1489, 0.0
org.apache.commons.math.linear.BlockRealMatrix:walkInRowOrder:1554, 0.0
org.apache.commons.math.linear.BlockRealMatrix:walkInRowOrder:1452, 0.0
org.apache.commons.math.linear.BlockRealMatrix:walkInOptimizedOrder:1617, 0.0
org.apache.commons.math.linear.BlockRealMatrix:walkInRowOrder:1456, 0.0
org.apache.commons.math.linear.AbstractRealMatrix:walkInColumnOrder:907, 0.0
org.apache.commons.math.linear.AbstractRealMatrix:walkInColumnOrder:891, 0.0
org.apache.commons.math.linear.AbstractRealMatrix:walkInColumnOrder:890, 0.0
org.apache.commons.math.linear.BlockRealMatrix:walkInOptimizedOrder:1616, 0.0
org.apache.commons.math.linear.BlockRealMatrix:walkInOptimizedOrder:1615, 0.0
org.apache.commons.math.linear.BlockRealMatrix:walkInRowOrder:1486, 0.0
org.apache.commons.math.linear.BlockRealMatrix:walkInRowOrder:1485, 0.0
org.apache.commons.math.linear.BlockRealMatrix:walkInRowOrder:1484, 0.0
org.apache.commons.math.linear.BlockRealMatrix:walkInRowOrder:1483, 0.0
org.apache.commons.math.linear.BlockRealMatrix:walkInRowOrder:1482, 0.0
org.apache.commons.math.linear.BlockRealMatrix:walkInRowOrder:1511, 0.0
org.apache.commons.math.linear.BlockRealMatrix:walkInRowOrder:1517, 0.0
org.apache.commons.math.linear.BlockRealMatrix:walkInRowOrder:1516, 0.0
org.apache.commons.math.linear.BlockRealMatrix:walkInRowOrder:1513, 0.0
org.apache.commons.math.linear.BlockRealMatrix:walkInRowOrder:1512, 0.0
org.apache.commons.math.linear.BlockRealMatrix:walkInRowOrder:1515, 0.0
org.apache.commons.math.linear.BlockRealMatrix:walkInRowOrder:1514, 0.0
org.apache.commons.math.linear.AbstractRealMatrix:walkInColumnOrder:902, 0.0
org.apache.commons.math.linear.AbstractRealMatrix:walkInColumnOrder:883, 0.0
org.apache.commons.math.linear.BlockRealMatrix:walkInRowOrder:1533, 0.0
org.apache.commons.math.linear.BlockRealMatrix:walkInRowOrder:1534, 0.0
org.apache.commons.math.linear.BlockRealMatrix:walkInRowOrder:1535, 0.0
org.apache.commons.math.linear.BlockRealMatrix:walkInRowOrder:1457, 0.0
org.apache.commons.math.linear.BlockRealMatrix:walkInRowOrder:1458, 0.0
org.apache.commons.math.linear.BlockRealMatrix:walkInRowOrder:1459, 0.0
org.apache.commons.math.linear.BlockRealMatrix:walkInRowOrder:1460, 0.0
org.apache.commons.math.linear.BlockRealMatrix:walkInRowOrder:1461, 0.0
org.apache.commons.math.linear.BlockRealMatrix:walkInRowOrder:1462, 0.0
org.apache.commons.math.linear.BlockRealMatrix:walkInRowOrder:1519, 0.0
org.apache.commons.math.linear.BlockRealMatrix:walkInRowOrder:1518, 0.0
org.apache.commons.math.linear.BlockRealMatrix:walkInOptimizedOrder:1636, 0.0
org.apache.commons.math.linear.BlockRealMatrix:walkInRowOrder:1480, 0.0
org.apache.commons.math.linear.BlockRealMatrix:walkInRowOrder:1536, 0.0
org.apache.commons.math.linear.BlockRealMatrix:walkInRowOrder:1537, 0.0
org.apache.commons.math.linear.BlockRealMatrix:walkInRowOrder:1538, 0.0
org.apache.commons.math.linear.BlockRealMatrix:walkInRowOrder:1539, 0.0
org.apache.commons.math.linear.BlockRealMatrix:walkInRowOrder:1464, 0.0
org.apache.commons.math.linear.BlockRealMatrix:walkInRowOrder:1463, 0.0
org.apache.commons.math.linear.BlockRealMatrix:walkInRowOrder:1479, 0.0
org.apache.commons.math.linear.BlockRealMatrix:walkInRowOrder:1478, 0.0
org.apache.commons.math.linear.AbstractRealMatrix:walkInColumnOrder:900, 0.0
org.apache.commons.math.linear.AbstractRealMatrix:walkInColumnOrder:899, 0.0
org.apache.commons.math.linear.BlockRealMatrix:walkInRowOrder:1505, 0.0
org.apache.commons.math.linear.BlockRealMatrix:walkInOptimizedOrder:1629, 0.0
org.apache.commons.math.linear.BlockRealMatrix:walkInOptimizedOrder:1628, 0.0
org.apache.commons.math.linear.BlockRealMatrix:walkInRowOrder:1540, 0.0
org.apache.commons.math.linear.BlockRealMatrix:walkInRowOrder:1524, 0.0
org.apache.commons.math.linear.BlockRealMatrix:walkInOptimizedOrder:1631, 0.0
org.apache.commons.math.linear.BlockRealMatrix:walkInOptimizedOrder:1630, 0.0
org.apache.commons.math.linear.AbstractRealMatrix:walkInColumnOrder:884, 0.0
org.apache.commons.math.linear.BlockRealMatrix:walkInRowOrder:1547, 0.0
org.apache.commons.math.linear.BlockRealMatrix:walkInOptimizedOrder:1627, 0.0
org.apache.commons.math.linear.BlockRealMatrix:walkInRowOrder:1469, 0.0
org.apache.commons.math.linear.BlockRealMatrix:walkInOptimizedOrder:1621, 0.0
org.apache.commons.math.linear.BlockRealMatrix:walkInRowOrder:1544, 0.0
org.apache.commons.math.linear.BlockRealMatrix:walkInRowOrder:1545, 0.0
org.apache.commons.math.linear.BlockRealMatrix:walkInRowOrder:1546, 0.0
org.apache.commons.math.linear.BlockRealMatrix:walkInRowOrder:1541, 0.0
org.apache.commons.math.linear.BlockRealMatrix:walkInRowOrder:1542, 0.0
org.apache.commons.math.linear.BlockRealMatrix:walkInRowOrder:1543, 0.0
org.apache.commons.math.linear.AbstractRealMatrix:walkInColumnOrder:885, 0.0
org.apache.commons.math.linear.AbstractRealMatrix:walkInColumnOrder:887, 0.0
org.apache.commons.math.linear.AbstractRealMatrix:walkInColumnOrder:886, 0.0
org.apache.commons.math.linear.AbstractRealMatrix:walkInColumnOrder:858, 0.0
org.apache.commons.math.linear.AbstractRealMatrix:walkInColumnOrder:857, 0.0
org.apache.commons.math.linear.AbstractRealMatrix:walkInColumnOrder:850, 0.0
org.apache.commons.math.linear.AbstractRealMatrix:walkInColumnOrder:849, 0.0
org.apache.commons.math.linear.AbstractRealMatrix:walkInColumnOrder:848, 0.0
org.apache.commons.math.linear.AbstractRealMatrix:walkInColumnOrder:847, 0.0
org.apache.commons.math.linear.BlockRealMatrix:walkInRowOrder:1503, 0.0
org.apache.commons.math.linear.BlockRealMatrix:walkInRowOrder:1504, 0.0
org.apache.commons.math.linear.BlockRealMatrix:walkInOptimizedOrder:1619, 0.0
org.apache.commons.math.linear.BlockRealMatrix:walkInOptimizedOrder:1618, 0.0
org.apache.commons.math.linear.BlockRealMatrix:walkInOptimizedOrder:1620, 0.0
org.apache.commons.math.linear.BlockRealMatrix:walkInRowOrder:1548, 0.0
org.apache.commons.math.linear.BlockRealMatrix:walkInRowOrder:1549, 0.0
org.apache.commons.math.linear.BlockRealMatrix:walkInRowOrder:1494, 0.0
org.apache.commons.math.linear.BlockRealMatrix:walkInRowOrder:1477, 0.0
org.apache.commons.math.linear.BlockRealMatrix:walkInRowOrder:1476, 0.0
org.apache.commons.math.linear.AbstractRealMatrix:walkInColumnOrder:851, 0.0
org.apache.commons.math.linear.AbstractRealMatrix:walkInColumnOrder:854, 0.0
org.apache.commons.math.linear.AbstractRealMatrix:walkInColumnOrder:853, 0.0
org.apache.commons.math.linear.AbstractRealMatrix:walkInColumnOrder:852, 0.0
org.apache.commons.math.linear.BlockRealMatrix:walkInRowOrder:1508, 0.0
org.apache.commons.math.linear.BlockRealMatrix:walkInRowOrder:1507, 0.0
org.apache.commons.math.linear.BlockRealMatrix:walkInRowOrder:1506, 0.0
org.apache.commons.math.linear.BlockRealMatrix:walkInOptimizedOrder:1625, 0.0
org.apache.commons.math.linear.BlockRealMatrix:walkInOptimizedOrder:1624, 0.0
org.apache.commons.math.linear.BlockRealMatrix:walkInOptimizedOrder:1626, 0.0
org.apache.commons.math.linear.BlockRealMatrix:walkInOptimizedOrder:1623, 0.0
org.apache.commons.math.linear.BlockRealMatrix:walkInOptimizedOrder:1622, 0.0
org.apache.commons.math.linear.BlockRealMatrix:walkInRowOrder:1451, 0.0
org.apache.commons.math.linear.AbstractRealMatrix:walkInColumnOrder:881, 0.0
org.apache.commons.math.linear.AbstractRealMatrix:walkInColumnOrder:880, 0.0
org.apache.commons.math.linear.AbstractRealMatrix:subtract:106, 0.0
org.apache.commons.math.linear.AbstractRealMatrix:subtract:105, 0.0
org.apache.commons.math.linear.AbstractRealMatrix:subtract:104, 0.0
org.apache.commons.math.linear.AbstractRealMatrix:subtract:110, 0.0
org.apache.commons.math.linear.Array2DRowRealMatrix:subtract:237, 0.0
org.apache.commons.math.linear.Array2DRowRealMatrix:subtract:236, 0.0
org.apache.commons.math.linear.AbstractRealMatrix:subtract:102, 0.0
org.apache.commons.math.linear.AbstractRealMatrix:subtract:103, 0.0
org.apache.commons.math.linear.AbstractRealMatrix:subtract:101, 0.0
org.apache.commons.math.linear.AbstractRealMatrix:subtract:99, 0.0
org.apache.commons.math.estimation.AbstractEstimator:getJacobianEvaluations:118, 0.0
org.apache.commons.math.linear.Array2DRowRealMatrix:copy:187, 0.0
org.apache.commons.math.linear.AbstractRealMatrix:scalarAdd:120, 0.0
org.apache.commons.math.linear.AbstractRealMatrix:scalarAdd:119, 0.0
org.apache.commons.math.linear.AbstractRealMatrix:scalarAdd:118, 0.0
org.apache.commons.math.linear.AbstractRealMatrix:scalarAdd:117, 0.0
org.apache.commons.math.linear.AbstractRealMatrix:scalarAdd:122, 0.0
org.apache.commons.math.linear.AbstractRealMatrix:scalarAdd:121, 0.0
org.apache.commons.math.linear.AbstractRealMatrix:scalarAdd:126, 0.0
org.apache.commons.math.linear.AbstractRealMatrix:setColumnMatrix:464, 0.0
org.apache.commons.math.linear.AbstractRealMatrix:setRowMatrix:439, 0.0
org.apache.commons.math.linear.AbstractRealMatrix:setRowMatrix:431, 0.0
org.apache.commons.math.linear.AbstractRealMatrix:setRowMatrix:435, 0.0
org.apache.commons.math.linear.AbstractRealMatrix:setRowMatrix:427, 0.0
org.apache.commons.math.linear.AbstractRealMatrix:setRowMatrix:429, 0.0
org.apache.commons.math.linear.AbstractRealMatrix:setRowMatrix:428, 0.0
org.apache.commons.math.linear.AbstractRealMatrix:setRowMatrix:436, 0.0
org.apache.commons.math.linear.Array2DRowRealMatrix:walkInColumnOrder:602, 0.0
org.apache.commons.math.linear.Array2DRowRealMatrix:walkInColumnOrder:551, 0.0
org.apache.commons.math.linear.Array2DRowRealMatrix:walkInRowOrder:518, 0.0
org.apache.commons.math.linear.Array2DRowRealMatrix:walkInRowOrder:519, 0.0
org.apache.commons.math.linear.Array2DRowRealMatrix:walkInColumnOrder:584, 0.0
org.apache.commons.math.linear.Array2DRowRealMatrix:walkInColumnOrder:581, 0.0
org.apache.commons.math.linear.Array2DRowRealMatrix:walkInColumnOrder:582, 0.0
org.apache.commons.math.linear.Array2DRowRealMatrix:walkInColumnOrder:552, 0.0
org.apache.commons.math.linear.Array2DRowRealMatrix:walkInColumnOrder:600, 0.0
org.apache.commons.math.linear.Array2DRowRealMatrix:walkInColumnOrder:599, 0.0
org.apache.commons.math.linear.Array2DRowRealMatrix:walkInColumnOrder:603, 0.0
org.apache.commons.math.linear.Array2DRowRealMatrix:walkInRowOrder:517, 0.0
org.apache.commons.math.linear.Array2DRowRealMatrix:walkInRowOrder:514, 0.0
org.apache.commons.math.linear.Array2DRowRealMatrix:walkInRowOrder:515, 0.0
org.apache.commons.math.linear.Array2DRowRealMatrix:walkInColumnOrder:585, 0.0
org.apache.commons.math.linear.Array2DRowRealMatrix:walkInColumnOrder:554, 0.0
org.apache.commons.math.linear.Array2DRowRealMatrix:walkInColumnOrder:553, 0.0
org.apache.commons.math.linear.Array2DRowRealMatrix:walkInColumnOrder:586, 0.0
org.apache.commons.math.linear.Array2DRowRealMatrix:walkInColumnOrder:587, 0.0
org.apache.commons.math.linear.Array2DRowRealMatrix:walkInColumnOrder:604, 0.0
org.apache.commons.math.linear.Array2DRowRealMatrix:walkInRowOrder:523, 0.0
org.apache.commons.math.linear.AbstractRealMatrix:walkInOptimizedOrder:927, 0.0
org.apache.commons.math.linear.Array2DRowRealMatrix:walkInColumnOrder:590, 0.0
org.apache.commons.math.linear.Array2DRowRealMatrix:walkInColumnOrder:557, 0.0
org.apache.commons.math.linear.Array2DRowRealMatrix:walkInColumnOrder:607, 0.0
org.apache.commons.math.linear.Array2DRowRealMatrix:walkInColumnOrder:550, 0.0
org.apache.commons.math.linear.Array2DRowRealMatrix:walkInColumnOrder:548, 0.0
org.apache.commons.math.linear.Array2DRowRealMatrix:walkInColumnOrder:549, 0.0
org.apache.commons.math.linear.Array2DRowRealMatrix:walkInRowOrder:520, 0.0
org.apache.commons.math.linear.BiDiagonalTransformer:getU:107, 0.0
org.apache.commons.math.linear.BiDiagonalTransformer:getV:186, 0.0
org.apache.commons.math.linear.BiDiagonalTransformer:getV:187, 0.0
org.apache.commons.math.linear.BiDiagonalTransformer:getV:185, 0.0
org.apache.commons.math.linear.BiDiagonalTransformer:transformToUpperBiDiagonal:272, 0.0
org.apache.commons.math.linear.BiDiagonalTransformer:transformToUpperBiDiagonal:271, 0.0
org.apache.commons.math.linear.BiDiagonalTransformer:transformToUpperBiDiagonal:293, 0.0
org.apache.commons.math.linear.BiDiagonalTransformer:transformToLowerBiDiagonal:369, 0.0
org.apache.commons.math.linear.BiDiagonalTransformer:transformToLowerBiDiagonal:368, 0.0
org.apache.commons.math.linear.BiDiagonalTransformer:transformToLowerBiDiagonal:370, 0.0
org.apache.commons.math.linear.BiDiagonalTransformer:transformToLowerBiDiagonal:330, 0.0
org.apache.commons.math.linear.BiDiagonalTransformer:transformToLowerBiDiagonal:328, 0.0
org.apache.commons.math.linear.BiDiagonalTransformer:transformToLowerBiDiagonal:329, 0.0
org.apache.commons.math.linear.BiDiagonalTransformer:getV:188, 0.0
org.apache.commons.math.linear.BiDiagonalTransformer:transformToUpperBiDiagonal:270, 0.0
org.apache.commons.math.linear.BiDiagonalTransformer:transformToUpperBiDiagonal:268, 0.0
org.apache.commons.math.linear.BiDiagonalTransformer:transformToUpperBiDiagonal:269, 0.0
org.apache.commons.math.linear.BiDiagonalTransformer:transformToLowerBiDiagonal:332, 0.0
org.apache.commons.math.linear.BiDiagonalTransformer:transformToLowerBiDiagonal:361, 0.0
org.apache.commons.math.linear.BiDiagonalTransformer:getU:103, 0.0
org.apache.commons.math.linear.BiDiagonalTransformer:getV:184, 0.0
org.apache.commons.math.linear.BiDiagonalTransformer:transformToLowerBiDiagonal:323, 0.0
org.apache.commons.math.linear.BiDiagonalTransformer:getU:106, 0.0
org.apache.commons.math.linear.BiDiagonalTransformer:getU:104, 0.0
org.apache.commons.math.linear.BiDiagonalTransformer:getU:105, 0.0
org.apache.commons.math.linear.BiDiagonalTransformer:transformToUpperBiDiagonal:294, 0.0
org.apache.commons.math.linear.BiDiagonalTransformer:transformToUpperBiDiagonal:295, 0.0
org.apache.commons.math.linear.BiDiagonalTransformer:transformToLowerBiDiagonal:377, 0.0
org.apache.commons.math.linear.BiDiagonalTransformer:getU:110, 0.0
org.apache.commons.math.linear.BiDiagonalTransformer:getU:109, 0.0
org.apache.commons.math.linear.BiDiagonalTransformer:getV:190, 0.0
org.apache.commons.math.linear.BiDiagonalTransformer:transformToLowerBiDiagonal:362, 0.0
org.apache.commons.math.linear.BiDiagonalTransformer:transformToLowerBiDiagonal:363, 0.0
org.apache.commons.math.linear.BiDiagonalTransformer:getU:93, 0.0
org.apache.commons.math.linear.BiDiagonalTransformer:getU:92, 0.0
org.apache.commons.math.linear.BiDiagonalTransformer:getU:91, 0.0
org.apache.commons.math.linear.BiDiagonalTransformer:getU:90, 0.0
org.apache.commons.math.linear.BiDiagonalTransformer:getV:169, 0.0
org.apache.commons.math.linear.BiDiagonalTransformer:transformToLowerBiDiagonal:334, 0.0
org.apache.commons.math.linear.BiDiagonalTransformer:transformToLowerBiDiagonal:333, 0.0
org.apache.commons.math.linear.BiDiagonalTransformer:transformToUpperBiDiagonal:296, 0.0
org.apache.commons.math.linear.BiDiagonalTransformer:transformToUpperBiDiagonal:297, 0.0
org.apache.commons.math.linear.BiDiagonalTransformer:transformToUpperBiDiagonal:275, 0.0
org.apache.commons.math.linear.BiDiagonalTransformer:transformToUpperBiDiagonal:274, 0.0
org.apache.commons.math.linear.BiDiagonalTransformer:transformToUpperBiDiagonal:276, 0.0
org.apache.commons.math.linear.BiDiagonalTransformer:getU:114, 0.0
org.apache.commons.math.linear.BiDiagonalTransformer:getU:112, 0.0
org.apache.commons.math.linear.BiDiagonalTransformer:getV:191, 0.0
org.apache.commons.math.linear.BiDiagonalTransformer:transformToUpperBiDiagonal:298, 0.0
org.apache.commons.math.linear.BiDiagonalTransformer:transformToUpperBiDiagonal:299, 0.0
org.apache.commons.math.linear.BiDiagonalTransformer:transformToUpperBiDiagonal:300, 0.0
org.apache.commons.math.linear.BiDiagonalTransformer:getU:88, 0.0
org.apache.commons.math.linear.BiDiagonalTransformer:transformToLowerBiDiagonal:364, 0.0
org.apache.commons.math.linear.BiDiagonalTransformer:transformToLowerBiDiagonal:365, 0.0
org.apache.commons.math.linear.BiDiagonalTransformer:transformToLowerBiDiagonal:335, 0.0
org.apache.commons.math.linear.BiDiagonalTransformer:transformToLowerBiDiagonal:336, 0.0
org.apache.commons.math.linear.BiDiagonalTransformer:transformToUpperBiDiagonal:273, 0.0
org.apache.commons.math.linear.BiDiagonalTransformer:getU:108, 0.0
org.apache.commons.math.linear.BiDiagonalTransformer:transformToLowerBiDiagonal:367, 0.0
org.apache.commons.math.linear.BiDiagonalTransformer:transformToUpperBiDiagonal:301, 0.0
org.apache.commons.math.linear.BiDiagonalTransformer:getV:189, 0.0
org.apache.commons.math.linear.BiDiagonalTransformer:transformToLowerBiDiagonal:339, 0.0
org.apache.commons.math.linear.BiDiagonalTransformer:transformToLowerBiDiagonal:338, 0.0
org.apache.commons.math.linear.BiDiagonalTransformer:transformToLowerBiDiagonal:337, 0.0
org.apache.commons.math.linear.BiDiagonalTransformer:getU:94, 0.0
org.apache.commons.math.linear.BiDiagonalTransformer:getV:174, 0.0
org.apache.commons.math.linear.BiDiagonalTransformer:getU:115, 0.0
org.apache.commons.math.linear.BiDiagonalTransformer:getV:195, 0.0
org.apache.commons.math.linear.BiDiagonalTransformer:transformToUpperBiDiagonal:258, 0.0
org.apache.commons.math.linear.BiDiagonalTransformer:transformToUpperBiDiagonal:259, 0.0
org.apache.commons.math.linear.BiDiagonalTransformer:transformToUpperBiDiagonal:257, 0.0
org.apache.commons.math.linear.BiDiagonalTransformer:transformToLowerBiDiagonal:357, 0.0
org.apache.commons.math.linear.BiDiagonalTransformer:getB:145, 0.0
org.apache.commons.math.linear.BiDiagonalTransformer:getB:142, 0.0
org.apache.commons.math.linear.BiDiagonalTransformer:transformToUpperBiDiagonal:304, 0.0
org.apache.commons.math.linear.BiDiagonalTransformer:transformToUpperBiDiagonal:303, 0.0
org.apache.commons.math.linear.BiDiagonalTransformer:transformToUpperBiDiagonal:281, 0.0
org.apache.commons.math.linear.BiDiagonalTransformer:transformToUpperBiDiagonal:280, 0.0
org.apache.commons.math.linear.BiDiagonalTransformer:transformToUpperBiDiagonal:279, 0.0
org.apache.commons.math.linear.BiDiagonalTransformer:getV:175, 0.0
org.apache.commons.math.linear.BiDiagonalTransformer:transformToLowerBiDiagonal:358, 0.0
org.apache.commons.math.linear.BiDiagonalTransformer:transformToLowerBiDiagonal:359, 0.0
org.apache.commons.math.linear.BiDiagonalTransformer:getV:193, 0.0
org.apache.commons.math.linear.BiDiagonalTransformer:transformToLowerBiDiagonal:340, 0.0
org.apache.commons.math.linear.BiDiagonalTransformer:getB:144, 0.0
org.apache.commons.math.linear.BiDiagonalTransformer:getB:143, 0.0
org.apache.commons.math.linear.BiDiagonalTransformer:getB:150, 0.0
org.apache.commons.math.linear.BiDiagonalTransformer:getV:171, 0.0
org.apache.commons.math.linear.BiDiagonalTransformer:getV:173, 0.0
org.apache.commons.math.linear.BiDiagonalTransformer:getV:172, 0.0
org.apache.commons.math.linear.BiDiagonalTransformer:transformToLowerBiDiagonal:360, 0.0
org.apache.commons.math.linear.BiDiagonalTransformer:transformToLowerBiDiagonal:343, 0.0
org.apache.commons.math.linear.BiDiagonalTransformer:transformToLowerBiDiagonal:342, 0.0
org.apache.commons.math.linear.BiDiagonalTransformer:transformToUpperBiDiagonal:305, 0.0
org.apache.commons.math.linear.BiDiagonalTransformer:getB:149, 0.0
org.apache.commons.math.linear.BiDiagonalTransformer:transformToUpperBiDiagonal:278, 0.0
org.apache.commons.math.linear.BiDiagonalTransformer:getV:196, 0.0
org.apache.commons.math.linear.BiDiagonalTransformer:<init>:79, 0.0
org.apache.commons.math.linear.BiDiagonalTransformer:getB:146, 0.0
org.apache.commons.math.linear.BiDiagonalTransformer:getB:139, 0.0
org.apache.commons.math.linear.BiDiagonalTransformer:getB:141, 0.0
org.apache.commons.math.linear.BiDiagonalTransformer:getB:140, 0.0
org.apache.commons.math.linear.BiDiagonalTransformer:getV:201, 0.0
org.apache.commons.math.linear.BiDiagonalTransformer:getU:121, 0.0
org.apache.commons.math.linear.BiDiagonalTransformer:transformToUpperBiDiagonal:289, 0.0
org.apache.commons.math.linear.BiDiagonalTransformer:transformToUpperBiDiagonal:290, 0.0
org.apache.commons.math.linear.BiDiagonalTransformer:transformToUpperBiDiagonal:291, 0.0
org.apache.commons.math.linear.BiDiagonalTransformer:transformToLowerBiDiagonal:344, 0.0
org.apache.commons.math.linear.BiDiagonalTransformer:transformToLowerBiDiagonal:353, 0.0
org.apache.commons.math.linear.BiDiagonalTransformer:transformToUpperBiDiagonal:264, 0.0
org.apache.commons.math.linear.BiDiagonalTransformer:transformToUpperBiDiagonal:265, 0.0
org.apache.commons.math.linear.BiDiagonalTransformer:transformToUpperBiDiagonal:263, 0.0
org.apache.commons.math.linear.BiDiagonalTransformer:<init>:76, 0.0
org.apache.commons.math.linear.BiDiagonalTransformer:getV:179, 0.0
org.apache.commons.math.linear.BiDiagonalTransformer:getU:98, 0.0
org.apache.commons.math.linear.BiDiagonalTransformer:getU:99, 0.0
org.apache.commons.math.linear.BiDiagonalTransformer:getB:137, 0.0
org.apache.commons.math.linear.BiDiagonalTransformer:getU:120, 0.0
org.apache.commons.math.linear.BiDiagonalTransformer:transformToLowerBiDiagonal:322, 0.0
org.apache.commons.math.linear.BiDiagonalTransformer:transformToLowerBiDiagonal:321, 0.0
org.apache.commons.math.linear.BiDiagonalTransformer:transformToUpperBiDiagonal:267, 0.0
org.apache.commons.math.linear.BiDiagonalTransformer:<init>:74, 0.0
org.apache.commons.math.linear.BiDiagonalTransformer:transformToUpperBiDiagonal:312, 0.0
org.apache.commons.math.linear.BiDiagonalTransformer:getV:180, 0.0
org.apache.commons.math.linear.BiDiagonalTransformer:transformToLowerBiDiagonal:354, 0.0
org.apache.commons.math.linear.BiDiagonalTransformer:transformToLowerBiDiagonal:355, 0.0
org.apache.commons.math.linear.BiDiagonalTransformer:getV:208, 0.0
org.apache.commons.math.linear.BiDiagonalTransformer:transformToUpperBiDiagonal:288, 0.0
org.apache.commons.math.linear.BiDiagonalTransformer:transformToLowerBiDiagonal:349, 0.0
org.apache.commons.math.linear.BiDiagonalTransformer:transformToUpperBiDiagonal:262, 0.0
org.apache.commons.math.linear.BiDiagonalTransformer:getU:95, 0.0
org.apache.commons.math.linear.BiDiagonalTransformer:<init>:68, 0.0
org.apache.commons.math.linear.BiDiagonalTransformer:<init>:69, 0.0
org.apache.commons.math.linear.BiDiagonalTransformer:<init>:70, 0.0
org.apache.commons.math.linear.BiDiagonalTransformer:<init>:64, 0.0
org.apache.commons.math.linear.BiDiagonalTransformer:<init>:65, 0.0
org.apache.commons.math.linear.BiDiagonalTransformer:<init>:66, 0.0
org.apache.commons.math.linear.BiDiagonalTransformer:<init>:67, 0.0
org.apache.commons.math.linear.BiDiagonalTransformer:<init>:63, 0.0
org.apache.commons.math.linear.BiDiagonalTransformer:<init>:73, 0.0
org.apache.commons.math.linear.BiDiagonalTransformer:<init>:62, 0.0
org.apache.commons.math.linear.BiDiagonalTransformer:<init>:60, 0.0
org.apache.commons.math.linear.BiDiagonalTransformer:transformToLowerBiDiagonal:326, 0.0
org.apache.commons.math.linear.BiDiagonalTransformer:transformToLowerBiDiagonal:327, 0.0
org.apache.commons.math.linear.BiDiagonalTransformer:getV:202, 0.0
org.apache.commons.math.linear.BiDiagonalTransformer:getU:127, 0.0
org.apache.commons.math.linear.BiDiagonalTransformer:getB:158, 0.0
org.apache.commons.math.linear.BiDiagonalTransformer:transformToUpperBiDiagonal:286, 0.0
org.apache.commons.math.linear.BiDiagonalTransformer:transformToLowerBiDiagonal:351, 0.0
org.apache.commons.math.linear.BiDiagonalTransformer:transformToLowerBiDiagonal:352, 0.0
org.apache.commons.math.linear.BiDiagonalTransformer:getV:176, 0.0
org.apache.commons.math.linear.BiDiagonalTransformer:isUpperBiDiagonal:247, 0.0
org.apache.commons.math.linear.CholeskyDecompositionImpl:getLT:169, 0.0
org.apache.commons.math.linear.CholeskyDecompositionImpl:getL:156, 0.0
org.apache.commons.math.linear.CholeskyDecompositionImpl:getL:155, 0.0
org.apache.commons.math.linear.CholeskyDecompositionImpl:getLT:165, 0.0
org.apache.commons.math.linear.CholeskyDecompositionImpl:getL:158, 0.0
org.apache.commons.math.linear.CholeskyDecompositionImpl:getLT:164, 0.0
org.apache.commons.math.linear.LUDecompositionImpl:getU:186, 0.0
org.apache.commons.math.linear.LUDecompositionImpl:getU:187, 0.0
org.apache.commons.math.linear.LUDecompositionImpl:getU:185, 0.0
org.apache.commons.math.linear.LUDecompositionImpl:getL:171, 0.0
org.apache.commons.math.linear.LUDecompositionImpl:getL:173, 0.0
org.apache.commons.math.linear.LUDecompositionImpl:getL:172, 0.0
org.apache.commons.math.linear.LUDecompositionImpl:getP:199, 0.0
org.apache.commons.math.linear.LUDecompositionImpl:getL:168, 0.0
org.apache.commons.math.linear.LUDecompositionImpl:getU:184, 0.0
org.apache.commons.math.linear.LUDecompositionImpl:getP:206, 0.0
org.apache.commons.math.linear.LUDecompositionImpl:getU:194, 0.0
org.apache.commons.math.linear.LUDecompositionImpl:getL:170, 0.0
org.apache.commons.math.linear.LUDecompositionImpl:getL:169, 0.0
org.apache.commons.math.linear.LUDecompositionImpl:getU:190, 0.0
org.apache.commons.math.linear.LUDecompositionImpl:getU:189, 0.0
org.apache.commons.math.linear.LUDecompositionImpl:getL:176, 0.0
org.apache.commons.math.linear.LUDecompositionImpl:getP:202, 0.0
org.apache.commons.math.linear.LUDecompositionImpl:getL:179, 0.0
org.apache.commons.math.linear.LUDecompositionImpl:getP:203, 0.0
org.apache.commons.math.linear.LUDecompositionImpl:getU:188, 0.0
org.apache.commons.math.linear.LUDecompositionImpl:getP:201, 0.0
org.apache.commons.math.linear.LUDecompositionImpl:getP:200, 0.0
org.apache.commons.math.linear.LUDecompositionImpl:getL:174, 0.0
org.apache.commons.math.linear.LUDecompositionImpl:getPivot:211, 0.0
org.apache.commons.math.linear.LUDecompositionImpl$Solver:isNonSingular:259, 0.0
org.apache.commons.math.linear.RealMatrixImpl:walkInRowOrder:487, 0.0
org.apache.commons.math.linear.RealMatrixImpl:walkInRowOrder:489, 0.0
org.apache.commons.math.linear.RealMatrixImpl:walkInRowOrder:488, 0.0
org.apache.commons.math.linear.RealMatrixImpl:copyOut:610, 0.0
org.apache.commons.math.linear.RealMatrixImpl:copy:168, 0.0
org.apache.commons.math.linear.RealMatrixImpl:walkInRowOrder:493, 0.0
org.apache.commons.math.linear.RealMatrixImpl:copyOut:608, 0.0
org.apache.commons.math.linear.RealMatrixImpl:copyOut:607, 0.0
org.apache.commons.math.linear.RealMatrixImpl:walkInRowOrder:490, 0.0
org.apache.commons.math.linear.RealMatrixImpl:walkInRowOrder:485, 0.0
org.apache.commons.math.linear.RealMatrixImpl:walkInRowOrder:484, 0.0
org.apache.commons.math.linear.RealMatrixImpl:walkInRowOrder:486, 0.0
org.apache.commons.math.linear.RealMatrixImpl:copyOut:605, 0.0
org.apache.commons.math.linear.RealMatrixImpl:copyOut:604, 0.0
org.apache.commons.math.linear.RealMatrixImpl:getData:298, 0.0
org.apache.commons.math.linear.RealMatrixImpl:walkInRowOrder:477, 0.0
org.apache.commons.math.linear.RealMatrixImpl:walkInRowOrder:470, 0.0
org.apache.commons.math.linear.RealMatrixImpl:walkInRowOrder:471, 0.0
org.apache.commons.math.linear.RealMatrixImpl:walkInRowOrder:468, 0.0
org.apache.commons.math.linear.RealMatrixImpl:walkInRowOrder:469, 0.0
org.apache.commons.math.linear.RealMatrixImpl:walkInRowOrder:472, 0.0
org.apache.commons.math.linear.RealMatrixImpl:walkInRowOrder:473, 0.0
org.apache.commons.math.linear.RealMatrixImpl:walkInRowOrder:474, 0.0
org.apache.commons.math.linear.RealMatrixImpl:walkInColumnOrder:573, 0.0
org.apache.commons.math.linear.RealMatrixImpl:walkInColumnOrder:539, 0.0
org.apache.commons.math.linear.RealMatrixImpl:walkInColumnOrder:592, 0.0
org.apache.commons.math.linear.RealMatrixImpl:walkInColumnOrder:591, 0.0
org.apache.commons.math.linear.RealMatrixImpl:walkInRowOrder:524, 0.0
org.apache.commons.math.linear.RealMatrixImpl:walkInRowOrder:525, 0.0
org.apache.commons.math.linear.RealMatrixImpl:walkInColumnOrder:572, 0.0
org.apache.commons.math.linear.RealMatrixImpl:walkInRowOrder:523, 0.0
org.apache.commons.math.linear.RealMatrixImpl:walkInColumnOrder:540, 0.0
org.apache.commons.math.linear.RealMatrixImpl:walkInColumnOrder:575, 0.0
org.apache.commons.math.linear.RealMatrixImpl:walkInColumnOrder:574, 0.0
org.apache.commons.math.linear.RealMatrixImpl:walkInRowOrder:520, 0.0
org.apache.commons.math.linear.RealMatrixImpl:walkInRowOrder:521, 0.0
org.apache.commons.math.linear.RealMatrixImpl:walkInColumnOrder:595, 0.0
org.apache.commons.math.linear.RealMatrixImpl:walkInRowOrder:502, 0.0
org.apache.commons.math.linear.RealMatrixImpl:walkInRowOrder:503, 0.0
org.apache.commons.math.linear.RealMatrixImpl:walkInRowOrder:505, 0.0
org.apache.commons.math.linear.RealMatrixImpl:walkInColumnOrder:537, 0.0
org.apache.commons.math.linear.RealMatrixImpl:walkInColumnOrder:536, 0.0
org.apache.commons.math.linear.RealMatrixImpl:walkInColumnOrder:538, 0.0
org.apache.commons.math.linear.RealMatrixImpl:walkInColumnOrder:590, 0.0
org.apache.commons.math.linear.RealMatrixImpl:walkInColumnOrder:545, 0.0
org.apache.commons.math.linear.RealMatrixImpl:walkInRowOrder:529, 0.0
org.apache.commons.math.linear.RealMatrixImpl:walkInRowOrder:506, 0.0
org.apache.commons.math.linear.RealMatrixImpl:walkInRowOrder:507, 0.0
org.apache.commons.math.linear.RealMatrixImpl:walkInColumnOrder:578, 0.0
org.apache.commons.math.linear.RealMatrixImpl:walkInColumnOrder:570, 0.0
org.apache.commons.math.linear.RealMatrixImpl:walkInColumnOrder:569, 0.0
org.apache.commons.math.linear.RealMatrixImpl:walkInRowOrder:508, 0.0
org.apache.commons.math.linear.RealMatrixImpl:walkInRowOrder:526, 0.0
org.apache.commons.math.linear.RealMatrixImpl:walkInColumnOrder:587, 0.0
org.apache.commons.math.linear.RealMatrixImpl:walkInColumnOrder:588, 0.0
org.apache.commons.math.linear.RealMatrixImpl:walkInColumnOrder:541, 0.0
org.apache.commons.math.linear.RealMatrixImpl:walkInColumnOrder:542, 0.0
org.apache.commons.math.linear.RealMatrixImpl:walkInRowOrder:511, 0.0
org.apache.commons.math.linear.OpenMapRealMatrix:copy:69, 0.0
org.apache.commons.math.linear.AbstractRealMatrix:walkInRowOrder:806, 0.0
org.apache.commons.math.linear.AbstractRealMatrix:walkInRowOrder:801, 0.0
org.apache.commons.math.linear.AbstractRealMatrix:walkInRowOrder:799, 0.0
org.apache.commons.math.linear.AbstractRealMatrix:walkInRowOrder:798, 0.0
org.apache.commons.math.linear.AbstractRealMatrix:walkInRowOrder:800, 0.0
org.apache.commons.math.linear.AbstractRealMatrix:walkInRowOrder:802, 0.0
org.apache.commons.math.linear.AbstractRealMatrix:walkInRowOrder:803, 0.0
org.apache.commons.math.linear.AbstractRealMatrix:getData:184, 0.0
org.apache.commons.math.linear.AbstractRealMatrix:getData:185, 0.0
org.apache.commons.math.linear.AbstractRealMatrix:getData:182, 0.0
org.apache.commons.math.linear.AbstractRealMatrix:getData:183, 0.0
org.apache.commons.math.linear.AbstractRealMatrix:getData:189, 0.0
org.apache.commons.math.linear.AbstractRealMatrix:getData:180, 0.0
org.apache.commons.math.linear.AbstractRealMatrix:walkInRowOrder:785, 0.0
org.apache.commons.math.linear.AbstractRealMatrix:walkInRowOrder:782, 0.0
org.apache.commons.math.linear.AbstractRealMatrix:walkInRowOrder:783, 0.0
org.apache.commons.math.linear.AbstractRealMatrix:walkInRowOrder:781, 0.0
org.apache.commons.math.linear.AbstractRealMatrix:walkInRowOrder:784, 0.0
org.apache.commons.math.linear.AbstractRealMatrix:walkInRowOrder:791, 0.0
org.apache.commons.math.linear.AbstractRealMatrix:walkInRowOrder:792, 0.0
org.apache.commons.math.linear.AbstractRealMatrix:walkInRowOrder:788, 0.0
org.apache.commons.math.linear.AbstractRealMatrix:walkInRowOrder:787, 0.0
org.apache.commons.math.linear.AbstractRealMatrix:walkInRowOrder:786, 0.0
org.apache.commons.math.linear.TriDiagonalTransformer:getT:147, 0.0
org.apache.commons.math.linear.TriDiagonalTransformer:getT:149, 0.0
org.apache.commons.math.linear.TriDiagonalTransformer:getT:150, 0.0
org.apache.commons.math.linear.TriDiagonalTransformer:getT:151, 0.0
org.apache.commons.math.linear.TriDiagonalTransformer:getT:164, 0.0
org.apache.commons.math.linear.TriDiagonalTransformer:getT:156, 0.0
org.apache.commons.math.linear.TriDiagonalTransformer:getT:157, 0.0
org.apache.commons.math.linear.TriDiagonalTransformer:getT:152, 0.0
org.apache.commons.math.linear.TriDiagonalTransformer:getT:153, 0.0
org.apache.commons.math.linear.TriDiagonalTransformer:getT:154, 0.0
org.apache.commons.math.stat.descriptive.MultivariateSummaryStatistics:getStandardDeviation:242, 0.0
org.apache.commons.math.stat.descriptive.MultivariateSummaryStatistics:getStandardDeviation:243, 0.0
org.apache.commons.math.stat.descriptive.MultivariateSummaryStatistics:getStandardDeviation:253, 0.0
org.apache.commons.math.stat.descriptive.MultivariateSummaryStatistics:getStandardDeviation:245, 0.0
org.apache.commons.math.stat.descriptive.MultivariateSummaryStatistics:getStandardDeviation:244, 0.0
org.apache.commons.math.stat.descriptive.MultivariateSummaryStatistics:getStandardDeviation:248, 0.0
org.apache.commons.math.stat.descriptive.MultivariateSummaryStatistics:getStandardDeviation:249, 0.0
org.apache.commons.math.stat.descriptive.MultivariateSummaryStatistics:getStandardDeviation:246, 0.0
org.apache.commons.math.stat.descriptive.MultivariateSummaryStatistics:getStandardDeviation:250, 0.0
org.apache.commons.math.stat.descriptive.MultivariateSummaryStatistics:append:330, 0.0
org.apache.commons.math.stat.descriptive.MultivariateSummaryStatistics:append:331, 0.0
org.apache.commons.math.stat.descriptive.MultivariateSummaryStatistics:toString:307, 0.0
org.apache.commons.math.stat.descriptive.MultivariateSummaryStatistics:toString:306, 0.0
org.apache.commons.math.stat.descriptive.MultivariateSummaryStatistics:toString:309, 0.0
org.apache.commons.math.stat.descriptive.MultivariateSummaryStatistics:toString:308, 0.0
org.apache.commons.math.stat.descriptive.MultivariateSummaryStatistics:toString:311, 0.0
org.apache.commons.math.stat.descriptive.MultivariateSummaryStatistics:toString:310, 0.0
org.apache.commons.math.stat.descriptive.MultivariateSummaryStatistics:toString:313, 0.0
org.apache.commons.math.stat.descriptive.MultivariateSummaryStatistics:toString:312, 0.0
org.apache.commons.math.stat.descriptive.MultivariateSummaryStatistics:toString:315, 0.0
org.apache.commons.math.stat.descriptive.MultivariateSummaryStatistics:toString:314, 0.0
org.apache.commons.math.stat.descriptive.MultivariateSummaryStatistics:toString:317, 0.0
org.apache.commons.math.stat.descriptive.MultivariateSummaryStatistics:toString:316, 0.0
org.apache.commons.math.stat.descriptive.MultivariateSummaryStatistics:append:338, 0.0
org.apache.commons.math.stat.descriptive.MultivariateSummaryStatistics:append:337, 0.0
org.apache.commons.math.stat.descriptive.MultivariateSummaryStatistics:append:335, 0.0
org.apache.commons.math.stat.descriptive.MultivariateSummaryStatistics:append:333, 0.0
org.apache.commons.math.stat.descriptive.MultivariateSummaryStatistics:append:332, 0.0
org.apache.commons.math.stat.descriptive.SynchronizedMultivariateSummaryStatistics:getStandardDeviation:113, 0.0
org.apache.commons.math.stat.descriptive.SynchronizedMultivariateSummaryStatistics:toString:153, 0.0
org.apache.commons.math.stat.descriptive.moment.VectorialCovariance:getN:109, 0.0
org.apache.commons.math.stat.descriptive.MultivariateSummaryStatistics:getSumImpl:427, 0.0
org.apache.commons.math.stat.descriptive.MultivariateSummaryStatistics:getGeoMeanImpl:562, 0.0
org.apache.commons.math.stat.descriptive.MultivariateSummaryStatistics:setSumsqImpl:472, 0.0
org.apache.commons.math.stat.descriptive.MultivariateSummaryStatistics:setSumsqImpl:473, 0.0
org.apache.commons.math.stat.descriptive.MultivariateSummaryStatistics:setImpl:417, 0.0
org.apache.commons.math.stat.descriptive.MultivariateSummaryStatistics:setImpl:416, 0.0
org.apache.commons.math.stat.descriptive.MultivariateSummaryStatistics:setImpl:419, 0.0
org.apache.commons.math.stat.descriptive.MultivariateSummaryStatistics:setImpl:418, 0.0
org.apache.commons.math.stat.descriptive.MultivariateSummaryStatistics:getSumLogImpl:535, 0.0
org.apache.commons.math.stat.descriptive.MultivariateSummaryStatistics:checkEmpty:619, 0.0
org.apache.commons.math.stat.descriptive.MultivariateSummaryStatistics:setMaxImpl:526, 0.0
org.apache.commons.math.stat.descriptive.MultivariateSummaryStatistics:setMaxImpl:527, 0.0
org.apache.commons.math.stat.descriptive.MultivariateSummaryStatistics:getMinImpl:481, 0.0
org.apache.commons.math.stat.descriptive.MultivariateSummaryStatistics:setMinImpl:500, 0.0
org.apache.commons.math.stat.descriptive.MultivariateSummaryStatistics:setMinImpl:499, 0.0
org.apache.commons.math.stat.descriptive.MultivariateSummaryStatistics:getMeanImpl:589, 0.0
org.apache.commons.math.stat.descriptive.MultivariateSummaryStatistics:setGeoMeanImpl:580, 0.0
org.apache.commons.math.stat.descriptive.MultivariateSummaryStatistics:setGeoMeanImpl:581, 0.0
org.apache.commons.math.stat.descriptive.MultivariateSummaryStatistics:checkEmpty:614, 0.0
org.apache.commons.math.stat.descriptive.MultivariateSummaryStatistics:setMeanImpl:608, 0.0
org.apache.commons.math.stat.descriptive.MultivariateSummaryStatistics:setMeanImpl:607, 0.0
org.apache.commons.math.stat.descriptive.MultivariateSummaryStatistics:setSumImpl:445, 0.0
org.apache.commons.math.stat.descriptive.MultivariateSummaryStatistics:setSumImpl:446, 0.0
org.apache.commons.math.stat.descriptive.MultivariateSummaryStatistics:getSumsqImpl:454, 0.0
org.apache.commons.math.stat.descriptive.MultivariateSummaryStatistics:getMaxImpl:508, 0.0
org.apache.commons.math.stat.descriptive.MultivariateSummaryStatistics:setSumLogImpl:554, 0.0
org.apache.commons.math.stat.descriptive.MultivariateSummaryStatistics:setSumLogImpl:553, 0.0
org.apache.commons.math.stat.descriptive.SynchronizedMultivariateSummaryStatistics:setGeoMeanImpl:280, 0.0
org.apache.commons.math.stat.descriptive.SynchronizedMultivariateSummaryStatistics:setGeoMeanImpl:279, 0.0
org.apache.commons.math.stat.descriptive.SynchronizedMultivariateSummaryStatistics:setMeanImpl:296, 0.0
org.apache.commons.math.stat.descriptive.SynchronizedMultivariateSummaryStatistics:setMeanImpl:297, 0.0
org.apache.commons.math.stat.descriptive.SynchronizedMultivariateSummaryStatistics:setMinImpl:229, 0.0
org.apache.commons.math.stat.descriptive.SynchronizedMultivariateSummaryStatistics:setMinImpl:228, 0.0
org.apache.commons.math.stat.descriptive.SynchronizedMultivariateSummaryStatistics:setMaxImpl:246, 0.0
org.apache.commons.math.stat.descriptive.SynchronizedMultivariateSummaryStatistics:setMaxImpl:245, 0.0
org.apache.commons.math.stat.descriptive.SynchronizedMultivariateSummaryStatistics:setSumImpl:195, 0.0
org.apache.commons.math.stat.descriptive.SynchronizedMultivariateSummaryStatistics:setSumImpl:194, 0.0
org.apache.commons.math.stat.descriptive.SynchronizedMultivariateSummaryStatistics:setSumsqImpl:212, 0.0
org.apache.commons.math.stat.descriptive.SynchronizedMultivariateSummaryStatistics:setSumsqImpl:211, 0.0
org.apache.commons.math.stat.descriptive.SynchronizedMultivariateSummaryStatistics:getSumImpl:185, 0.0
org.apache.commons.math.stat.descriptive.SynchronizedMultivariateSummaryStatistics:setSumLogImpl:262, 0.0
org.apache.commons.math.stat.descriptive.SynchronizedMultivariateSummaryStatistics:setSumLogImpl:263, 0.0
org.apache.commons.math.stat.descriptive.SynchronizedMultivariateSummaryStatistics:getMinImpl:219, 0.0
org.apache.commons.math.stat.descriptive.SynchronizedMultivariateSummaryStatistics:getSumLogImpl:253, 0.0
org.apache.commons.math.stat.descriptive.SynchronizedMultivariateSummaryStatistics:getGeoMeanImpl:270, 0.0
org.apache.commons.math.stat.descriptive.SynchronizedMultivariateSummaryStatistics:getMaxImpl:236, 0.0
org.apache.commons.math.stat.descriptive.SynchronizedMultivariateSummaryStatistics:getSumsqImpl:202, 0.0
org.apache.commons.math.stat.descriptive.SynchronizedMultivariateSummaryStatistics:getMeanImpl:287, 0.0
org.apache.commons.math.stat.ranking.NaturalRanking:rank:242, 0.0
org.apache.commons.math.stat.ranking.NaturalRanking:recodeNaNs:290, 0.0
org.apache.commons.math.stat.ranking.NaturalRanking:rank:205, 0.0
org.apache.commons.math.stat.ranking.NaturalRanking:rank:204, 0.0
org.apache.commons.math.stat.ranking.NaturalRanking:<init>:119, 0.0
org.apache.commons.math.stat.ranking.NaturalRanking:<init>:118, 0.0
org.apache.commons.math.stat.ranking.NaturalRanking:<init>:117, 0.0
org.apache.commons.math.stat.ranking.NaturalRanking:<init>:116, 0.0
org.apache.commons.math.stat.ranking.NaturalRanking:<init>:115, 0.0
org.apache.commons.math.stat.ranking.NaturalRanking:getNanPositions:409, 0.0
org.apache.commons.math.stat.ranking.NaturalRanking:restoreNaNs:390, 0.0
org.apache.commons.math.stat.ranking.NaturalRanking:getNanPositions:404, 0.0
org.apache.commons.math.stat.ranking.NaturalRanking:rank:245, 0.0
org.apache.commons.math.stat.ranking.NaturalRanking:resolveTie:346, 0.0
org.apache.commons.math.stat.ranking.NaturalRanking:restoreNaNs:389, 0.0
org.apache.commons.math.stat.ranking.NaturalRanking:getNanPositions:403, 0.0
org.apache.commons.math.random.JDKRandomGenerator:setSeed:35, 0.0
org.apache.commons.math.random.JDKRandomGenerator:setSeed:36, 0.0
org.apache.commons.math.stat.ranking.NaturalRanking:rank:210, 0.0
org.apache.commons.math.stat.ranking.NaturalRanking:rank:211, 0.0
org.apache.commons.math.stat.ranking.NaturalRanking:resolveTie:345, 0.0
org.apache.commons.math.stat.ranking.NaturalRanking:resolveTie:344, 0.0
org.apache.commons.math.random.RandomDataImpl:nextLong:207, 0.0
org.apache.commons.math.random.RandomDataImpl:nextLong:206, 0.0
org.apache.commons.math.stat.ranking.NaturalRanking:getNanPositions:406, 0.0
org.apache.commons.math.stat.ranking.NaturalRanking:restoreNaNs:394, 0.0
org.apache.commons.math.stat.ranking.NaturalRanking:<init>:161, 0.0
org.apache.commons.math.stat.ranking.NaturalRanking:<init>:160, 0.0
org.apache.commons.math.stat.ranking.NaturalRanking:<init>:157, 0.0
org.apache.commons.math.stat.ranking.NaturalRanking:<init>:158, 0.0
org.apache.commons.math.stat.ranking.NaturalRanking:<init>:159, 0.0
org.apache.commons.math.stat.ranking.NaturalRanking:restoreNaNs:387, 0.0
org.apache.commons.math.stat.ranking.NaturalRanking:restoreNaNs:386, 0.0
org.apache.commons.math.stat.ranking.NaturalRanking:getNanPositions:405, 0.0
org.apache.commons.math.stat.ranking.NaturalRanking:restoreNaNs:391, 0.0
org.apache.commons.math.random.RandomDataImpl:<init>:115, 0.0
org.apache.commons.math.random.RandomDataImpl:<init>:114, 0.0
org.apache.commons.math.random.RandomDataImpl:<init>:113, 0.0
org.apache.commons.math.stat.ranking.NaturalRanking:resolveTie:347, 0.0
org.apache.commons.math.random.RandomDataImpl:nextLong:201, 0.0
org.apache.commons.math.stat.ranking.NaturalRanking:<init>:103, 0.0
org.apache.commons.math.stat.ranking.NaturalRanking:<init>:106, 0.0
org.apache.commons.math.stat.ranking.NaturalRanking:<init>:107, 0.0
org.apache.commons.math.stat.ranking.NaturalRanking:<init>:104, 0.0
org.apache.commons.math.stat.ranking.NaturalRanking:<init>:105, 0.0
org.apache.commons.math.stat.ranking.NaturalRanking:resolveTie:342, 0.0
org.apache.commons.math.stat.ranking.NaturalRanking:resolveTie:341, 0.0
org.apache.commons.math.stat.ranking.NaturalRanking:<init>:129, 0.0
org.apache.commons.math.stat.ranking.NaturalRanking:<init>:128, 0.0
org.apache.commons.math.stat.ranking.NaturalRanking:<init>:131, 0.0
org.apache.commons.math.stat.ranking.NaturalRanking:<init>:130, 0.0
org.apache.commons.math.stat.ranking.NaturalRanking:<init>:132, 0.0
org.apache.commons.math.stat.ranking.NaturalRanking:resolveTie:339, 0.0
org.apache.commons.math.stat.ranking.NaturalRanking:resolveTie:338, 0.0
org.apache.commons.math.stat.ranking.NaturalRanking:removeNaNs:264, 0.0
org.apache.commons.math.stat.ranking.NaturalRanking:containsNaNs:303, 0.0
org.apache.commons.math.stat.ranking.NaturalRanking:removeNaNs:258, 0.0
org.apache.commons.math.stat.ranking.NaturalRanking:resolveTie:357, 0.0
org.apache.commons.math.stat.ranking.NaturalRanking:removeNaNs:266, 0.0
org.apache.commons.math.stat.ranking.NaturalRanking:removeNaNs:273, 0.0
org.apache.commons.math.stat.ranking.NaturalRanking:removeNaNs:271, 0.0
org.apache.commons.math.stat.ranking.NaturalRanking:containsNaNs:308, 0.0
org.apache.commons.math.stat.ranking.NaturalRanking:removeNaNs:259, 0.0
org.apache.commons.math.stat.ranking.NaturalRanking:resolveTie:356, 0.0
org.apache.commons.math.stat.ranking.NaturalRanking:removeNaNs:263, 0.0
org.apache.commons.math.stat.ranking.NaturalRanking:containsNaNs:304, 0.0
org.apache.commons.math.stat.ranking.NaturalRanking:rank:207, 0.0
org.apache.commons.math.stat.ranking.NaturalRanking:rank:208, 0.0
org.apache.commons.math.stat.ranking.NaturalRanking:removeNaNs:262, 0.0
org.apache.commons.math.stat.ranking.NaturalRanking:removeNaNs:261, 0.0
org.apache.commons.math.stat.ranking.NaturalRanking:resolveTie:353, 0.0
org.apache.commons.math.stat.ranking.NaturalRanking:resolveTie:354, 0.0
org.apache.commons.math.stat.ranking.NaturalRanking:resolveTie:355, 0.0
org.apache.commons.math.stat.ranking.NaturalRanking:removeNaNs:267, 0.0
org.apache.commons.math.stat.ranking.NaturalRanking:removeNaNs:278, 0.0
org.apache.commons.math.stat.ranking.NaturalRanking:removeNaNs:277, 0.0
org.apache.commons.math.stat.ranking.NaturalRanking:removeNaNs:276, 0.0
org.apache.commons.math.stat.ranking.NaturalRanking:containsNaNs:305, 0.0
org.apache.commons.math.complex.Complex:log:656, 0.0
org.apache.commons.math.complex.Complex:negate:419, 0.0
org.apache.commons.math.complex.Complex:acos:468, 0.0
org.apache.commons.math.complex.Complex:log:652, 0.0
org.apache.commons.math.complex.Complex:sqrt1z:823, 0.0
org.apache.commons.math.complex.Complex:negate:415, 0.0
org.apache.commons.math.complex.Complex:acos:464, 0.0
org.apache.commons.math.complex.Complex:asin:491, 0.0
org.apache.commons.math.complex.Complex:asin:487, 0.0
org.apache.commons.math.complex.Complex:atan:514, 0.0
org.apache.commons.math.complex.Complex:atan:510, 0.0
org.apache.commons.math.util.MathUtils:sinh:1452, 0.0
org.apache.commons.math.complex.Complex:cos:545, 0.0
org.apache.commons.math.complex.Complex:cos:549, 0.0
org.apache.commons.math.util.MathUtils:cosh:402, 0.0
org.apache.commons.math.complex.Complex:cosh:579, 0.0
org.apache.commons.math.complex.Complex:cosh:583, 0.0
org.apache.commons.math.complex.Complex:exp:614, 0.0
org.apache.commons.math.complex.Complex:exp:618, 0.0
org.apache.commons.math.complex.Complex:exp:619, 0.0
org.apache.commons.math.complex.Complex:pow:681, 0.0
org.apache.commons.math.complex.Complex:pow:678, 0.0
org.apache.commons.math.complex.Complex:multiply:362, 0.0
org.apache.commons.math.complex.Complex:sin:715, 0.0
org.apache.commons.math.complex.Complex:sin:711, 0.0
org.apache.commons.math.complex.Complex:sinh:749, 0.0
org.apache.commons.math.complex.Complex:sinh:745, 0.0
org.apache.commons.math.complex.ComplexUtils:polar2Complex:67, 0.0
org.apache.commons.math.complex.Complex:tan:853, 0.0
org.apache.commons.math.complex.Complex:tan:859, 0.0
org.apache.commons.math.complex.Complex:tan:858, 0.0
org.apache.commons.math.complex.Complex:tan:857, 0.0
org.apache.commons.math.complex.Complex:tan:861, 0.0
org.apache.commons.math.complex.Complex:tanh:899, 0.0
org.apache.commons.math.complex.Complex:tanh:897, 0.0
org.apache.commons.math.complex.Complex:tanh:895, 0.0
org.apache.commons.math.complex.Complex:tanh:896, 0.0
org.apache.commons.math.complex.Complex:tanh:891, 0.0
org.apache.commons.math.distribution.AbstractDistribution:cumulativeProbability:66, 0.0
org.apache.commons.math.distribution.CauchyDistributionImpl:cumulativeProbability:90, 0.0
org.apache.commons.math.distribution.CauchyDistributionImpl:density:119, 0.0
org.apache.commons.math.distribution.CauchyDistributionImpl:density:118, 0.0
org.apache.commons.math.distribution.CauchyDistributionImpl:inverseCumulativeProbability:142, 0.0
org.apache.commons.math.distribution.CauchyDistributionImpl:inverseCumulativeProbability:145, 0.0
org.apache.commons.math.distribution.CauchyDistributionImpl:inverseCumulativeProbability:140, 0.0
org.apache.commons.math.distribution.CauchyDistributionImpl:inverseCumulativeProbability:147, 0.0
org.apache.commons.math.distribution.CauchyDistributionImpl:inverseCumulativeProbability:141, 0.0
org.apache.commons.math.distribution.CauchyDistributionImpl:inverseCumulativeProbability:143, 0.0
org.apache.commons.math.distribution.GammaDistributionImpl:density:204, 0.0
org.apache.commons.math.distribution.GammaDistributionImpl:density:203, 0.0
org.apache.commons.math.distribution.ChiSquaredDistributionImpl:density:131, 0.0
org.apache.commons.math.distribution.GammaDistributionImpl:density:215, 0.0
org.apache.commons.math.distribution.ExponentialDistributionImpl:cumulativeProbability:145, 0.0
org.apache.commons.math.distribution.ExponentialDistributionImpl:cumulativeProbability:142, 0.0
org.apache.commons.math.distribution.ExponentialDistributionImpl:cumulativeProbability:147, 0.0
org.apache.commons.math.distribution.ExponentialDistributionImpl:cumulativeProbability:143, 0.0
org.apache.commons.math.distribution.ExponentialDistributionImpl:density:122, 0.0
org.apache.commons.math.distribution.ExponentialDistributionImpl:density:119, 0.0
org.apache.commons.math.distribution.ExponentialDistributionImpl:inverseCumulativeProbability:169, 0.0
org.apache.commons.math.distribution.ExponentialDistributionImpl:inverseCumulativeProbability:175, 0.0
org.apache.commons.math.distribution.ExponentialDistributionImpl:inverseCumulativeProbability:172, 0.0
org.apache.commons.math.distribution.ExponentialDistributionImpl:inverseCumulativeProbability:170, 0.0
org.apache.commons.math.special.Beta:logBeta:167, 0.0
org.apache.commons.math.distribution.FDistributionImpl:density:98, 0.0
org.apache.commons.math.distribution.FDistributionImpl:density:96, 0.0
org.apache.commons.math.distribution.FDistributionImpl:density:97, 0.0
org.apache.commons.math.distribution.FDistributionImpl:density:93, 0.0
org.apache.commons.math.distribution.FDistributionImpl:density:92, 0.0
org.apache.commons.math.distribution.FDistributionImpl:density:95, 0.0
org.apache.commons.math.distribution.FDistributionImpl:density:94, 0.0
org.apache.commons.math.distribution.FDistributionImpl:inverseCumulativeProbability:152, 0.0
org.apache.commons.math.distribution.FDistributionImpl:inverseCumulativeProbability:149, 0.0
org.apache.commons.math.distribution.GammaDistributionImpl:inverseCumulativeProbability:124, 0.0
org.apache.commons.math.distribution.GammaDistributionImpl:inverseCumulativeProbability:121, 0.0
org.apache.commons.math.distribution.NormalDistributionImpl:<clinit>:46, 0.0
org.apache.commons.math.distribution.NormalDistributionImpl:density:167, 0.0
org.apache.commons.math.distribution.NormalDistributionImpl:density:166, 0.0
org.apache.commons.math.distribution.NormalDistributionImpl:inverseCumulativeProbability:223, 0.0
org.apache.commons.math.distribution.NormalDistributionImpl:inverseCumulativeProbability:226, 0.0
org.apache.commons.math.distribution.TDistributionImpl:inverseCumulativeProbability:167, 0.0
org.apache.commons.math.distribution.TDistributionImpl:inverseCumulativeProbability:164, 0.0
org.apache.commons.math.distribution.WeibullDistributionImpl:cumulativeProbability:85, 0.0
org.apache.commons.math.distribution.WeibullDistributionImpl:cumulativeProbability:90, 0.0
org.apache.commons.math.distribution.WeibullDistributionImpl:cumulativeProbability:88, 0.0
org.apache.commons.math.distribution.WeibullDistributionImpl:density:130, 0.0
org.apache.commons.math.distribution.WeibullDistributionImpl:density:123, 0.0
org.apache.commons.math.distribution.WeibullDistributionImpl:density:132, 0.0
org.apache.commons.math.distribution.WeibullDistributionImpl:density:122, 0.0
org.apache.commons.math.distribution.WeibullDistributionImpl:density:118, 0.0
org.apache.commons.math.distribution.WeibullDistributionImpl:inverseCumulativeProbability:153, 0.0
org.apache.commons.math.distribution.WeibullDistributionImpl:inverseCumulativeProbability:160, 0.0
org.apache.commons.math.distribution.WeibullDistributionImpl:inverseCumulativeProbability:155, 0.0
org.apache.commons.math.distribution.WeibullDistributionImpl:inverseCumulativeProbability:158, 0.0
org.apache.commons.math.distribution.WeibullDistributionImpl:inverseCumulativeProbability:154, 0.0
org.apache.commons.math.distribution.WeibullDistributionImpl:inverseCumulativeProbability:156, 0.0
org.apache.commons.math.special.Gamma:regularizedGammaQ:249, 0.0
org.apache.commons.math.special.Gamma:regularizedGammaQ:209, 0.0
org.apache.commons.math.special.Gamma:regularizedGammaQ:245, 0.0
org.apache.commons.math.stat.descriptive.SummaryStatistics:clear:345, 0.0
org.apache.commons.math.stat.descriptive.DescriptiveStatistics:clear:290, 0.0
org.apache.commons.math.stat.descriptive.DescriptiveStatistics:clear:291, 0.0
org.apache.commons.math.stat.descriptive.SummaryStatistics:clear:339, 0.0
org.apache.commons.math.stat.descriptive.SummaryStatistics:clear:338, 0.0
org.apache.commons.math.stat.descriptive.SummaryStatistics:clear:337, 0.0
org.apache.commons.math.stat.descriptive.SummaryStatistics:clear:336, 0.0
org.apache.commons.math.stat.descriptive.SummaryStatistics:clear:334, 0.0
org.apache.commons.math.stat.descriptive.SummaryStatistics:clear:335, 0.0
org.apache.commons.math.stat.descriptive.SummaryStatistics:clear:332, 0.0
org.apache.commons.math.stat.descriptive.SummaryStatistics:clear:333, 0.0
org.apache.commons.math.stat.descriptive.SummaryStatistics:clear:331, 0.0
org.apache.commons.math.util.ResizableDoubleArray:clear:375, 0.0
org.apache.commons.math.util.ResizableDoubleArray:clear:377, 0.0
org.apache.commons.math.util.ResizableDoubleArray:clear:376, 0.0
org.apache.commons.math.util.ResizableDoubleArray:clear:378, 0.0
org.apache.commons.math.stat.descriptive.SummaryStatistics:clear:342, 0.0
org.apache.commons.math.stat.descriptive.AggregateSummaryStatistics:aggregate:340, 0.0
org.apache.commons.math.stat.descriptive.AggregateSummaryStatistics:aggregate:321, 0.0
org.apache.commons.math.stat.descriptive.AggregateSummaryStatistics:aggregate:305, 0.0
org.apache.commons.math.stat.descriptive.AggregateSummaryStatistics:aggregate:306, 0.0
org.apache.commons.math.stat.descriptive.SummaryStatistics:getSecondMoment:299, 0.0
org.apache.commons.math.stat.descriptive.AggregateSummaryStatistics:aggregate:326, 0.0
org.apache.commons.math.stat.descriptive.AggregateSummaryStatistics:aggregate:327, 0.0
org.apache.commons.math.stat.descriptive.AggregateSummaryStatistics:aggregate:324, 0.0
org.apache.commons.math.stat.descriptive.AggregateSummaryStatistics:aggregate:325, 0.0
org.apache.commons.math.stat.descriptive.AggregateSummaryStatistics:aggregate:330, 0.0
org.apache.commons.math.stat.descriptive.AggregateSummaryStatistics:aggregate:331, 0.0
org.apache.commons.math.stat.descriptive.AggregateSummaryStatistics:aggregate:328, 0.0
org.apache.commons.math.stat.descriptive.AggregateSummaryStatistics:aggregate:329, 0.0
org.apache.commons.math.stat.descriptive.AggregateSummaryStatistics:aggregate:316, 0.0
org.apache.commons.math.stat.descriptive.AggregateSummaryStatistics:aggregate:333, 0.0
org.apache.commons.math.stat.descriptive.AggregateSummaryStatistics:aggregate:309, 0.0
org.apache.commons.math.stat.descriptive.AggregateSummaryStatistics:aggregate:311, 0.0
org.apache.commons.math.stat.descriptive.AggregateSummaryStatistics:aggregate:310, 0.0
org.apache.commons.math.stat.descriptive.AggregateSummaryStatistics:aggregate:313, 0.0
org.apache.commons.math.stat.descriptive.AggregateSummaryStatistics:aggregate:312, 0.0
org.apache.commons.math.stat.descriptive.AggregateSummaryStatistics:aggregate:315, 0.0
org.apache.commons.math.stat.descriptive.AggregateSummaryStatistics:aggregate:314, 0.0
org.apache.commons.math.stat.descriptive.AggregateSummaryStatistics:aggregate:317, 0.0
org.apache.commons.math.stat.descriptive.AggregateSummaryStatistics:aggregate:318, 0.0
org.apache.commons.math.stat.descriptive.AggregateSummaryStatistics:aggregate:335, 0.0
org.apache.commons.math.stat.descriptive.AggregateSummaryStatistics:aggregate:338, 0.0
org.apache.commons.math.stat.descriptive.AggregateSummaryStatistics:aggregate:302, 0.0
org.apache.commons.math.stat.descriptive.AggregateSummaryStatistics:aggregate:322, 0.0
org.apache.commons.math.stat.descriptive.moment.Variance:getResult:170, 0.0
org.apache.commons.math.stat.descriptive.SummaryStatistics:getStandardDeviation:221, 0.0
org.apache.commons.math.stat.descriptive.AbstractStorelessUnivariateStatistic:evaluate:90, 0.0
org.apache.commons.math.stat.descriptive.AbstractStorelessUnivariateStatistic:incrementAll:129, 0.0
org.apache.commons.math.stat.descriptive.AbstractStorelessUnivariateStatistic:incrementAll:128, 0.0
org.apache.commons.math.stat.descriptive.AbstractStorelessUnivariateStatistic:incrementAll:146, 0.0
org.apache.commons.math.stat.descriptive.AbstractStorelessUnivariateStatistic:incrementAll:125, 0.0
org.apache.commons.math.stat.descriptive.AbstractStorelessUnivariateStatistic:incrementAll:144, 0.0
org.apache.commons.math.stat.descriptive.AbstractStorelessUnivariateStatistic:evaluate:86, 0.0
org.apache.commons.math.stat.descriptive.AbstractStorelessUnivariateStatistic:incrementAll:150, 0.0
org.apache.commons.math.stat.descriptive.AbstractStorelessUnivariateStatistic:evaluate:87, 0.0
org.apache.commons.math.stat.descriptive.AbstractStorelessUnivariateStatistic:evaluate:88, 0.0
org.apache.commons.math.stat.descriptive.AbstractStorelessUnivariateStatistic:incrementAll:145, 0.0
org.apache.commons.math.stat.descriptive.AbstractStorelessUnivariateStatistic:incrementAll:147, 0.0
org.apache.commons.math.stat.descriptive.moment.Kurtosis:evaluate:178, 0.0
org.apache.commons.math.stat.descriptive.moment.Kurtosis:evaluate:177, 0.0
org.apache.commons.math.stat.descriptive.moment.Kurtosis:evaluate:166, 0.0
org.apache.commons.math.stat.descriptive.moment.Kurtosis:evaluate:164, 0.0
org.apache.commons.math.stat.descriptive.moment.Kurtosis:evaluate:187, 0.0
org.apache.commons.math.stat.descriptive.moment.Kurtosis:evaluate:185, 0.0
org.apache.commons.math.stat.descriptive.moment.Kurtosis:evaluate:191, 0.0
org.apache.commons.math.stat.descriptive.moment.Kurtosis:evaluate:183, 0.0
org.apache.commons.math.stat.descriptive.moment.Kurtosis:evaluate:180, 0.0
org.apache.commons.math.stat.descriptive.moment.Kurtosis:evaluate:171, 0.0
org.apache.commons.math.stat.descriptive.moment.Kurtosis:evaluate:170, 0.0
org.apache.commons.math.stat.descriptive.moment.Kurtosis:evaluate:176, 0.0
org.apache.commons.math.stat.descriptive.moment.Kurtosis:evaluate:169, 0.0
org.apache.commons.math.stat.descriptive.moment.Kurtosis:evaluate:172, 0.0
org.apache.commons.math.stat.descriptive.moment.Kurtosis:evaluate:193, 0.0
org.apache.commons.math.stat.descriptive.moment.Skewness:evaluate:156, 0.0
org.apache.commons.math.stat.descriptive.moment.Skewness:evaluate:171, 0.0
org.apache.commons.math.stat.descriptive.moment.Skewness:evaluate:174, 0.0
org.apache.commons.math.stat.descriptive.moment.Skewness:evaluate:173, 0.0
org.apache.commons.math.stat.descriptive.moment.Skewness:evaluate:186, 0.0
org.apache.commons.math.stat.descriptive.moment.Skewness:evaluate:154, 0.0
org.apache.commons.math.stat.descriptive.moment.Skewness:evaluate:169, 0.0
org.apache.commons.math.stat.descriptive.moment.Skewness:evaluate:168, 0.0
org.apache.commons.math.stat.descriptive.moment.Skewness:evaluate:167, 0.0
org.apache.commons.math.stat.descriptive.moment.Skewness:evaluate:166, 0.0
org.apache.commons.math.stat.descriptive.moment.Skewness:evaluate:178, 0.0
org.apache.commons.math.stat.descriptive.moment.Skewness:evaluate:184, 0.0
org.apache.commons.math.stat.descriptive.moment.Skewness:evaluate:181, 0.0
org.apache.commons.math.stat.descriptive.moment.Skewness:evaluate:176, 0.0
org.apache.commons.math.stat.descriptive.moment.Skewness:evaluate:175, 0.0
org.apache.commons.math.stat.descriptive.moment.Skewness:evaluate:157, 0.0
org.apache.commons.math.stat.descriptive.moment.Skewness:evaluate:165, 0.0
org.apache.commons.math.stat.descriptive.moment.Skewness:evaluate:164, 0.0
org.apache.commons.math.stat.descriptive.moment.Skewness:evaluate:159, 0.0
org.apache.commons.math.stat.descriptive.moment.StandardDeviation:evaluate:152, 0.0
org.apache.commons.math.complex.Complex:multiply:357, 0.0
org.apache.commons.math.complex.Complex:log:653, 0.0
org.apache.commons.math.special.Beta:logBeta:193, 0.0
org.apache.commons.math.special.Beta:regularizedBeta:124, 0.0
org.apache.commons.math.special.Gamma:logGamma:98, 0.0
org.apache.commons.math.special.Gamma:regularizedGammaQ:243, 0.0
org.apache.commons.math.special.Gamma:regularizedGammaP:166, 0.0
org.apache.commons.math.stat.Frequency:getCumPct:509, 0.0
org.apache.commons.math.stat.Frequency:getCumFreq:433, 0.0
org.apache.commons.math.stat.Frequency:getCumFreq:445, 0.0
org.apache.commons.math.stat.Frequency:getCumFreq:416, 0.0
org.apache.commons.math.stat.Frequency:getCumPct:494, 0.0
org.apache.commons.math.stat.Frequency:getCumFreq:383, 0.0
org.apache.commons.math.stat.Frequency:addValue:170, 0.0
org.apache.commons.math.stat.Frequency:addValue:169, 0.0
org.apache.commons.math.stat.Frequency:getCumFreq:414, 0.0
org.apache.commons.math.stat.Frequency:getCumFreq:415, 0.0
org.apache.commons.math.stat.Frequency:getCumFreq:420, 0.0
org.apache.commons.math.stat.Frequency:getCount:287, 0.0
org.apache.commons.math.stat.Frequency:getCount:277, 0.0
org.apache.commons.math.stat.Frequency:getCount:267, 0.0
org.apache.commons.math.stat.Frequency:getCumFreq:405, 0.0
org.apache.commons.math.stat.Frequency:getPct:319, 0.0
org.apache.commons.math.stat.Frequency:<init>:69, 0.0
org.apache.commons.math.stat.Frequency:<init>:70, 0.0
org.apache.commons.math.stat.Frequency:<init>:71, 0.0
org.apache.commons.math.stat.Frequency:getCumFreq:457, 0.0
org.apache.commons.math.stat.Frequency:getCumFreq:413, 0.0
org.apache.commons.math.stat.Frequency:getCumFreq:418, 0.0
org.apache.commons.math.stat.Frequency:getCount:246, 0.0
org.apache.commons.math.stat.Frequency:valuesIterator:205, 0.0
org.apache.commons.math.stat.Frequency:getCumFreq:386, 0.0
org.apache.commons.math.stat.Frequency:getCumFreq:412, 0.0
org.apache.commons.math.util.MathUtils:round:1218, 0.0
org.apache.commons.math.util.MathUtils:round:1220, 0.0
org.apache.commons.math.util.MathUtils:round:1217, 0.0
org.apache.commons.math.util.MathUtils:round:1216, 0.0
org.apache.commons.math.util.MathUtils:round:1212, 0.0
org.apache.commons.math.util.MathUtils:round:1195, 0.0
org.apache.commons.math.util.MathUtils:sign:1378, 0.0
org.apache.commons.math.util.MathUtils:sign:1398, 0.0
org.apache.commons.math.util.MathUtils:sign:1395, 0.0
org.apache.commons.math.util.MathUtils:sign:1396, 0.0
org.apache.commons.math.fraction.AbstractFormat:getDefaultNumberFormat:93, 0.0
org.apache.commons.math.fraction.AbstractFormat:getDefaultNumberFormat:92, 0.0
org.apache.commons.math.fraction.AbstractFormat:getDefaultNumberFormat:94, 0.0
org.apache.commons.math.fraction.AbstractFormat:getDefaultNumberFormat:91, 0.0
org.apache.commons.math.fraction.AbstractFormat:<init>:59, 0.0
org.apache.commons.math.fraction.AbstractFormat:<init>:58, 0.0
org.apache.commons.math.fraction.BigFractionFormat:format:144, 0.0
org.apache.commons.math.fraction.BigFractionFormat:format:146, 0.0
org.apache.commons.math.fraction.BigFractionFormat:format:139, 0.0
org.apache.commons.math.fraction.BigFractionFormat:format:140, 0.0
org.apache.commons.math.fraction.BigFractionFormat:format:143, 0.0
org.apache.commons.math.fraction.BigFractionFormat:format:142, 0.0
org.apache.commons.math.fraction.BigFractionFormat:<init>:69, 0.0
org.apache.commons.math.fraction.BigFractionFormat:<init>:70, 0.0
org.apache.commons.math.fraction.ProperBigFractionFormat:setWholeFormat:239, 0.0
org.apache.commons.math.fraction.ProperBigFractionFormat:setWholeFormat:238, 0.0
org.apache.commons.math.fraction.ProperBigFractionFormat:setWholeFormat:234, 0.0
org.apache.commons.math.fraction.BigFractionFormat:format:168, 0.0
org.apache.commons.math.fraction.ProperBigFractionFormat:<init>:61, 0.0
org.apache.commons.math.fraction.ProperBigFractionFormat:<init>:60, 0.0
org.apache.commons.math.fraction.ProperBigFractionFormat:format:110, 0.0
org.apache.commons.math.fraction.ProperBigFractionFormat:format:108, 0.0
org.apache.commons.math.fraction.ProperBigFractionFormat:format:106, 0.0
org.apache.commons.math.fraction.ProperBigFractionFormat:format:107, 0.0
org.apache.commons.math.fraction.AbstractFormat:getDenominatorFormat:102, 0.0
org.apache.commons.math.fraction.AbstractFormat:getNumeratorFormat:110, 0.0
org.apache.commons.math.fraction.BigFractionFormat:<init>:59, 0.0
org.apache.commons.math.fraction.BigFractionFormat:<init>:58, 0.0
org.apache.commons.math.fraction.BigFraction:getNumerator:780, 0.0
org.apache.commons.math.fraction.ProperBigFractionFormat:<init>:73, 0.0
org.apache.commons.math.fraction.ProperBigFractionFormat:<init>:74, 0.0
org.apache.commons.math.fraction.ProperBigFractionFormat:<init>:75, 0.0
org.apache.commons.math.fraction.BigFractionFormat:format:169, 0.0
org.apache.commons.math.fraction.BigFractionFormat:getImproperInstance:106, 0.0
org.apache.commons.math.fraction.BigFractionFormat:getProperInstance:123, 0.0
org.apache.commons.math.fraction.BigFraction:getDenominator:747, 0.0
org.apache.commons.math.fraction.ProperBigFractionFormat:format:99, 0.0
org.apache.commons.math.fraction.ProperBigFractionFormat:format:96, 0.0
org.apache.commons.math.fraction.ProperBigFractionFormat:format:97, 0.0
org.apache.commons.math.fraction.ProperBigFractionFormat:format:92, 0.0
org.apache.commons.math.fraction.ProperBigFractionFormat:format:95, 0.0
org.apache.commons.math.fraction.ProperBigFractionFormat:format:94, 0.0
org.apache.commons.math.fraction.ProperBigFractionFormat:format:91, 0.0
org.apache.commons.math.fraction.BigFractionFormat:format:180, 0.0
org.apache.commons.math.fraction.AbstractFormat:<init>:68, 0.0
org.apache.commons.math.fraction.AbstractFormat:<init>:69, 0.0
org.apache.commons.math.fraction.AbstractFormat:<init>:70, 0.0
org.apache.commons.math.fraction.AbstractFormat:<init>:71, 0.0
org.apache.commons.math.fraction.ProperBigFractionFormat:format:102, 0.0
org.apache.commons.math.fraction.ProperBigFractionFormat:format:100, 0.0
org.apache.commons.math.fraction.ProperBigFractionFormat:format:101, 0.0
org.apache.commons.math.fraction.ProperBigFractionFormat:getWholeFormat:118, 0.0
org.apache.commons.math.fraction.ProperBigFractionFormat:format:103, 0.0
org.apache.commons.math.fraction.BigFraction:abs:456, 0.0
org.apache.commons.math.fraction.BigFraction:add:500, 0.0
org.apache.commons.math.fraction.BigFraction:add:472, 0.0
org.apache.commons.math.fraction.BigFraction:add:486, 0.0
org.apache.commons.math.fraction.BigFraction:bigDecimalValue:566, 0.0
org.apache.commons.math.fraction.BigFraction:bigDecimalValue:547, 0.0
org.apache.commons.math.fraction.BigFraction:bigDecimalValue:585, 0.0
org.apache.commons.math.fraction.BigFraction:compareTo:601, 0.0
org.apache.commons.math.fraction.BigFraction:compareTo:600, 0.0
org.apache.commons.math.fraction.BigFraction:compareTo:602, 0.0
org.apache.commons.math.fraction.BigFraction:divide:656, 0.0
org.apache.commons.math.fraction.BigFraction:divide:640, 0.0
org.apache.commons.math.fraction.BigFraction:divide:621, 0.0
org.apache.commons.math.fraction.BigFraction:divide:624, 0.0
org.apache.commons.math.fraction.BigFraction:divide:675, 0.0
org.apache.commons.math.fraction.BigFraction:hashCode:815, 0.0
org.apache.commons.math.fraction.BigFraction:floatValue:736, 0.0
org.apache.commons.math.fraction.BigFraction:getReducedFraction:445, 0.0
org.apache.commons.math.fraction.BigFraction:getReducedFraction:441, 0.0
org.apache.commons.math.fraction.BigFraction:getReducedFraction:442, 0.0
org.apache.commons.math.fraction.BigFraction:intValue:829, 0.0
org.apache.commons.math.fraction.BigFraction:longValue:843, 0.0
org.apache.commons.math.fraction.BigFraction:multiply:859, 0.0
org.apache.commons.math.fraction.BigFraction:multiply:873, 0.0
org.apache.commons.math.fraction.BigFraction:multiply:887, 0.0
org.apache.commons.math.fraction.BigFraction:pow:948, 0.0
org.apache.commons.math.fraction.BigFraction:pow:964, 0.0
org.apache.commons.math.fraction.BigFraction:pow:983, 0.0
org.apache.commons.math.fraction.BigFraction:pow:968, 0.0
org.apache.commons.math.fraction.BigFraction:pow:988, 0.0
org.apache.commons.math.fraction.BigFraction:pow:984, 0.0
org.apache.commons.math.fraction.BigFraction:pow:985, 0.0
org.apache.commons.math.fraction.BigFraction:pow:947, 0.0
org.apache.commons.math.fraction.BigFraction:pow:950, 0.0
org.apache.commons.math.fraction.BigFraction:pow:965, 0.0
org.apache.commons.math.fraction.BigFractionField:<init>:33, 0.0
org.apache.commons.math.fraction.BigFractionField:<init>:40, 0.0
org.apache.commons.math.fraction.BigFractionField:<init>:41, 0.0
org.apache.commons.math.fraction.BigFractionField$LazyHolder:<clinit>:66, 0.0
org.apache.commons.math.fraction.ProperBigFractionFormat:parse:214, 0.0
org.apache.commons.math.fraction.ProperBigFractionFormat:parse:161, 0.0
org.apache.commons.math.fraction.ProperBigFractionFormat:parse:160, 0.0
org.apache.commons.math.fraction.ProperBigFractionFormat:parse:157, 0.0
org.apache.commons.math.fraction.BigFractionFormat:parse:236, 0.0
org.apache.commons.math.fraction.ProperBigFractionFormat:parse:137, 0.0
org.apache.commons.math.fraction.ProperBigFractionFormat:parse:136, 0.0
org.apache.commons.math.fraction.BigFractionFormat:parse:214, 0.0
org.apache.commons.math.fraction.BigFractionFormat:parse:217, 0.0
org.apache.commons.math.fraction.BigFractionFormat:parse:218, 0.0
org.apache.commons.math.fraction.BigFractionFormat:parse:211, 0.0
org.apache.commons.math.fraction.ProperBigFractionFormat:parse:178, 0.0
org.apache.commons.math.fraction.ProperBigFractionFormat:parse:176, 0.0
org.apache.commons.math.fraction.ProperBigFractionFormat:parse:177, 0.0
org.apache.commons.math.fraction.AbstractFormat:parseNextCharacter:170, 0.0
org.apache.commons.math.fraction.AbstractFormat:parseNextCharacter:172, 0.0
org.apache.commons.math.fraction.BigFractionFormat:parseNextBigInteger:282, 0.0
org.apache.commons.math.fraction.BigFractionFormat:parseNextBigInteger:281, 0.0
org.apache.commons.math.fraction.BigFractionFormat:parseNextBigInteger:280, 0.0
org.apache.commons.math.fraction.ProperBigFractionFormat:parse:196, 0.0
org.apache.commons.math.fraction.ProperBigFractionFormat:parse:199, 0.0
org.apache.commons.math.fraction.ProperBigFractionFormat:parse:200, 0.0
org.apache.commons.math.fraction.BigFractionFormat:parse:199, 0.0
org.apache.commons.math.fraction.AbstractFormat:parseAndIgnoreWhitespace:149, 0.0
org.apache.commons.math.fraction.AbstractFormat:parseAndIgnoreWhitespace:150, 0.0
org.apache.commons.math.fraction.AbstractFormat:parseAndIgnoreWhitespace:151, 0.0
org.apache.commons.math.fraction.ProperBigFractionFormat:parse:223, 0.0
org.apache.commons.math.fraction.ProperBigFractionFormat:parse:215, 0.0
org.apache.commons.math.fraction.BigFractionFormat:parse:242, 0.0
org.apache.commons.math.fraction.BigFractionFormat:parse:243, 0.0
org.apache.commons.math.fraction.BigFractionFormat:parse:241, 0.0
org.apache.commons.math.fraction.BigFractionFormat:parse:259, 0.0
org.apache.commons.math.fraction.BigFractionFormat:parseNextBigInteger:273, 0.0
org.apache.commons.math.fraction.BigFractionFormat:parseNextBigInteger:272, 0.0
org.apache.commons.math.fraction.AbstractFormat:parseNextCharacter:173, 0.0
org.apache.commons.math.fraction.ProperBigFractionFormat:parse:169, 0.0
org.apache.commons.math.fraction.BigFractionFormat:parse:229, 0.0
org.apache.commons.math.fraction.BigFractionFormat:parse:228, 0.0
org.apache.commons.math.fraction.BigFractionFormat:parse:227, 0.0
org.apache.commons.math.fraction.BigFractionFormat:parseNextBigInteger:274, 0.0
org.apache.commons.math.fraction.AbstractFormat:parseNextCharacter:177, 0.0
org.apache.commons.math.fraction.AbstractFormat:parseNextCharacter:163, 0.0
org.apache.commons.math.fraction.AbstractFormat:parseNextCharacter:162, 0.0
org.apache.commons.math.fraction.AbstractFormat:parseNextCharacter:161, 0.0
org.apache.commons.math.fraction.AbstractFormat:parseNextCharacter:165, 0.0
org.apache.commons.math.fraction.ProperBigFractionFormat:parse:144, 0.0
org.apache.commons.math.fraction.ProperBigFractionFormat:parse:147, 0.0
org.apache.commons.math.fraction.ProperBigFractionFormat:parse:148, 0.0
org.apache.commons.math.fraction.ProperBigFractionFormat:parse:141, 0.0
org.apache.commons.math.fraction.ProperBigFractionFormat:parse:185, 0.0
org.apache.commons.math.fraction.ProperBigFractionFormat:parse:208, 0.0
org.apache.commons.math.fraction.BigFractionFormat:parse:193, 0.0
org.apache.commons.math.fraction.BigFractionFormat:parse:192, 0.0
org.apache.commons.math.fraction.BigFractionFormat:parse:194, 0.0
org.apache.commons.math.fraction.ProperBigFractionFormat:parse:218, 0.0
org.apache.commons.math.fraction.ProperBigFractionFormat:parse:219, 0.0
org.apache.commons.math.fraction.AbstractFormat:parseNextCharacter:169, 0.0
org.apache.commons.math.fraction.AbstractFormat:parseNextCharacter:168, 0.0
org.apache.commons.math.fraction.BigFractionFormat:parseNextBigInteger:276, 0.0
org.apache.commons.math.fraction.BigFractionFormat:parse:247, 0.0
org.apache.commons.math.fraction.BigFractionFormat:parse:250, 0.0
org.apache.commons.math.fraction.BigFractionFormat:parse:251, 0.0
org.apache.commons.math.fraction.ProperBigFractionFormat:parse:138, 0.0
org.apache.commons.math.fraction.BigFractionFormat:parse:233, 0.0
org.apache.commons.math.MathRuntimeException$9:<init>:466, 0.0
org.apache.commons.math.MathRuntimeException:createParseException:466, 0.0
org.apache.commons.math.fraction.BigFractionFormat:parse:195, 0.0
org.apache.commons.math.fraction.ProperBigFractionFormat:parse:220, 0.0
org.apache.commons.math.fraction.ProperBigFractionFormat:parse:216, 0.0
org.apache.commons.math.complex.Complex:equals:257, 0.0
org.apache.commons.math.transform.FastCosineTransformer:inversetransform2:185, 0.0
org.apache.commons.math.transform.FastCosineTransformer:transform:62, 0.0
org.apache.commons.math.transform.FastFourierTransformer:scaleArray:473, 0.0
org.apache.commons.math.transform.FastCosineTransformer:inversetransform:144, 0.0
org.apache.commons.math.transform.FastCosineTransformer:inversetransform:145, 0.0
org.apache.commons.math.transform.FastFourierTransformer:scaleArray:476, 0.0
org.apache.commons.math.transform.FastCosineTransformer:transform2:102, 0.0
org.apache.commons.math.transform.FastCosineTransformer:transform2:101, 0.0
org.apache.commons.math.transform.FastFourierTransformer:scaleArray:474, 0.0
org.apache.commons.math.transform.FastFourierTransformer$RootsOfUnity:computeOmega:859, 0.0
org.apache.commons.math.transform.FastFourierTransformer:inversetransform2:262, 0.0
org.apache.commons.math.transform.FastFourierTransformer:inversetransform2:261, 0.0
org.apache.commons.math.transform.FastFourierTransformer:inversetransform:244, 0.0
org.apache.commons.math.transform.FastFourierTransformer:inversetransform:245, 0.0
org.apache.commons.math.transform.FastFourierTransformer:inversetransform:243, 0.0
org.apache.commons.math.transform.FastFourierTransformer:transform2:186, 0.0
org.apache.commons.math.transform.FastFourierTransformer:transform2:184, 0.0
org.apache.commons.math.transform.FastFourierTransformer:transform2:185, 0.0
org.apache.commons.math.transform.FastSineTransformer:inversetransform2:182, 0.0
org.apache.commons.math.transform.FastSineTransformer:transform:62, 0.0
org.apache.commons.math.transform.FastSineTransformer:inversetransform:143, 0.0
org.apache.commons.math.transform.FastSineTransformer:inversetransform:142, 0.0
org.apache.commons.math.transform.FastSineTransformer:transform2:102, 0.0
org.apache.commons.math.transform.FastSineTransformer:transform2:101, 0.0
org.apache.commons.math.complex.Complex:abs:108, 0.0
org.apache.commons.math.complex.Complex:nthRoot:948, 0.0
org.apache.commons.math.complex.Complex:nthRoot:950, 0.0
org.apache.commons.math.complex.Complex:getArgument:919, 0.0
org.apache.commons.math.complex.Complex:nthRoot:955, 0.0
org.apache.commons.math.complex.Complex:nthRoot:942, 0.0
org.apache.commons.math.complex.Complex:nthRoot:971, 0.0
org.apache.commons.math.complex.Complex:nthRoot:970, 0.0
org.apache.commons.math.complex.Complex:nthRoot:969, 0.0
org.apache.commons.math.complex.Complex:nthRoot:967, 0.0
org.apache.commons.math.complex.Complex:nthRoot:972, 0.0
org.apache.commons.math.complex.Complex:nthRoot:961, 0.0
org.apache.commons.math.complex.Complex:nthRoot:966, 0.0
org.apache.commons.math.complex.Complex:nthRoot:965, 0.0
org.apache.commons.math.complex.Complex:nthRoot:964, 0.0
org.apache.commons.math.complex.Complex:nthRoot:975, 0.0
org.apache.commons.math.complex.Complex:exp:615, 0.0
org.apache.commons.math.complex.ComplexField$LazyHolder:<clinit>:66, 0.0
org.apache.commons.math.complex.ComplexField:getOne:52, 0.0
org.apache.commons.math.complex.ComplexField:<init>:33, 0.0
org.apache.commons.math.complex.ComplexField:<init>:40, 0.0
org.apache.commons.math.complex.ComplexField:<init>:41, 0.0
org.apache.commons.math.complex.ComplexField:getZero:57, 0.0
org.apache.commons.math.complex.Complex:divide:220, 0.0
org.apache.commons.math.complex.Complex:divide:216, 0.0
org.apache.commons.math.complex.Complex:equals:267, 0.0
org.apache.commons.math.complex.Complex:nthRoot:951, 0.0
org.apache.commons.math.complex.Complex:nthRoot:952, 0.0
org.apache.commons.math.complex.Complex:nthRoot:956, 0.0
org.apache.commons.math.complex.Complex:nthRoot:957, 0.0
org.apache.commons.math.complex.Complex:sqrt:788, 0.0
org.apache.commons.math.complex.Complex:subtract:442, 0.0
org.apache.commons.math.complex.Complex:acos:465, 0.0
org.apache.commons.math.complex.Complex:asin:488, 0.0
org.apache.commons.math.complex.Complex:atan:511, 0.0
org.apache.commons.math.complex.Complex:conjugate:168, 0.0
org.apache.commons.math.complex.Complex:cos:546, 0.0
org.apache.commons.math.complex.Complex:cosh:580, 0.0
org.apache.commons.math.complex.Complex:divide:210, 0.0
org.apache.commons.math.complex.Complex:hashCode:280, 0.0
org.apache.commons.math.complex.Complex:hashCode:282, 0.0
org.apache.commons.math.complex.Complex:hashCode:279, 0.0
org.apache.commons.math.complex.Complex:negate:416, 0.0
org.apache.commons.math.complex.Complex:multiply:395, 0.0
org.apache.commons.math.complex.Complex:multiply:398, 0.0
org.apache.commons.math.complex.Complex:multiply:403, 0.0
org.apache.commons.math.complex.Complex:multiply:401, 0.0
org.apache.commons.math.complex.Complex:multiply:396, 0.0
org.apache.commons.math.complex.Complex:sin:712, 0.0
org.apache.commons.math.complex.Complex:sinh:746, 0.0
org.apache.commons.math.complex.Complex:tan:854, 0.0
org.apache.commons.math.complex.Complex:tanh:892, 0.0
org.apache.commons.math.complex.Complex:pow:679, 0.0
org.apache.commons.math.transform.FastFourierTransformer:mdfft:585, 0.0
org.apache.commons.math.transform.FastFourierTransformer:mdfft:587, 0.0
org.apache.commons.math.transform.FastFourierTransformer:mdfft:567, 0.0
org.apache.commons.math.transform.FastFourierTransformer:mdfft:565, 0.0
org.apache.commons.math.transform.FastFourierTransformer:mdfft:563, 0.0
org.apache.commons.math.transform.FastFourierTransformer$MultiDimensionalComplexMatrix:clone:766, 0.0
org.apache.commons.math.transform.FastFourierTransformer$MultiDimensionalComplexMatrix:clone:767, 0.0
org.apache.commons.math.transform.FastFourierTransformer$MultiDimensionalComplexMatrix:clone:769, 0.0
org.apache.commons.math.transform.FastFourierTransformer:mdfft:616, 0.0
org.apache.commons.math.transform.FastFourierTransformer:mdfft:614, 0.0
org.apache.commons.math.transform.FastFourierTransformer:mdfft:613, 0.0
org.apache.commons.math.transform.FastFourierTransformer$MultiDimensionalComplexMatrix:clone:782, 0.0
org.apache.commons.math.transform.FastFourierTransformer$MultiDimensionalComplexMatrix:<init>:660, 0.0
org.apache.commons.math.transform.FastFourierTransformer$MultiDimensionalComplexMatrix:<init>:656, 0.0
org.apache.commons.math.transform.FastFourierTransformer$MultiDimensionalComplexMatrix:<init>:659, 0.0
org.apache.commons.math.transform.FastFourierTransformer:mdfft:620, 0.0
org.apache.commons.math.transform.FastFourierTransformer$MultiDimensionalComplexMatrix:getDimensionSizes:734, 0.0
org.apache.commons.math.transform.FastFourierTransformer:mdfft:600, 0.0
org.apache.commons.math.transform.FastFourierTransformer:mdfft:588, 0.0
org.apache.commons.math.transform.FastFourierTransformer:mdfft:589, 0.0
org.apache.commons.math.transform.FastFourierTransformer$MultiDimensionalComplexMatrix:get:684, 0.0
org.apache.commons.math.transform.FastFourierTransformer$MultiDimensionalComplexMatrix:set:713, 0.0
org.apache.commons.math.transform.FastFourierTransformer$MultiDimensionalComplexMatrix:clone:780, 0.0
org.apache.commons.math.transform.FastFourierTransformer$MultiDimensionalComplexMatrix:clone:779, 0.0
org.apache.commons.math.transform.FastFourierTransformer$MultiDimensionalComplexMatrix:<init>:661, 0.0
org.apache.commons.math.transform.FastFourierTransformer$MultiDimensionalComplexMatrix:getArray:742, 0.0
org.apache.commons.math.transform.FastFourierTransformer:mdfft:598, 0.0
org.apache.commons.math.transform.FastFourierTransformer$MultiDimensionalComplexMatrix:clone:770, 0.0
org.apache.commons.math.transform.FastFourierTransformer$MultiDimensionalComplexMatrix:clone:771, 0.0
org.apache.commons.math.transform.FastFourierTransformer:inversetransform2:304, 0.0
org.apache.commons.math.transform.FastFourierTransformer:inversetransform2:302, 0.0
org.apache.commons.math.transform.FastFourierTransformer:inversetransform2:303, 0.0
org.apache.commons.math.transform.FastFourierTransformer:mdfft:568, 0.0
org.apache.commons.math.transform.FastFourierTransformer$MultiDimensionalComplexMatrix:get:691, 0.0
org.apache.commons.math.transform.FastFourierTransformer$MultiDimensionalComplexMatrix:<init>:662, 0.0
org.apache.commons.math.transform.FastFourierTransformer$MultiDimensionalComplexMatrix:<init>:663, 0.0
org.apache.commons.math.transform.FastFourierTransformer$MultiDimensionalComplexMatrix:<init>:664, 0.0
org.apache.commons.math.transform.FastFourierTransformer$MultiDimensionalComplexMatrix:<init>:665, 0.0
org.apache.commons.math.transform.FastFourierTransformer:mdfft:601, 0.0
org.apache.commons.math.transform.FastFourierTransformer:mdfft:602, 0.0
org.apache.commons.math.transform.FastFourierTransformer$MultiDimensionalComplexMatrix:clone:772, 0.0
org.apache.commons.math.transform.FastFourierTransformer$MultiDimensionalComplexMatrix:get:689, 0.0
org.apache.commons.math.transform.FastFourierTransformer:mdfft:570, 0.0
org.apache.commons.math.transform.FastFourierTransformer$MultiDimensionalComplexMatrix:set:719, 0.0
org.apache.commons.math.transform.FastFourierTransformer$MultiDimensionalComplexMatrix:set:718, 0.0
org.apache.commons.math.transform.FastFourierTransformer$MultiDimensionalComplexMatrix:<init>:667, 0.0
org.apache.commons.math.transform.FastFourierTransformer:mdfft:605, 0.0
org.apache.commons.math.transform.FastFourierTransformer:mdfft:607, 0.0
org.apache.commons.math.transform.FastFourierTransformer:mdfft:606, 0.0
org.apache.commons.math.transform.FastFourierTransformer:mdfft:592, 0.0
org.apache.commons.math.transform.FastFourierTransformer:mdfft:591, 0.0
org.apache.commons.math.transform.FastFourierTransformer$MultiDimensionalComplexMatrix:set:720, 0.0
org.apache.commons.math.transform.FastFourierTransformer$MultiDimensionalComplexMatrix:clone:762, 0.0
org.apache.commons.math.transform.FastFourierTransformer$MultiDimensionalComplexMatrix:clone:760, 0.0
org.apache.commons.math.transform.FastFourierTransformer$MultiDimensionalComplexMatrix:clone:761, 0.0
org.apache.commons.math.transform.FastFourierTransformer$MultiDimensionalComplexMatrix:clone:752, 0.0
org.apache.commons.math.transform.FastFourierTransformer$MultiDimensionalComplexMatrix:clone:751, 0.0
org.apache.commons.math.transform.FastFourierTransformer$MultiDimensionalComplexMatrix:clone:748, 0.0
org.apache.commons.math.transform.FastFourierTransformer:mdfft:604, 0.0
org.apache.commons.math.transform.FastFourierTransformer$MultiDimensionalComplexMatrix:get:677, 0.0
org.apache.commons.math.transform.FastFourierTransformer$MultiDimensionalComplexMatrix:<init>:644, 0.0
org.apache.commons.math.transform.FastFourierTransformer$MultiDimensionalComplexMatrix:<init>:647, 0.0
org.apache.commons.math.transform.FastFourierTransformer$MultiDimensionalComplexMatrix:<init>:648, 0.0
org.apache.commons.math.transform.FastFourierTransformer$MultiDimensionalComplexMatrix:<init>:642, 0.0
org.apache.commons.math.transform.FastFourierTransformer$MultiDimensionalComplexMatrix:clone:774, 0.0
org.apache.commons.math.transform.FastFourierTransformer$MultiDimensionalComplexMatrix:<init>:649, 0.0
org.apache.commons.math.transform.FastFourierTransformer:mdfft:596, 0.0
org.apache.commons.math.transform.FastFourierTransformer$MultiDimensionalComplexMatrix:clone:763, 0.0
org.apache.commons.math.transform.FastFourierTransformer$MultiDimensionalComplexMatrix:set:706, 0.0
org.apache.commons.math.transform.FastFourierTransformer$MultiDimensionalComplexMatrix:get:692, 0.0
org.apache.commons.math.transform.FastFourierTransformer:fft:373, 0.0
org.apache.commons.math.transform.FastFourierTransformer:fft:375, 0.0
org.apache.commons.math.transform.FastFourierTransformer:fft:374, 0.0
org.apache.commons.math.transform.FastFourierTransformer$MultiDimensionalComplexMatrix:<init>:653, 0.0
org.apache.commons.math.transform.FastFourierTransformer$MultiDimensionalComplexMatrix:<init>:652, 0.0
org.apache.commons.math.transform.FastFourierTransformer$MultiDimensionalComplexMatrix:<init>:651, 0.0
org.apache.commons.math.transform.FastFourierTransformer$MultiDimensionalComplexMatrix:<init>:650, 0.0
org.apache.commons.math.transform.FastFourierTransformer:mdfft:610, 0.0
org.apache.commons.math.transform.FastFourierTransformer:mdfft:611, 0.0
org.apache.commons.math.transform.FastFourierTransformer:mdfft:595, 0.0
org.apache.commons.math.transform.FastFourierTransformer$MultiDimensionalComplexMatrix:set:723, 0.0
org.apache.commons.math.transform.FastFourierTransformer$MultiDimensionalComplexMatrix:set:724, 0.0
org.apache.commons.math.transform.FastFourierTransformer$MultiDimensionalComplexMatrix:set:726, 0.0
org.apache.commons.math.transform.FastFourierTransformer$MultiDimensionalComplexMatrix:clone:765, 0.0
org.apache.commons.math.transform.FastFourierTransformer$MultiDimensionalComplexMatrix:get:694, 0.0
org.apache.commons.math.util.MathUtils:indicator:807, 0.0
org.apache.commons.math.stat.descriptive.StatisticalSummaryValues:equals:132, 0.0
org.apache.commons.math.stat.descriptive.StatisticalSummaryValues:equals:135, 0.0
org.apache.commons.math.stat.descriptive.SummaryStatistics:equals:357, 0.0
org.apache.commons.math.stat.descriptive.SummaryStatistics:equals:360, 0.0
org.apache.commons.math.stat.descriptive.SynchronizedSummaryStatistics:clear:154, 0.0
org.apache.commons.math.stat.descriptive.SynchronizedSummaryStatistics:clear:155, 0.0
org.apache.commons.math.stat.descriptive.AbstractStorelessUnivariateStatistic:equals:165, 0.0
org.apache.commons.math.stat.descriptive.AbstractStorelessUnivariateStatistic:equals:162, 0.0
org.apache.commons.math.distribution.BinomialDistributionImpl:getProbabilityOfSuccess:70, 0.0
org.apache.commons.math.distribution.BinomialDistributionImpl:cumulativeProbability:166, 0.0
org.apache.commons.math.distribution.BinomialDistributionImpl:cumulativeProbability:167, 0.0
org.apache.commons.math.distribution.BinomialDistributionImpl:cumulativeProbability:169, 0.0
org.apache.commons.math.distribution.BinomialDistributionImpl:cumulativeProbability:164, 0.0
org.apache.commons.math.distribution.BinomialDistributionImpl:cumulativeProbability:172, 0.0
org.apache.commons.math.distribution.BinomialDistributionImpl:cumulativeProbability:165, 0.0
org.apache.commons.math.distribution.SaddlePointExpansion:logBinomialProbability:180, 0.0
org.apache.commons.math.distribution.AbstractIntegerDistribution:inverseCumulativeProbability:205, 0.0
org.apache.commons.math.distribution.AbstractIntegerDistribution:inverseCumulativeProbability:204, 0.0
org.apache.commons.math.distribution.SaddlePointExpansion:getStirlingError:111, 0.0
org.apache.commons.math.distribution.SaddlePointExpansion:getDeviancePart:162, 0.0
org.apache.commons.math.distribution.BinomialDistributionImpl:probability:183, 0.0
org.apache.commons.math.distribution.SaddlePointExpansion:logBinomialProbability:181, 0.0
org.apache.commons.math.distribution.SaddlePointExpansion:logBinomialProbability:198, 0.0
org.apache.commons.math.distribution.AbstractIntegerDistribution:inverseCumulativeProbability:203, 0.0
org.apache.commons.math.distribution.AbstractIntegerDistribution:inverseCumulativeProbability:186, 0.0
org.apache.commons.math.distribution.SaddlePointExpansion:getDeviancePart:161, 0.0
org.apache.commons.math.distribution.SaddlePointExpansion:getDeviancePart:160, 0.0
org.apache.commons.math.distribution.BinomialDistributionImpl:getDomainUpperBound:150, 0.0
org.apache.commons.math.distribution.AbstractIntegerDistribution:inverseCumulativeProbability:178, 0.0
org.apache.commons.math.distribution.AbstractIntegerDistribution:inverseCumulativeProbability:176, 0.0
org.apache.commons.math.distribution.AbstractIntegerDistribution:inverseCumulativeProbability:177, 0.0
org.apache.commons.math.distribution.SaddlePointExpansion:getDeviancePart:155, 0.0
org.apache.commons.math.distribution.SaddlePointExpansion:getDeviancePart:156, 0.0
org.apache.commons.math.distribution.SaddlePointExpansion:getDeviancePart:157, 0.0
org.apache.commons.math.distribution.SaddlePointExpansion:getDeviancePart:158, 0.0
org.apache.commons.math.distribution.SaddlePointExpansion:logBinomialProbability:196, 0.0
org.apache.commons.math.distribution.SaddlePointExpansion:logBinomialProbability:192, 0.0
org.apache.commons.math.distribution.SaddlePointExpansion:logBinomialProbability:195, 0.0
org.apache.commons.math.distribution.SaddlePointExpansion:getStirlingError:116, 0.0
org.apache.commons.math.distribution.BinomialDistributionImpl:probability:184, 0.0
org.apache.commons.math.distribution.AbstractIntegerDistribution:inverseCumulativeProbability:180, 0.0
org.apache.commons.math.distribution.AbstractIntegerDistribution:inverseCumulativeProbability:208, 0.0
org.apache.commons.math.distribution.SaddlePointExpansion:logBinomialProbability:179, 0.0
org.apache.commons.math.distribution.AbstractIntegerDistribution:checkedCumulativeProbability:222, 0.0
org.apache.commons.math.distribution.AbstractIntegerDistribution:checkedCumulativeProbability:227, 0.0
org.apache.commons.math.distribution.AbstractIntegerDistribution:checkedCumulativeProbability:224, 0.0
org.apache.commons.math.distribution.SaddlePointExpansion:getDeviancePart:154, 0.0
org.apache.commons.math.distribution.AbstractIntegerDistribution:inverseCumulativeProbability:173, 0.0
org.apache.commons.math.distribution.AbstractIntegerDistribution:inverseCumulativeProbability:172, 0.0
org.apache.commons.math.distribution.BinomialDistributionImpl:probability:190, 0.0
org.apache.commons.math.distribution.AbstractIntegerDistribution:checkedCumulativeProbability:228, 0.0
org.apache.commons.math.distribution.SaddlePointExpansion:getStirlingError:125, 0.0
org.apache.commons.math.distribution.SaddlePointExpansion:getDeviancePart:152, 0.0
org.apache.commons.math.distribution.SaddlePointExpansion:getDeviancePart:153, 0.0
org.apache.commons.math.distribution.SaddlePointExpansion:getDeviancePart:147, 0.0
org.apache.commons.math.distribution.SaddlePointExpansion:getDeviancePart:148, 0.0
org.apache.commons.math.distribution.SaddlePointExpansion:getDeviancePart:149, 0.0
org.apache.commons.math.distribution.SaddlePointExpansion:getDeviancePart:150, 0.0
org.apache.commons.math.distribution.SaddlePointExpansion:getDeviancePart:151, 0.0
org.apache.commons.math.distribution.AbstractIntegerDistribution:inverseCumulativeProbability:193, 0.0
org.apache.commons.math.distribution.AbstractIntegerDistribution:inverseCumulativeProbability:175, 0.0
org.apache.commons.math.distribution.BinomialDistributionImpl:probability:186, 0.0
org.apache.commons.math.distribution.SaddlePointExpansion:getDeviancePart:146, 0.0
org.apache.commons.math.distribution.AbstractIntegerDistribution:inverseCumulativeProbability:190, 0.0
org.apache.commons.math.distribution.AbstractIntegerDistribution:inverseCumulativeProbability:202, 0.0
org.apache.commons.math.distribution.SaddlePointExpansion:getStirlingError:110, 0.0
org.apache.commons.math.distribution.SaddlePointExpansion:getStirlingError:109, 0.0
org.apache.commons.math.distribution.SaddlePointExpansion:<clinit>:51, 0.0
org.apache.commons.math.distribution.SaddlePointExpansion:<clinit>:48, 0.0
org.apache.commons.math.distribution.AbstractIntegerDistribution:checkedCumulativeProbability:232, 0.0
org.apache.commons.math.distribution.SaddlePointExpansion:logBinomialProbability:185, 0.0
org.apache.commons.math.distribution.AbstractIntegerDistribution:inverseCumulativeProbability:199, 0.0
org.apache.commons.math.distribution.SaddlePointExpansion:getDeviancePart:164, 0.0
org.apache.commons.math.distribution.SaddlePointExpansion:getStirlingError:108, 0.0
org.apache.commons.math.distribution.BinomialDistributionImpl:getDomainLowerBound:137, 0.0
org.apache.commons.math.distribution.AbstractIntegerDistribution:inverseCumulativeProbability:196, 0.0
org.apache.commons.math.distribution.SaddlePointExpansion:logBinomialProbability:187, 0.0
org.apache.commons.math.distribution.SaddlePointExpansion:logBinomialProbability:186, 0.0
org.apache.commons.math.distribution.SaddlePointExpansion:logBinomialProbability:183, 0.0
org.apache.commons.math.distribution.AbstractIntegerDistribution:cumulativeProbability:89, 0.0
org.apache.commons.math.distribution.AbstractIntegerDistribution:cumulativeProbability:97, 0.0
org.apache.commons.math.distribution.AbstractIntegerDistribution:cumulativeProbability:150, 0.0
org.apache.commons.math.distribution.AbstractIntegerDistribution:cumulativeProbability:94, 0.0
org.apache.commons.math.distribution.AbstractIntegerDistribution:cumulativeProbability:70, 0.0
org.apache.commons.math.distribution.AbstractIntegerDistribution:cumulativeProbability:93, 0.0
org.apache.commons.math.distribution.BinomialDistributionImpl:inverseCumulativeProbability:212, 0.0
org.apache.commons.math.distribution.BinomialDistributionImpl:inverseCumulativeProbability:215, 0.0
org.apache.commons.math.distribution.PascalDistributionImpl:cumulativeProbability:157, 0.0
org.apache.commons.math.distribution.PascalDistributionImpl:cumulativeProbability:163, 0.0
org.apache.commons.math.distribution.PascalDistributionImpl:cumulativeProbability:160, 0.0
org.apache.commons.math.distribution.PascalDistributionImpl:cumulativeProbability:158, 0.0
org.apache.commons.math.util.MathUtils:binomialCoefficient:212, 0.0
org.apache.commons.math.util.MathUtils:binomialCoefficient:211, 0.0
org.apache.commons.math.distribution.PascalDistributionImpl:getDomainUpperBound:144, 0.0
org.apache.commons.math.util.MathUtils:binomialCoefficientDouble:270, 0.0
org.apache.commons.math.util.MathUtils:binomialCoefficientDouble:279, 0.0
org.apache.commons.math.util.MathUtils:binomialCoefficient:213, 0.0
org.apache.commons.math.util.MathUtils:binomialCoefficient:214, 0.0
org.apache.commons.math.distribution.PascalDistributionImpl:probability:173, 0.0
org.apache.commons.math.util.MathUtils:binomialCoefficient:242, 0.0
org.apache.commons.math.distribution.PascalDistributionImpl:probability:174, 0.0
org.apache.commons.math.util.MathUtils:binomialCoefficientDouble:273, 0.0
org.apache.commons.math.distribution.PascalDistributionImpl:probability:176, 0.0
org.apache.commons.math.distribution.PascalDistributionImpl:getDomainLowerBound:131, 0.0
org.apache.commons.math.distribution.PascalDistributionImpl:inverseCumulativeProbability:210, 0.0
org.apache.commons.math.distribution.PascalDistributionImpl:probability:181, 0.0
org.apache.commons.math.util.MathUtils:binomialCoefficientDouble:276, 0.0
org.apache.commons.math.distribution.PascalDistributionImpl:inverseCumulativeProbability:203, 0.0
org.apache.commons.math.distribution.PascalDistributionImpl:inverseCumulativeProbability:205, 0.0
org.apache.commons.math.stat.inference.OneWayAnovaImpl$AnovaStats:access$100:185, 0.0
org.apache.commons.math.stat.inference.OneWayAnovaImpl$AnovaStats:access$200:185, 0.0
org.apache.commons.math.stat.inference.OneWayAnovaImpl:anovaPValue:85, 0.0
org.apache.commons.math.stat.inference.OneWayAnovaImpl:anovaPValue:87, 0.0
org.apache.commons.math.stat.inference.OneWayAnovaImpl:anovaPValue:86, 0.0
org.apache.commons.math.stat.inference.OneWayAnovaImpl:anovaTest:103, 0.0
org.apache.commons.math.stat.inference.OneWayAnovaImpl:anovaTest:108, 0.0
org.apache.commons.math.stat.inference.TTestImpl:pairedTTest:167, 0.0
org.apache.commons.math.stat.inference.TTestImpl:pairedTTest:127, 0.0
org.apache.commons.math.stat.inference.TTestImpl:pairedTTest:126, 0.0
org.apache.commons.math.stat.inference.TTestImpl:pairedTTest:166, 0.0
org.apache.commons.math.stat.inference.TTestImpl:pairedT:85, 0.0
org.apache.commons.math.stat.inference.TTestImpl:pairedT:84, 0.0
org.apache.commons.math.stat.inference.TTestImpl:pairedT:86, 0.0
org.apache.commons.math.stat.inference.TTestImpl:pairedT:83, 0.0
org.apache.commons.math.stat.inference.TTestImpl:homoscedasticTTest:734, 0.0
org.apache.commons.math.stat.inference.TTestImpl:homoscedasticTTest:614, 0.0
org.apache.commons.math.stat.inference.TTestImpl:homoscedasticTTest:612, 0.0
org.apache.commons.math.stat.inference.TTestImpl:homoscedasticTTest:613, 0.0
org.apache.commons.math.stat.inference.TTestImpl:homoscedasticTTest:1010, 0.0
org.apache.commons.math.stat.inference.TTestImpl:homoscedasticTTest:1011, 0.0
org.apache.commons.math.stat.inference.TTestImpl:homoscedasticTTest:1012, 0.0
org.apache.commons.math.stat.inference.TTestImpl:homoscedasticTTest:1013, 0.0
org.apache.commons.math.stat.inference.TTestImpl:homoscedasticT:252, 0.0
org.apache.commons.math.stat.inference.TTestImpl:homoscedasticT:250, 0.0
org.apache.commons.math.stat.inference.TTestImpl:homoscedasticT:251, 0.0
org.apache.commons.math.stat.inference.TTestImpl:homoscedasticT:946, 0.0
org.apache.commons.math.stat.inference.TTestImpl:homoscedasticT:947, 0.0
org.apache.commons.math.stat.inference.TTestImpl:homoscedasticTTest:817, 0.0
org.apache.commons.math.stat.inference.TTestImpl:homoscedasticTTest:816, 0.0
org.apache.commons.math.stat.inference.TTestImpl:homoscedasticTTest:818, 0.0
org.apache.commons.math.stat.inference.TTestImpl:homoscedasticTTest:733, 0.0
org.apache.commons.math.stat.inference.TestUtils:oneWayAnovaPValue:400, 0.0
org.apache.commons.math.stat.inference.TestUtils:oneWayAnovaFValue:390, 0.0
org.apache.commons.math.stat.inference.TestUtils:oneWayAnovaTest:410, 0.0
org.apache.commons.math.stat.inference.TestUtils:pairedTTest:199, 0.0
org.apache.commons.math.stat.inference.TestUtils:pairedT:182, 0.0
org.apache.commons.math.stat.inference.TestUtils:pairedTTest:191, 0.0
org.apache.commons.math.stat.inference.TestUtils:homoscedasticTTest:157, 0.0
org.apache.commons.math.stat.inference.TestUtils:homoscedasticTTest:174, 0.0
org.apache.commons.math.stat.inference.TestUtils:homoscedasticT:139, 0.0
org.apache.commons.math.distribution.BetaDistributionImpl:density:151, 0.0
org.apache.commons.math.distribution.BetaDistributionImpl:recomputeZ:121, 0.0
org.apache.commons.math.distribution.BetaDistributionImpl:density:143, 0.0
org.apache.commons.math.distribution.BetaDistributionImpl:density:142, 0.0
org.apache.commons.math.distribution.BetaDistributionImpl:recomputeZ:118, 0.0
org.apache.commons.math.distribution.BetaDistributionImpl:density:131, 0.0
org.apache.commons.math.distribution.BetaDistributionImpl:recomputeZ:119, 0.0
org.apache.commons.math.distribution.BetaDistributionImpl:density:160, 0.0
org.apache.commons.math.distribution.BetaDistributionImpl:density:158, 0.0
org.apache.commons.math.distribution.BetaDistributionImpl:density:159, 0.0
org.apache.commons.math.distribution.BetaDistributionImpl:density:145, 0.0
org.apache.commons.math.distribution.ChiSquaredDistributionImpl:density:119, 0.0
org.apache.commons.math.distribution.GammaDistributionImpl:cumulativeProbability:96, 0.0
org.apache.commons.math.distribution.PoissonDistributionImpl:cumulativeProbability:212, 0.0
org.apache.commons.math.distribution.PoissonDistributionImpl:cumulativeProbability:214, 0.0
org.apache.commons.math.distribution.PoissonDistributionImpl:cumulativeProbability:217, 0.0
org.apache.commons.math.distribution.PoissonDistributionImpl:cumulativeProbability:211, 0.0
org.apache.commons.math.util.ContinuedFraction:evaluate:170, 0.0
org.apache.commons.math.util.ContinuedFraction:evaluate:157, 0.0
org.apache.commons.math.util.ContinuedFraction:evaluate:158, 0.0
org.apache.commons.math.util.ContinuedFraction:evaluate:168, 0.0
org.apache.commons.math.util.ContinuedFraction:evaluate:164, 0.0
org.apache.commons.math.util.ContinuedFraction:evaluate:161, 0.0
org.apache.commons.math.util.ContinuedFraction:evaluate:160, 0.0
org.apache.commons.math.util.ContinuedFraction:evaluate:159, 0.0
org.apache.commons.math.util.ContinuedFraction:evaluate:166, 0.0
org.apache.commons.math.util.ContinuedFraction:evaluate:165, 0.0
org.apache.commons.math.util.ContinuedFraction:evaluate:169, 0.0
org.apache.commons.math.util.ContinuedFraction:evaluate:152, 0.0
org.apache.commons.math.util.ContinuedFraction:evaluate:148, 0.0
org.apache.commons.math.util.ContinuedFraction:evaluate:149, 0.0
org.apache.commons.math.util.ContinuedFraction:evaluate:150, 0.0
org.apache.commons.math.util.ContinuedFraction:evaluate:151, 0.0
org.apache.commons.math.distribution.PoissonDistributionImpl:getDomainUpperBound:263, 0.0
org.apache.commons.math.distribution.PoissonDistributionImpl:getDomainLowerBound:250, 0.0
org.apache.commons.math.distribution.PoissonDistributionImpl:cumulativeProbability:215, 0.0
org.apache.commons.math.distribution.PoissonDistributionImpl:normalApproximateProbability:237, 0.0
org.apache.commons.math.stat.inference.ChiSquareTestImpl:chiSquareTestDataSetsComparison:312, 0.0
org.apache.commons.math.stat.inference.ChiSquareTestImpl:chiSquareTestDataSetsComparison:317, 0.0
org.apache.commons.math.stat.inference.ChiSquareTestImpl:chiSquareDataSetsComparison:282, 0.0
org.apache.commons.math.stat.inference.ChiSquareTestImpl:chiSquareDataSetsComparison:277, 0.0
org.apache.commons.math.util.ContinuedFraction:evaluate:85, 0.0
org.apache.commons.math.distribution.CauchyDistributionImpl:getMedian:98, 0.0
org.apache.commons.math.distribution.CauchyDistributionImpl:setMedian:157, 0.0
org.apache.commons.math.distribution.CauchyDistributionImpl:setMedian:158, 0.0
org.apache.commons.math.distribution.CauchyDistributionImpl:getScale:106, 0.0
org.apache.commons.math.distribution.ExponentialDistributionImpl:density:120, 0.0
org.apache.commons.math.distribution.ExponentialDistributionImpl:density:107, 0.0
org.apache.commons.math.distribution.NormalDistributionImpl:density:155, 0.0
org.apache.commons.math.distribution.PoissonDistributionImpl:probability:188, 0.0
org.apache.commons.math.distribution.PoissonDistributionImpl:probability:189, 0.0
org.apache.commons.math.distribution.PoissonDistributionImpl:probability:197, 0.0
org.apache.commons.math.distribution.PoissonDistributionImpl:probability:191, 0.0
org.apache.commons.math.distribution.PoissonDistributionImpl:probability:190, 0.0
org.apache.commons.math.distribution.PoissonDistributionImpl:probability:193, 0.0
org.apache.commons.math.distribution.SaddlePointExpansion:getStirlingError:118, 0.0
org.apache.commons.math.distribution.SaddlePointExpansion:getStirlingError:117, 0.0
org.apache.commons.math.distribution.WeibullDistributionImpl:getShape:98, 0.0
org.apache.commons.math.distribution.WeibullDistributionImpl:getScale:106, 0.0
org.apache.commons.math.stat.regression.SimpleRegression:getSlope:302, 0.0
org.apache.commons.math.stat.regression.SimpleRegression:getN:236, 0.0
org.apache.commons.math.stat.regression.SimpleRegression:clear:222, 0.0
org.apache.commons.math.stat.regression.SimpleRegression:clear:223, 0.0
org.apache.commons.math.stat.regression.SimpleRegression:clear:228, 0.0
org.apache.commons.math.stat.regression.SimpleRegression:clear:227, 0.0
org.apache.commons.math.stat.regression.SimpleRegression:clear:226, 0.0
org.apache.commons.math.stat.regression.SimpleRegression:clear:225, 0.0
org.apache.commons.math.stat.regression.SimpleRegression:clear:224, 0.0
org.apache.commons.math.stat.regression.SimpleRegression:getSlope:299, 0.0
org.apache.commons.math.stat.regression.SimpleRegression:getMeanSquareError:412, 0.0
org.apache.commons.math.stat.regression.SimpleRegression:getIntercept:278, 0.0
org.apache.commons.math.stat.regression.SimpleRegression:getIntercept:595, 0.0
org.apache.commons.math.stat.regression.SimpleRegression:getRegressionSumSquares:605, 0.0
org.apache.commons.math.stat.regression.SimpleRegression:getRegressionSumSquares:397, 0.0
org.apache.commons.math.stat.regression.SimpleRegression:predict:258, 0.0
org.apache.commons.math.stat.regression.SimpleRegression:predict:257, 0.0
org.apache.commons.math.stat.regression.SimpleRegression:getTotalSumSquares:352, 0.0
org.apache.commons.math.distribution.SaddlePointExpansion:logBinomialProbability:189, 0.0
org.apache.commons.math.distribution.HypergeometricDistributionImpl:getDomain:107, 0.0
org.apache.commons.math.distribution.HypergeometricDistributionImpl:cumulativeProbability:90, 0.0
org.apache.commons.math.distribution.HypergeometricDistributionImpl:cumulativeProbability:85, 0.0
org.apache.commons.math.distribution.HypergeometricDistributionImpl:cumulativeProbability:84, 0.0
org.apache.commons.math.distribution.HypergeometricDistributionImpl:getUpperDomain:185, 0.0
org.apache.commons.math.distribution.HypergeometricDistributionImpl:innerCumulativeProbability:348, 0.0
org.apache.commons.math.distribution.HypergeometricDistributionImpl:innerCumulativeProbability:347, 0.0
org.apache.commons.math.util.MathUtils:binomialCoefficientLog:321, 0.0
org.apache.commons.math.util.MathUtils:binomialCoefficientLog:311, 0.0
org.apache.commons.math.distribution.HypergeometricDistributionImpl:probability:227, 0.0
org.apache.commons.math.distribution.HypergeometricDistributionImpl:innerCumulativeProbability:346, 0.0
org.apache.commons.math.distribution.HypergeometricDistributionImpl:cumulativeProbability:86, 0.0
org.apache.commons.math.util.MathUtils:binomialCoefficientLog:314, 0.0
org.apache.commons.math.distribution.HypergeometricDistributionImpl:cumulativeProbability:94, 0.0
org.apache.commons.math.distribution.HypergeometricDistributionImpl:cumulativeProbability:87, 0.0
org.apache.commons.math.util.MathUtils:binomialCoefficientLog:313, 0.0
org.apache.commons.math.distribution.HypergeometricDistributionImpl:getLowerDomain:146, 0.0
org.apache.commons.math.distribution.HypergeometricDistributionImpl:cumulativeProbability:88, 0.0
org.apache.commons.math.util.MathUtils:binomialCoefficientLog:322, 0.0
org.apache.commons.math.distribution.HypergeometricDistributionImpl:innerCumulativeProbability:350, 0.0
org.apache.commons.math.distribution.HypergeometricDistributionImpl:innerCumulativeProbability:345, 0.0
org.apache.commons.math.distribution.HypergeometricDistributionImpl:probability:205, 0.0
org.apache.commons.math.distribution.HypergeometricDistributionImpl:probability:208, 0.0
org.apache.commons.math.distribution.HypergeometricDistributionImpl:probability:201, 0.0
org.apache.commons.math.distribution.HypergeometricDistributionImpl:probability:210, 0.0
org.apache.commons.math.distribution.HypergeometricDistributionImpl:probability:203, 0.0
org.apache.commons.math.distribution.HypergeometricDistributionImpl:probability:202, 0.0
org.apache.commons.math.distribution.HypergeometricDistributionImpl:probability:213, 0.0
org.apache.commons.math.distribution.HypergeometricDistributionImpl:getDomainLowerBound:120, 0.0
org.apache.commons.math.distribution.HypergeometricDistributionImpl:probability:197, 0.0
org.apache.commons.math.distribution.HypergeometricDistributionImpl:probability:198, 0.0
org.apache.commons.math.distribution.HypergeometricDistributionImpl:probability:199, 0.0
org.apache.commons.math.distribution.HypergeometricDistributionImpl:getDomainUpperBound:133, 0.0
org.apache.commons.math.util.MathUtils:binomialCoefficientLog:348, 0.0
org.apache.commons.math.util.MathUtils:binomialCoefficientLog:343, 0.0
org.apache.commons.math.util.MathUtils:binomialCoefficientLog:344, 0.0
org.apache.commons.math.util.MathUtils:binomialCoefficientLog:352, 0.0
org.apache.commons.math.distribution.HypergeometricDistributionImpl:upperCumulativeProbability:323, 0.0
org.apache.commons.math.util.MathUtils:binomialCoefficientLog:349, 0.0
org.apache.commons.math.util.MathUtils:binomialCoefficientLog:329, 0.0
org.apache.commons.math.distribution.HypergeometricDistributionImpl:upperCumulativeProbability:326, 0.0
org.apache.commons.math.util.MathUtils:binomialCoefficientLog:333, 0.0
org.apache.commons.math.distribution.HypergeometricDistributionImpl:upperCumulativeProbability:320, 0.0
org.apache.commons.math.util.MathUtils:binomialCoefficientLog:330, 0.0
org.apache.commons.math.distribution.HypergeometricDistributionImpl:upperCumulativeProbability:317, 0.0
org.apache.commons.math.distribution.HypergeometricDistributionImpl:upperCumulativeProbability:318, 0.0
org.apache.commons.math.util.MathUtils:binomialCoefficientLog:340, 0.0
org.apache.commons.math.distribution.ZipfDistributionImpl:generalizedHarmonic:210, 0.0
org.apache.commons.math.distribution.ZipfDistributionImpl:cumulativeProbability:161, 0.0
org.apache.commons.math.distribution.ZipfDistributionImpl:generalizedHarmonic:207, 0.0
org.apache.commons.math.distribution.ZipfDistributionImpl:generalizedHarmonic:208, 0.0
org.apache.commons.math.distribution.ZipfDistributionImpl:cumulativeProbability:159, 0.0
org.apache.commons.math.distribution.ZipfDistributionImpl:cumulativeProbability:160, 0.0
org.apache.commons.math.distribution.ZipfDistributionImpl:generalizedHarmonic:206, 0.0
org.apache.commons.math.distribution.ZipfDistributionImpl:cumulativeProbability:165, 0.0
org.apache.commons.math.distribution.ZipfDistributionImpl:cumulativeProbability:162, 0.0
org.apache.commons.math.distribution.ZipfDistributionImpl:probability:143, 0.0
org.apache.commons.math.distribution.ZipfDistributionImpl:probability:144, 0.0
org.apache.commons.math.distribution.ZipfDistributionImpl:probability:147, 0.0
org.apache.commons.math.distribution.ZipfDistributionImpl:getDomainUpperBound:192, 0.0
org.apache.commons.math.distribution.ZipfDistributionImpl:getDomainLowerBound:179, 0.0
org.apache.commons.math.util.MathUtils:binomialCoefficient:231, 0.0
org.apache.commons.math.util.MathUtils:binomialCoefficient:194, 0.0
org.apache.commons.math.util.MathUtils:binomialCoefficient:220, 0.0
org.apache.commons.math.util.MathUtils:binomialCoefficient:219, 0.0
org.apache.commons.math.util.MathUtils:addAndCheck:163, 0.0
org.apache.commons.math.util.MathUtils:addAndCheck:117, 0.0
org.apache.commons.math.util.MathUtils:addAndCheck:139, 0.0
org.apache.commons.math.util.MathUtils:binomialCoefficient:197, 0.0
org.apache.commons.math.util.MathUtils:addAndCheck:135, 0.0
org.apache.commons.math.util.MathUtils:binomialCoefficient:229, 0.0
org.apache.commons.math.util.MathUtils:binomialCoefficient:228, 0.0
org.apache.commons.math.util.MathUtils:binomialCoefficient:227, 0.0
org.apache.commons.math.util.MathUtils:addAndCheck:157, 0.0
org.apache.commons.math.util.MathUtils:addAndCheck:133, 0.0
org.apache.commons.math.util.MathUtils:binomialCoefficientLog:334, 0.0
org.apache.commons.math.util.MathUtils:addAndCheck:156, 0.0
org.apache.commons.math.util.MathUtils:addAndCheck:159, 0.0
org.apache.commons.math.stat.descriptive.moment.Mean:evaluate:212, 0.0
org.apache.commons.math.stat.descriptive.moment.Mean:evaluate:204, 0.0
org.apache.commons.math.stat.descriptive.moment.Mean:evaluate:207, 0.0
org.apache.commons.math.stat.descriptive.moment.Mean:evaluate:208, 0.0
org.apache.commons.math.stat.descriptive.moment.Mean:evaluate:211, 0.0
org.apache.commons.math.stat.descriptive.AbstractUnivariateStatistic:test:165, 0.0
org.apache.commons.math.stat.descriptive.summary.Sum:evaluate:163, 0.0
org.apache.commons.math.stat.descriptive.AbstractUnivariateStatistic:test:174, 0.0
org.apache.commons.math.random.RandomDataImpl:nextGaussian:443, 0.0
org.apache.commons.math.stat.descriptive.AbstractUnivariateStatistic:test:164, 0.0
org.apache.commons.math.stat.descriptive.moment.Mean:evaluate:245, 0.0
org.apache.commons.math.stat.descriptive.summary.Sum:evaluate:162, 0.0
org.apache.commons.math.stat.descriptive.AbstractUnivariateStatistic:test:150, 0.0
org.apache.commons.math.stat.descriptive.AbstractUnivariateStatistic:test:151, 0.0
org.apache.commons.math.stat.descriptive.AbstractUnivariateStatistic:test:141, 0.0
org.apache.commons.math.stat.descriptive.AbstractUnivariateStatistic:test:156, 0.0
org.apache.commons.math.stat.descriptive.summary.Sum:evaluate:161, 0.0
org.apache.commons.math.stat.descriptive.summary.Sum:evaluate:160, 0.0
org.apache.commons.math.stat.descriptive.summary.Sum:evaluate:167, 0.0
org.apache.commons.math.stat.descriptive.AbstractUnivariateStatistic:test:169, 0.0
org.apache.commons.math.stat.descriptive.moment.Mean:evaluate:213, 0.0
org.apache.commons.math.random.RandomDataImpl:nextGaussian:447, 0.0
org.apache.commons.math.stat.descriptive.moment.Mean:evaluate:203, 0.0
org.apache.commons.math.stat.descriptive.summary.Sum:evaluate:164, 0.0
org.apache.commons.math.stat.descriptive.moment.Mean:evaluate:215, 0.0
org.apache.commons.math.stat.descriptive.AbstractUnivariateStatistic:test:145, 0.0
org.apache.commons.math.stat.descriptive.AbstractUnivariateStatistic:test:152, 0.0
org.apache.commons.math.stat.descriptive.AbstractUnivariateStatistic:test:160, 0.0
org.apache.commons.math.stat.descriptive.moment.Variance:evaluate:519, 0.0
org.apache.commons.math.stat.descriptive.moment.Variance:evaluate:501, 0.0
org.apache.commons.math.stat.descriptive.moment.Variance:evaluate:502, 0.0
org.apache.commons.math.stat.descriptive.moment.Variance:evaluate:503, 0.0
org.apache.commons.math.stat.descriptive.moment.Variance:evaluate:504, 0.0
org.apache.commons.math.stat.descriptive.moment.Variance:evaluate:492, 0.0
org.apache.commons.math.stat.descriptive.moment.Variance:evaluate:494, 0.0
org.apache.commons.math.stat.descriptive.moment.Variance:evaluate:508, 0.0
org.apache.commons.math.stat.descriptive.moment.Variance:evaluate:507, 0.0
org.apache.commons.math.stat.descriptive.moment.Variance:evaluate:304, 0.0
org.apache.commons.math.stat.descriptive.moment.Variance:evaluate:306, 0.0
org.apache.commons.math.stat.descriptive.moment.Variance:evaluate:495, 0.0
org.apache.commons.math.stat.descriptive.moment.Variance:evaluate:509, 0.0
org.apache.commons.math.stat.descriptive.moment.Variance:evaluate:307, 0.0
org.apache.commons.math.stat.descriptive.moment.Variance:evaluate:308, 0.0
org.apache.commons.math.stat.descriptive.moment.Variance:evaluate:358, 0.0
org.apache.commons.math.stat.descriptive.moment.Variance:evaluate:512, 0.0
org.apache.commons.math.stat.descriptive.moment.Variance:evaluate:497, 0.0
org.apache.commons.math.stat.descriptive.moment.Variance:evaluate:316, 0.0
org.apache.commons.math.stat.descriptive.moment.Variance:evaluate:313, 0.0
org.apache.commons.math.stat.descriptive.moment.Variance:evaluate:312, 0.0
org.apache.commons.math.stat.descriptive.moment.Variance:evaluate:311, 0.0
org.apache.commons.math.stat.descriptive.moment.Variance:evaluate:513, 0.0
org.apache.commons.math.stat.descriptive.moment.Variance:evaluate:500, 0.0
org.apache.commons.math.stat.descriptive.moment.Variance:evaluate:498, 0.0
org.apache.commons.math.stat.descriptive.moment.Variance:evaluate:499, 0.0
org.apache.commons.math.stat.descriptive.moment.Variance:evaluate:310, 0.0
org.apache.commons.math.stat.descriptive.summary.Product:evaluate:162, 0.0
org.apache.commons.math.stat.descriptive.summary.Product:evaluate:161, 0.0
org.apache.commons.math.stat.descriptive.summary.Product:evaluate:163, 0.0
org.apache.commons.math.stat.descriptive.summary.Product:evaluate:164, 0.0
org.apache.commons.math.stat.descriptive.summary.Product:evaluate:195, 0.0
org.apache.commons.math.stat.descriptive.summary.Product:evaluate:165, 0.0
org.apache.commons.math.stat.descriptive.summary.Product:evaluate:168, 0.0
org.apache.commons.math.estimation.EstimatedParameter:setBound:118, 0.0
org.apache.commons.math.estimation.EstimatedParameter:setBound:117, 0.0
org.apache.commons.math.estimation.LevenbergMarquardtEstimator:qrDecomposition:834, 0.0
org.apache.commons.math.estimation.LevenbergMarquardtEstimator:qrDecomposition:833, 0.0
org.apache.commons.math.estimation.LevenbergMarquardtEstimator:determineLMParameter:503, 0.0
org.apache.commons.math.estimation.LevenbergMarquardtEstimator:determineLMParameter:589, 0.0
org.apache.commons.math.estimation.LevenbergMarquardtEstimator:determineLMParameter:582, 0.0
org.apache.commons.math.estimation.LevenbergMarquardtEstimator:estimate:298, 0.0
org.apache.commons.math.estimation.WeightedMeasurement:getMeasuredValue:115, 0.0
org.apache.commons.math.linear.MatrixUtils:fractionMatrixToRealMatrix:664, 0.0
org.apache.commons.math.linear.MatrixUtils:fractionMatrixToRealMatrix:665, 0.0
org.apache.commons.math.linear.MatrixUtils:fractionMatrixToRealMatrix:666, 0.0
org.apache.commons.math.linear.MatrixUtils$FractionMatrixConverter:<init>:678, 0.0
org.apache.commons.math.linear.MatrixUtils$FractionMatrixConverter:<init>:677, 0.0
org.apache.commons.math.linear.MatrixUtils$FractionMatrixConverter:start:685, 0.0
org.apache.commons.math.linear.MatrixUtils$FractionMatrixConverter:start:684, 0.0
org.apache.commons.math.linear.MatrixUtils$FractionMatrixConverter:getConvertedMatrix:697, 0.0
org.apache.commons.math.linear.MatrixUtils$FractionMatrixConverter:visit:690, 0.0
org.apache.commons.math.linear.MatrixUtils$FractionMatrixConverter:visit:691, 0.0
org.apache.commons.math.optimization.LeastSquaresConverter:value:173, 0.0
org.apache.commons.math.optimization.LeastSquaresConverter:value:172, 0.0
org.apache.commons.math.optimization.LeastSquaresConverter:value:183, 0.0
org.apache.commons.math.optimization.LeastSquaresConverter:value:184, 0.0
org.apache.commons.math.optimization.LeastSquaresConverter:value:167, 0.0
org.apache.commons.math.optimization.LeastSquaresConverter:value:188, 0.0
org.apache.commons.math.optimization.LeastSquaresConverter:value:168, 0.0
org.apache.commons.math.optimization.LeastSquaresConverter:value:178, 0.0
org.apache.commons.math.optimization.LeastSquaresConverter:<init>:76, 0.0
org.apache.commons.math.optimization.LeastSquaresConverter:<init>:77, 0.0
org.apache.commons.math.optimization.LeastSquaresConverter:<init>:78, 0.0
org.apache.commons.math.optimization.LeastSquaresConverter:<init>:79, 0.0
org.apache.commons.math.optimization.LeastSquaresConverter:<init>:81, 0.0
org.apache.commons.math.optimization.LeastSquaresConverter:<init>:80, 0.0
org.apache.commons.math.optimization.LeastSquaresConverter:value:163, 0.0
org.apache.commons.math.optimization.LeastSquaresConverter:value:162, 0.0
org.apache.commons.math.optimization.LeastSquaresConverter:value:174, 0.0
org.apache.commons.math.optimization.LeastSquaresConverter:value:176, 0.0
org.apache.commons.math.optimization.LeastSquaresConverter:value:175, 0.0
org.apache.commons.math.optimization.LeastSquaresConverter:<init>:114, 0.0
org.apache.commons.math.optimization.LeastSquaresConverter:<init>:113, 0.0
org.apache.commons.math.optimization.LeastSquaresConverter:<init>:119, 0.0
org.apache.commons.math.optimization.LeastSquaresConverter:<init>:123, 0.0
org.apache.commons.math.optimization.LeastSquaresConverter:<init>:122, 0.0
org.apache.commons.math.optimization.LeastSquaresConverter:<init>:121, 0.0
org.apache.commons.math.optimization.LeastSquaresConverter:<init>:120, 0.0
org.apache.commons.math.optimization.LeastSquaresConverter:value:179, 0.0
org.apache.commons.math.optimization.LeastSquaresConverter:<init>:146, 0.0
org.apache.commons.math.optimization.LeastSquaresConverter:<init>:147, 0.0
org.apache.commons.math.optimization.LeastSquaresConverter:value:180, 0.0
org.apache.commons.math.optimization.LeastSquaresConverter:<init>:152, 0.0
org.apache.commons.math.optimization.LeastSquaresConverter:<init>:153, 0.0
org.apache.commons.math.optimization.LeastSquaresConverter:<init>:154, 0.0
org.apache.commons.math.optimization.LeastSquaresConverter:<init>:155, 0.0
org.apache.commons.math.optimization.LeastSquaresConverter:<init>:156, 0.0
org.apache.commons.math.linear.AbstractRealMatrix$2:<init>:234, 0.0
org.apache.commons.math.linear.AbstractRealMatrix$2:start:244, 0.0
org.apache.commons.math.linear.AbstractRealMatrix$2:start:243, 0.0
org.apache.commons.math.linear.AbstractRealMatrix$2:end:253, 0.0
org.apache.commons.math.linear.AbstractRealMatrix:getFrobeniusNorm:234, 0.0
org.apache.commons.math.linear.AbstractRealMatrix$2:visit:248, 0.0
org.apache.commons.math.linear.AbstractRealMatrix$2:visit:249, 0.0
org.apache.commons.math.linear.Array2DRowRealMatrix:getEntry:375, 0.0
org.apache.commons.math.linear.Array2DRowRealMatrix:getEntry:376, 0.0
org.apache.commons.math.linear.AbstractRealMatrix:setColumn:574, 0.0
org.apache.commons.math.linear.AbstractRealMatrix:setColumn:582, 0.0
org.apache.commons.math.linear.AbstractRealMatrix:setColumn:573, 0.0
org.apache.commons.math.linear.AbstractRealMatrix:setColumn:572, 0.0
org.apache.commons.math.linear.AbstractRealMatrix:setColumn:571, 0.0
org.apache.commons.math.linear.AbstractRealMatrix:setColumn:578, 0.0
org.apache.commons.math.linear.AbstractRealMatrix:setColumn:579, 0.0
org.apache.commons.math.linear.AbstractRealMatrix:setRow:546, 0.0
org.apache.commons.math.linear.AbstractRealMatrix:setRow:547, 0.0
org.apache.commons.math.linear.AbstractRealMatrix:setRow:542, 0.0
org.apache.commons.math.linear.AbstractRealMatrix:setRow:541, 0.0
org.apache.commons.math.linear.AbstractRealMatrix:setRow:540, 0.0
org.apache.commons.math.linear.AbstractRealMatrix:setRow:539, 0.0
org.apache.commons.math.linear.AbstractRealMatrix:setRow:550, 0.0
org.apache.commons.math.linear.CholeskyDecompositionImpl:<init>:100, 0.0
org.apache.commons.math.linear.CholeskyDecompositionImpl:getDeterminant:176, 0.0
org.apache.commons.math.linear.CholeskyDecompositionImpl:getDeterminant:178, 0.0
org.apache.commons.math.linear.CholeskyDecompositionImpl:getDeterminant:177, 0.0
org.apache.commons.math.linear.CholeskyDecompositionImpl:getDeterminant:180, 0.0
org.apache.commons.math.linear.CholeskyDecompositionImpl:getDeterminant:175, 0.0
org.apache.commons.math.linear.LUDecompositionImpl:<init>:85, 0.0
org.apache.commons.math.linear.LUDecompositionImpl:getDeterminant:217, 0.0
org.apache.commons.math.linear.LUDecompositionImpl:getDeterminant:221, 0.0
org.apache.commons.math.linear.LUDecompositionImpl:getDeterminant:220, 0.0
org.apache.commons.math.linear.LUDecompositionImpl:getDeterminant:216, 0.0
org.apache.commons.math.linear.LUDecompositionImpl:getDeterminant:224, 0.0
org.apache.commons.math.linear.LUDecompositionImpl:getDeterminant:222, 0.0
org.apache.commons.math.linear.LUDecompositionImpl:getDeterminant:219, 0.0
org.apache.commons.math.linear.TriDiagonalTransformer:<init>:68, 0.0
org.apache.commons.math.linear.RealMatrixImpl:getEntry:357, 0.0
org.apache.commons.math.linear.RealMatrixImpl:getEntry:358, 0.0
org.apache.commons.math.linear.BigMatrixImpl:<clinit>:58, 0.0
org.apache.commons.math.linear.BigMatrixImpl:<clinit>:64, 0.0
org.apache.commons.math.linear.BigMatrixImpl:<clinit>:61, 0.0
org.apache.commons.math.linear.BigMatrixImpl:getDeterminant:950, 0.0
org.apache.commons.math.linear.BigMatrixImpl:getDeterminant:944, 0.0
org.apache.commons.math.linear.BigMatrixImpl:getDeterminant:951, 0.0
org.apache.commons.math.linear.BigMatrixImpl:getDeterminant:952, 0.0
org.apache.commons.math.linear.BigMatrixImpl:getDeterminant:948, 0.0
org.apache.commons.math.linear.BigMatrixImpl:getDeterminant:947, 0.0
org.apache.commons.math.linear.BigMatrixImpl:getDeterminant:945, 0.0
org.apache.commons.math.linear.BigMatrixImpl:getDeterminant:954, 0.0
org.apache.commons.math.linear.BigMatrixImpl:inverse:934, 0.0
org.apache.commons.math.linear.BigMatrixImpl:solve:1151, 0.0
org.apache.commons.math.linear.BigMatrixImpl:isSingular:979, 0.0
org.apache.commons.math.linear.BigMatrixImpl:getLUMatrix:1415, 0.0
org.apache.commons.math.linear.BigMatrixImpl:getPermutation:1432, 0.0
org.apache.commons.math.linear.BigMatrixImpl:getPermutation:1433, 0.0
org.apache.commons.math.linear.BigMatrixImpl:getPermutation:1431, 0.0
org.apache.commons.math.linear.BigMatrixImpl:getLUMatrix:1413, 0.0
org.apache.commons.math.linear.BigMatrixImpl:getLUMatrix:1412, 0.0
org.apache.commons.math.linear.BigMatrixImpl:getTrace:1017, 0.0
org.apache.commons.math.linear.BigMatrixImpl:getTrace:1014, 0.0
org.apache.commons.math.linear.BigMatrixImpl:getTrace:1011, 0.0
org.apache.commons.math.linear.BigMatrixImpl:getTrace:1015, 0.0
org.apache.commons.math.linear.BigMatrixImpl:getTrace:1013, 0.0
org.apache.commons.math.linear.BigMatrixImpl:getTrace:1010, 0.0
org.apache.commons.math.linear.BlockFieldMatrix:setColumn:1200, 0.0
org.apache.commons.math.linear.BlockFieldMatrix:setColumn:1199, 0.0
org.apache.commons.math.linear.BlockFieldMatrix:setColumn:1198, 0.0
org.apache.commons.math.linear.BlockFieldMatrix:getColumn:1170, 0.0
org.apache.commons.math.linear.BlockFieldMatrix:setColumn:1197, 0.0
org.apache.commons.math.linear.BlockFieldMatrix:getColumn:1168, 0.0
org.apache.commons.math.linear.BlockFieldMatrix:getColumn:1169, 0.0
org.apache.commons.math.linear.BlockFieldMatrix:setColumn:1195, 0.0
org.apache.commons.math.linear.BlockFieldMatrix:setColumn:1194, 0.0
org.apache.commons.math.linear.BlockFieldMatrix:setColumn:1193, 0.0
org.apache.commons.math.linear.BlockFieldMatrix:setColumn:1196, 0.0
org.apache.commons.math.linear.BlockFieldMatrix:getColumn:1167, 0.0
org.apache.commons.math.linear.BlockFieldMatrix:setColumn:1187, 0.0
org.apache.commons.math.linear.BlockFieldMatrix:getColumn:1159, 0.0
org.apache.commons.math.linear.BlockFieldMatrix:getColumn:1160, 0.0
org.apache.commons.math.linear.BlockFieldMatrix:getColumn:1163, 0.0
org.apache.commons.math.linear.BlockFieldMatrix:getColumn:1165, 0.0
org.apache.commons.math.linear.BlockFieldMatrix:getColumn:1164, 0.0
org.apache.commons.math.linear.BlockFieldMatrix:getColumn:1166, 0.0
org.apache.commons.math.linear.BlockFieldMatrix:setColumn:1186, 0.0
org.apache.commons.math.linear.BlockFieldMatrix:setColumn:1185, 0.0
org.apache.commons.math.linear.BlockFieldMatrix:setColumn:1184, 0.0
org.apache.commons.math.linear.BlockFieldMatrix:setColumn:1205, 0.0
org.apache.commons.math.linear.BlockFieldMatrix:getColumn:1175, 0.0
org.apache.commons.math.linear.BlockFieldMatrix:setColumn:1201, 0.0
org.apache.commons.math.linear.BlockFieldMatrix:getColumn:1171, 0.0
org.apache.commons.math.linear.BlockFieldMatrix:setColumnMatrix:1005, 0.0
org.apache.commons.math.linear.BlockFieldMatrix:setColumnMatrix:1004, 0.0
org.apache.commons.math.linear.BlockFieldMatrix:setColumnMatrix:1006, 0.0
org.apache.commons.math.linear.BlockFieldMatrix:setColumnMatrix:1025, 0.0
org.apache.commons.math.linear.BlockFieldMatrix:setColumnMatrix:988, 0.0
org.apache.commons.math.linear.BlockFieldMatrix:getColumnMatrix:967, 0.0
org.apache.commons.math.linear.BlockFieldMatrix:setColumnMatrix:1021, 0.0
org.apache.commons.math.linear.BlockFieldMatrix:setColumnMatrix:1008, 0.0
org.apache.commons.math.linear.BlockFieldMatrix:getColumnMatrix:966, 0.0
org.apache.commons.math.linear.BlockFieldMatrix:setColumnMatrix:1024, 0.0
org.apache.commons.math.linear.BlockFieldMatrix:setColumnMatrix:1029, 0.0
org.apache.commons.math.linear.BlockFieldMatrix:getColumnMatrix:965, 0.0
org.apache.commons.math.linear.BlockFieldMatrix:getColumnMatrix:964, 0.0
org.apache.commons.math.linear.BlockFieldMatrix:getColumnMatrix:975, 0.0
org.apache.commons.math.linear.BlockFieldMatrix:getColumnMatrix:963, 0.0
org.apache.commons.math.linear.BlockFieldMatrix:setColumnMatrix:1016, 0.0
org.apache.commons.math.linear.BlockFieldMatrix:setColumnMatrix:1017, 0.0
org.apache.commons.math.linear.BlockFieldMatrix:setColumnMatrix:1018, 0.0
org.apache.commons.math.linear.BlockFieldMatrix:setColumnMatrix:1019, 0.0
org.apache.commons.math.linear.BlockFieldMatrix:setColumnMatrix:1020, 0.0
org.apache.commons.math.linear.BlockFieldMatrix:setColumnMatrix:1015, 0.0
org.apache.commons.math.linear.BlockFieldMatrix:getColumnMatrix:957, 0.0
org.apache.commons.math.linear.BlockFieldMatrix:getColumnMatrix:958, 0.0
org.apache.commons.math.linear.BlockFieldMatrix:getColumnMatrix:959, 0.0
org.apache.commons.math.linear.BlockFieldMatrix:getColumnMatrix:953, 0.0
org.apache.commons.math.linear.BlockFieldMatrix:getColumnMatrix:954, 0.0
org.apache.commons.math.linear.BlockFieldMatrix:getColumnMatrix:962, 0.0
org.apache.commons.math.linear.BlockFieldMatrix:getColumnMatrix:961, 0.0
org.apache.commons.math.linear.BlockFieldMatrix:getColumnMatrix:960, 0.0
org.apache.commons.math.linear.BlockFieldMatrix:setColumnMatrix:1033, 0.0
org.apache.commons.math.linear.BlockFieldMatrix:getColumnMatrix:971, 0.0
org.apache.commons.math.linear.BlockFieldMatrix:setColumnMatrix:1022, 0.0
org.apache.commons.math.linear.BlockFieldMatrix:setColumnMatrix:1023, 0.0
org.apache.commons.math.linear.BlockFieldMatrix:setColumnMatrix:987, 0.0
org.apache.commons.math.linear.BlockFieldMatrix:setColumnMatrix:984, 0.0
org.apache.commons.math.linear.BlockFieldMatrix:getColumnVector:1083, 0.0
org.apache.commons.math.linear.BlockFieldMatrix:getColumnVector:1085, 0.0
org.apache.commons.math.linear.BlockFieldMatrix:getColumnVector:1084, 0.0
org.apache.commons.math.linear.BlockFieldMatrix:setColumnVector:1103, 0.0
org.apache.commons.math.linear.BlockFieldMatrix:getColumnVector:1086, 0.0
org.apache.commons.math.linear.BlockFieldMatrix:getColumnVector:1082, 0.0
org.apache.commons.math.linear.BlockFieldMatrix:getColumnVector:1090, 0.0
org.apache.commons.math.linear.BlockFieldMatrix:getColumnVector:1081, 0.0
org.apache.commons.math.linear.BlockFieldMatrix:getColumnVector:1080, 0.0
org.apache.commons.math.linear.BlockFieldMatrix:getColumnVector:1075, 0.0
org.apache.commons.math.linear.BlockFieldMatrix:getColumnVector:1074, 0.0
org.apache.commons.math.linear.BlockFieldMatrix:getColumnVector:1079, 0.0
org.apache.commons.math.linear.BlockFieldMatrix:getColumnVector:1078, 0.0
org.apache.commons.math.linear.BlockFieldMatrix:setColumnVector:1102, 0.0
org.apache.commons.math.linear.BlockFieldMatrix:setColumnVector:1099, 0.0
org.apache.commons.math.linear.BlockFieldMatrix:getRow:1117, 0.0
org.apache.commons.math.linear.BlockFieldMatrix:getRow:1119, 0.0
org.apache.commons.math.linear.BlockFieldMatrix:getRow:1118, 0.0
org.apache.commons.math.linear.BlockFieldMatrix:getRow:1120, 0.0
org.apache.commons.math.linear.BlockFieldMatrix:getRow:1121, 0.0
org.apache.commons.math.linear.BlockFieldMatrix:getRow:1116, 0.0
org.apache.commons.math.linear.BlockFieldMatrix:getRow:1111, 0.0
org.apache.commons.math.linear.BlockFieldMatrix:getRow:1110, 0.0
org.apache.commons.math.linear.BlockFieldMatrix:getRow:1115, 0.0
org.apache.commons.math.linear.BlockFieldMatrix:getRow:1114, 0.0
org.apache.commons.math.linear.BlockFieldMatrix:setRow:1143, 0.0
org.apache.commons.math.linear.BlockFieldMatrix:setRow:1142, 0.0
org.apache.commons.math.linear.BlockFieldMatrix:setRow:1145, 0.0
org.apache.commons.math.linear.BlockFieldMatrix:setRow:1144, 0.0
org.apache.commons.math.linear.BlockFieldMatrix:setRow:1134, 0.0
org.apache.commons.math.linear.BlockFieldMatrix:setRow:1135, 0.0
org.apache.commons.math.linear.BlockFieldMatrix:setRow:1133, 0.0
org.apache.commons.math.linear.BlockFieldMatrix:setRow:1136, 0.0
org.apache.commons.math.linear.BlockFieldMatrix:setRow:1149, 0.0
org.apache.commons.math.linear.BlockFieldMatrix:setRow:1148, 0.0
org.apache.commons.math.linear.BlockFieldMatrix:setRow:1147, 0.0
org.apache.commons.math.linear.BlockFieldMatrix:setRow:1146, 0.0
org.apache.commons.math.linear.BlockFieldMatrix:getRow:1124, 0.0
org.apache.commons.math.linear.BlockFieldMatrix:setRow:1152, 0.0
org.apache.commons.math.linear.BlockFieldMatrix:setRowMatrix:899, 0.0
org.apache.commons.math.linear.BlockFieldMatrix:setRowMatrix:931, 0.0
org.apache.commons.math.linear.BlockFieldMatrix:setRowMatrix:916, 0.0
org.apache.commons.math.linear.BlockFieldMatrix:setRowMatrix:917, 0.0
org.apache.commons.math.linear.BlockFieldMatrix:setRowMatrix:915, 0.0
org.apache.commons.math.linear.BlockFieldMatrix:setRowMatrix:941, 0.0
org.apache.commons.math.linear.BlockFieldMatrix:setRowMatrix:942, 0.0
org.apache.commons.math.linear.BlockFieldMatrix:setRowMatrix:898, 0.0
org.apache.commons.math.linear.BlockFieldMatrix:setRowMatrix:895, 0.0
org.apache.commons.math.linear.BlockFieldMatrix:getRowMatrix:886, 0.0
org.apache.commons.math.linear.BlockFieldMatrix:getRowMatrix:871, 0.0
org.apache.commons.math.linear.BlockFieldMatrix:setRowMatrix:933, 0.0
org.apache.commons.math.linear.BlockFieldMatrix:setRowMatrix:932, 0.0
org.apache.commons.math.linear.BlockFieldMatrix:setRowMatrix:935, 0.0
org.apache.commons.math.linear.BlockFieldMatrix:setRowMatrix:934, 0.0
org.apache.commons.math.linear.BlockFieldMatrix:getRowMatrix:881, 0.0
org.apache.commons.math.linear.BlockFieldMatrix:getRowMatrix:882, 0.0
org.apache.commons.math.linear.BlockFieldMatrix:getRowMatrix:872, 0.0
org.apache.commons.math.linear.BlockFieldMatrix:getRowMatrix:873, 0.0
org.apache.commons.math.linear.BlockFieldMatrix:getRowMatrix:874, 0.0
org.apache.commons.math.linear.BlockFieldMatrix:getRowMatrix:875, 0.0
org.apache.commons.math.linear.BlockFieldMatrix:setRowMatrix:926, 0.0
org.apache.commons.math.linear.BlockFieldMatrix:setRowMatrix:927, 0.0
org.apache.commons.math.linear.BlockFieldMatrix:setRowMatrix:929, 0.0
org.apache.commons.math.linear.BlockFieldMatrix:setRowMatrix:928, 0.0
org.apache.commons.math.linear.BlockFieldMatrix:setRowMatrix:930, 0.0
org.apache.commons.math.linear.BlockFieldMatrix:setRowMatrix:919, 0.0
org.apache.commons.math.linear.BlockFieldMatrix:setRowMatrix:946, 0.0
org.apache.commons.math.linear.BlockFieldMatrix:getRowMatrix:866, 0.0
org.apache.commons.math.linear.BlockFieldMatrix:getRowMatrix:867, 0.0
org.apache.commons.math.linear.BlockFieldMatrix:getRowMatrix:868, 0.0
org.apache.commons.math.linear.BlockFieldMatrix:getRowMatrix:869, 0.0
org.apache.commons.math.linear.BlockFieldMatrix:getRowMatrix:870, 0.0
org.apache.commons.math.linear.BlockFieldMatrix:getRowMatrix:863, 0.0
org.apache.commons.math.linear.BlockFieldMatrix:getRowMatrix:862, 0.0
org.apache.commons.math.linear.BlockFieldMatrix:getRowVector:1054, 0.0
org.apache.commons.math.linear.BlockFieldMatrix:getRowVector:1047, 0.0
org.apache.commons.math.linear.BlockFieldMatrix:getRowVector:1049, 0.0
org.apache.commons.math.linear.BlockFieldMatrix:getRowVector:1048, 0.0
org.apache.commons.math.linear.BlockFieldMatrix:getRowVector:1051, 0.0
org.apache.commons.math.linear.BlockFieldMatrix:getRowVector:1050, 0.0
org.apache.commons.math.linear.BlockFieldMatrix:getRowVector:1041, 0.0
org.apache.commons.math.linear.BlockFieldMatrix:getRowVector:1040, 0.0
org.apache.commons.math.linear.BlockFieldMatrix:getRowVector:1045, 0.0
org.apache.commons.math.linear.BlockFieldMatrix:getRowVector:1044, 0.0
org.apache.commons.math.linear.BlockFieldMatrix:getRowVector:1046, 0.0
org.apache.commons.math.linear.BlockFieldMatrix:setRowVector:1067, 0.0
org.apache.commons.math.linear.BlockFieldMatrix:setRowVector:1066, 0.0
org.apache.commons.math.linear.BlockFieldMatrix:setRowVector:1063, 0.0
org.apache.commons.math.linear.AbstractFieldMatrix:getTrace:660, 0.0
org.apache.commons.math.linear.AbstractFieldMatrix:getTrace:661, 0.0
org.apache.commons.math.linear.AbstractFieldMatrix:getTrace:659, 0.0
org.apache.commons.math.linear.AbstractFieldMatrix:getTrace:662, 0.0
org.apache.commons.math.linear.AbstractFieldMatrix:getTrace:664, 0.0
org.apache.commons.math.linear.AbstractFieldMatrix:getTrace:665, 0.0
org.apache.commons.math.linear.AbstractFieldMatrix:getTrace:666, 0.0
org.apache.commons.math.linear.AbstractFieldMatrix:getTrace:668, 0.0
org.apache.commons.math.linear.FieldLUDecompositionImpl:<init>:75, 0.0
org.apache.commons.math.linear.AbstractFieldMatrix:setColumn:603, 0.0
org.apache.commons.math.linear.AbstractFieldMatrix:getColumn:588, 0.0
org.apache.commons.math.linear.AbstractFieldMatrix:setColumn:599, 0.0
org.apache.commons.math.linear.AbstractFieldMatrix:setColumn:597, 0.0
org.apache.commons.math.linear.AbstractFieldMatrix:setColumn:596, 0.0
org.apache.commons.math.linear.AbstractFieldMatrix:setColumn:598, 0.0
org.apache.commons.math.linear.AbstractFieldMatrix:getColumn:584, 0.0
org.apache.commons.math.linear.AbstractFieldMatrix:getColumn:581, 0.0
org.apache.commons.math.linear.AbstractFieldMatrix:getColumn:582, 0.0
org.apache.commons.math.linear.AbstractFieldMatrix:getColumn:583, 0.0
org.apache.commons.math.linear.AbstractFieldMatrix:setColumn:607, 0.0
org.apache.commons.math.linear.AbstractFieldMatrix:getColumn:585, 0.0
org.apache.commons.math.linear.AbstractFieldMatrix:setColumn:604, 0.0
org.apache.commons.math.linear.AbstractFieldMatrix:getColumnMatrix:477, 0.0
org.apache.commons.math.linear.AbstractFieldMatrix:setColumnMatrix:489, 0.0
org.apache.commons.math.linear.AbstractFieldMatrix:setColumnMatrix:493, 0.0
org.apache.commons.math.linear.AbstractFieldMatrix:setColumnMatrix:487, 0.0
org.apache.commons.math.linear.AbstractFieldMatrix:getColumnMatrix:473, 0.0
org.apache.commons.math.linear.AbstractFieldMatrix:getColumnMatrix:470, 0.0
org.apache.commons.math.linear.AbstractFieldMatrix:getColumnMatrix:471, 0.0
org.apache.commons.math.linear.AbstractFieldMatrix:getColumnMatrix:472, 0.0
org.apache.commons.math.linear.AbstractFieldMatrix:setColumnMatrix:494, 0.0
org.apache.commons.math.linear.AbstractFieldMatrix:getColumnMatrix:474, 0.0
org.apache.commons.math.linear.AbstractFieldMatrix:setColumnMatrix:497, 0.0
org.apache.commons.math.linear.AbstractFieldMatrix:setColumnMatrix:485, 0.0
org.apache.commons.math.linear.AbstractFieldMatrix:setColumnMatrix:486, 0.0
org.apache.commons.math.linear.AbstractFieldMatrix:setColumnVector:535, 0.0
org.apache.commons.math.linear.AbstractFieldMatrix:setColumnVector:533, 0.0
org.apache.commons.math.linear.AbstractFieldMatrix:setColumnVector:532, 0.0
org.apache.commons.math.linear.AbstractFieldMatrix:setColumnVector:534, 0.0
org.apache.commons.math.linear.AbstractFieldMatrix:getColumnVector:525, 0.0
org.apache.commons.math.linear.AbstractFieldMatrix:setColumnVector:543, 0.0
org.apache.commons.math.linear.AbstractFieldMatrix:setColumnVector:540, 0.0
org.apache.commons.math.linear.AbstractFieldMatrix:setColumnVector:539, 0.0
org.apache.commons.math.linear.AbstractFieldMatrix:setRow:571, 0.0
org.apache.commons.math.linear.AbstractFieldMatrix:getRow:556, 0.0
org.apache.commons.math.linear.AbstractFieldMatrix:getRow:552, 0.0
org.apache.commons.math.linear.AbstractFieldMatrix:getRow:553, 0.0
org.apache.commons.math.linear.AbstractFieldMatrix:setRow:575, 0.0
org.apache.commons.math.linear.AbstractFieldMatrix:setRow:572, 0.0
org.apache.commons.math.linear.AbstractFieldMatrix:setRow:567, 0.0
org.apache.commons.math.linear.AbstractFieldMatrix:setRow:566, 0.0
org.apache.commons.math.linear.AbstractFieldMatrix:setRow:565, 0.0
org.apache.commons.math.linear.AbstractFieldMatrix:setRow:564, 0.0
org.apache.commons.math.linear.AbstractFieldMatrix:getRow:550, 0.0
org.apache.commons.math.linear.AbstractFieldMatrix:getRow:551, 0.0
org.apache.commons.math.linear.AbstractFieldMatrix:getRow:549, 0.0
org.apache.commons.math.linear.AbstractFieldMatrix:setRowMatrix:454, 0.0
org.apache.commons.math.linear.AbstractFieldMatrix:setRowMatrix:453, 0.0
org.apache.commons.math.linear.AbstractFieldMatrix:setRowMatrix:452, 0.0
org.apache.commons.math.linear.AbstractFieldMatrix:setRowMatrix:460, 0.0
org.apache.commons.math.linear.AbstractFieldMatrix:setRowMatrix:456, 0.0
org.apache.commons.math.linear.AbstractFieldMatrix:setRowMatrix:461, 0.0
org.apache.commons.math.linear.AbstractFieldMatrix:getRowMatrix:444, 0.0
org.apache.commons.math.linear.AbstractFieldMatrix:getRowMatrix:440, 0.0
org.apache.commons.math.linear.AbstractFieldMatrix:getRowMatrix:441, 0.0
org.apache.commons.math.linear.AbstractFieldMatrix:setRowMatrix:464, 0.0
org.apache.commons.math.linear.AbstractFieldMatrix:getRowMatrix:437, 0.0
org.apache.commons.math.linear.AbstractFieldMatrix:getRowMatrix:438, 0.0
org.apache.commons.math.linear.AbstractFieldMatrix:getRowMatrix:439, 0.0
org.apache.commons.math.linear.AbstractFieldMatrix:getRowVector:502, 0.0
org.apache.commons.math.linear.AbstractFieldMatrix:setRowVector:516, 0.0
org.apache.commons.math.linear.AbstractFieldMatrix:setRowVector:517, 0.0
org.apache.commons.math.linear.AbstractFieldMatrix:setRowVector:520, 0.0
org.apache.commons.math.linear.AbstractFieldMatrix:setRowVector:509, 0.0
org.apache.commons.math.linear.AbstractFieldMatrix:setRowVector:510, 0.0
org.apache.commons.math.linear.AbstractFieldMatrix:setRowVector:511, 0.0
org.apache.commons.math.linear.AbstractFieldMatrix:setRowVector:512, 0.0
org.apache.commons.math.MathRuntimeException:getMessage:160, 0.0
org.apache.commons.math.MathRuntimeException:buildMessage:128, 0.0
org.apache.commons.math.MathRuntimeException:translate:102, 0.0
org.apache.commons.math.MathRuntimeException:translate:104, 0.0
org.apache.commons.math.MathRuntimeException:translate:115, 0.0
org.apache.commons.math.MathRuntimeException:translate:109, 0.0
org.apache.commons.math.MathRuntimeException:getMessage:154, 0.0
org.apache.commons.math.linear.ArrayFieldVector:getSubVector:634, 0.0
org.apache.commons.math.linear.ArrayFieldVector:getSubVector:630, 0.0
org.apache.commons.math.linear.ArrayFieldVector:getSubVector:628, 0.0
org.apache.commons.math.linear.ArrayFieldVector:setSubVector:668, 0.0
org.apache.commons.math.linear.ArrayFieldVector:setSubVector:669, 0.0
org.apache.commons.math.linear.ArrayFieldVector:setSubVector:667, 0.0
org.apache.commons.math.linear.ArrayFieldVector:set:684, 0.0
org.apache.commons.math.linear.ArrayFieldVector:set:683, 0.0
org.apache.commons.math.linear.ArrayFieldVector:setSubVector:661, 0.0
org.apache.commons.math.linear.ArrayFieldVector:checkIndex:795, 0.0
org.apache.commons.math.linear.ArrayFieldVector:append:610, 0.0
org.apache.commons.math.linear.ArrayFieldVector:getSubVector:633, 0.0
org.apache.commons.math.linear.ArrayFieldVector:getSubVector:632, 0.0
org.apache.commons.math.linear.ArrayFieldVector:getSubVector:631, 0.0
org.apache.commons.math.linear.ArrayFieldVector:setSubVector:670, 0.0
org.apache.commons.math.linear.ArrayFieldVector:setSubVector:666, 0.0
org.apache.commons.math.linear.ArrayFieldVector:append:623, 0.0
org.apache.commons.math.linear.ArrayFieldVector:setSubVector:653, 0.0
org.apache.commons.math.linear.ArrayFieldVector:setSubVector:654, 0.0
org.apache.commons.math.linear.ArrayFieldVector:setSubVector:660, 0.0
org.apache.commons.math.linear.ArrayFieldVector:append:600, 0.0
org.apache.commons.math.linear.ArrayFieldVector:append:599, 0.0
org.apache.commons.math.linear.ArrayFieldVector:setSubVector:657, 0.0
org.apache.commons.math.linear.ArrayFieldVector:setSubVector:658, 0.0
org.apache.commons.math.linear.ArrayFieldVector:setSubVector:659, 0.0
org.apache.commons.math.linear.ArrayFieldVector:setSubVector:652, 0.0
org.apache.commons.math.linear.ArrayFieldVector:set:688, 0.0
org.apache.commons.math.linear.ArrayFieldVector:set:689, 0.0
org.apache.commons.math.linear.ArrayFieldVector:setEntry:643, 0.0
org.apache.commons.math.linear.ArrayFieldVector:setEntry:642, 0.0
org.apache.commons.math.linear.ArrayFieldVector:toArray:693, 0.0
org.apache.commons.math.linear.ArrayFieldVector:setEntry:645, 0.0
org.apache.commons.math.linear.ArrayFieldVector:append:598, 0.0
org.apache.commons.math.linear.ArrayFieldVector:copy:238, 0.0
org.apache.commons.math.linear.ArrayFieldVector:checkIndex:800, 0.0
org.apache.commons.math.linear.ArrayFieldVector:getSubVector:635, 0.0
org.apache.commons.math.linear.ArrayFieldVector:setSubVector:671, 0.0
org.apache.commons.math.linear.ArrayFieldVector:setEntry:644, 0.0
org.apache.commons.math.linear.ArrayFieldVector:setEntry:641, 0.0
org.apache.commons.math.linear.ArrayFieldVector:setSubVector:656, 0.0
org.apache.commons.math.linear.ArrayFieldVector:setSubVector:651, 0.0
org.apache.commons.math.linear.ArrayFieldVector:checkIndex:796, 0.0
org.apache.commons.math.linear.ArrayFieldVector:<init>:186, 0.0
org.apache.commons.math.linear.ArrayFieldVector:<init>:187, 0.0
org.apache.commons.math.linear.ArrayFieldVector:<init>:185, 0.0
org.apache.commons.math.linear.ArrayFieldVector:<init>:190, 0.0
org.apache.commons.math.linear.ArrayFieldVector:<init>:188, 0.0
org.apache.commons.math.linear.ArrayFieldVector:<init>:189, 0.0
org.apache.commons.math.linear.ArrayFieldVector:append:618, 0.0
org.apache.commons.math.linear.ArrayFieldVector:append:616, 0.0
org.apache.commons.math.linear.ArrayFieldVector:append:617, 0.0
org.apache.commons.math.linear.ArrayFieldVector:append:615, 0.0
org.apache.commons.math.linear.BigMatrixImpl:getColumnMatrix:780, 0.0
org.apache.commons.math.linear.BigMatrixImpl:getColumnMatrix:774, 0.0
org.apache.commons.math.linear.BigMatrixImpl:getColumnMatrix:775, 0.0
org.apache.commons.math.linear.BigMatrixImpl:getColumnMatrix:776, 0.0
org.apache.commons.math.linear.BigMatrixImpl:getColumnMatrix:777, 0.0
org.apache.commons.math.linear.BigMatrixImpl:getColumnMatrix:778, 0.0
org.apache.commons.math.linear.BigMatrixImpl:getRowMatrix:762, 0.0
org.apache.commons.math.linear.BigMatrixImpl:getRowMatrix:760, 0.0
org.apache.commons.math.linear.BigMatrixImpl:getRowMatrix:761, 0.0
org.apache.commons.math.linear.BigMatrixImpl:getRowMatrix:758, 0.0
org.apache.commons.math.linear.BigMatrixImpl:getRowMatrix:759, 0.0
org.apache.commons.math.linear.BigMatrixImpl:getRowAsDoubleArray:817, 0.0
org.apache.commons.math.linear.BigMatrixImpl:getRowAsDoubleArray:816, 0.0
org.apache.commons.math.linear.BigMatrixImpl:getColumnAsDoubleArray:858, 0.0
org.apache.commons.math.linear.BigMatrixImpl:getColumnAsDoubleArray:857, 0.0
org.apache.commons.math.linear.BigMatrixImpl:getRowAsDoubleArray:819, 0.0
org.apache.commons.math.linear.BigMatrixImpl:getColumnAsDoubleArray:860, 0.0
org.apache.commons.math.linear.BigMatrixImpl:getColumnAsDoubleArray:856, 0.0
org.apache.commons.math.linear.BigMatrixImpl:getColumnAsDoubleArray:855, 0.0
org.apache.commons.math.linear.BigMatrixImpl:getColumnAsDoubleArray:854, 0.0
org.apache.commons.math.linear.BigMatrixImpl:getRowAsDoubleArray:813, 0.0
org.apache.commons.math.linear.BigMatrixImpl:getRowAsDoubleArray:814, 0.0
org.apache.commons.math.linear.BigMatrixImpl:getRowAsDoubleArray:815, 0.0
org.apache.commons.math.linear.BigMatrixImpl:getSubMatrix:654, 0.0
org.apache.commons.math.linear.BigMatrixImpl:getSubMatrix:667, 0.0
org.apache.commons.math.linear.BigMatrixImpl:getSubMatrix:618, 0.0
org.apache.commons.math.linear.BigMatrixImpl:getSubMatrix:620, 0.0
org.apache.commons.math.linear.BigMatrixImpl:getSubMatrix:670, 0.0
org.apache.commons.math.linear.BigMatrixImpl:getSubMatrix:605, 0.0
org.apache.commons.math.linear.BigMatrixImpl:getSubMatrix:604, 0.0
org.apache.commons.math.linear.BigMatrixImpl:getSubMatrix:606, 0.0
org.apache.commons.math.linear.BigMatrixImpl:getSubMatrix:645, 0.0
org.apache.commons.math.linear.BigMatrixImpl:getSubMatrix:655, 0.0
org.apache.commons.math.linear.BigMatrixImpl:getSubMatrix:656, 0.0
org.apache.commons.math.linear.BigMatrixImpl:getSubMatrix:657, 0.0
org.apache.commons.math.linear.BigMatrixImpl:getSubMatrix:607, 0.0
org.apache.commons.math.linear.BigMatrixImpl:getSubMatrix:621, 0.0
org.apache.commons.math.linear.BigMatrixImpl:getSubMatrix:661, 0.0
org.apache.commons.math.linear.BigMatrixImpl:getSubMatrix:664, 0.0
org.apache.commons.math.linear.BigMatrixImpl:getSubMatrix:646, 0.0
org.apache.commons.math.linear.BigMatrixImpl:getSubMatrix:611, 0.0
org.apache.commons.math.linear.BigMatrixImpl:getSubMatrix:612, 0.0
org.apache.commons.math.linear.BigMatrixImpl:getSubMatrix:613, 0.0
org.apache.commons.math.linear.BigMatrixImpl:getSubMatrix:671, 0.0
org.apache.commons.math.linear.BigMatrixImpl:getSubMatrix:626, 0.0
org.apache.commons.math.linear.BigMatrixImpl:getSubMatrix:658, 0.0
org.apache.commons.math.linear.BigMatrixImpl:getSubMatrix:668, 0.0
org.apache.commons.math.linear.BigMatrixImpl:getSubMatrix:665, 0.0
org.apache.commons.math.linear.BigMatrixImpl:getSubMatrix:644, 0.0
org.apache.commons.math.linear.BigMatrixImpl:getSubMatrix:651, 0.0
org.apache.commons.math.linear.AbstractFieldMatrix:checkSubMatrixIndex:1057, 0.0
org.apache.commons.math.linear.BlockFieldMatrix:walkInOptimizedOrder:1640, 0.0
org.apache.commons.math.linear.BlockFieldMatrix:walkInOptimizedOrder:1641, 0.0
org.apache.commons.math.linear.BlockFieldMatrix:walkInOptimizedOrder:1639, 0.0
org.apache.commons.math.linear.AbstractFieldMatrix:copySubMatrix:392, 0.0
org.apache.commons.math.linear.AbstractFieldMatrix:copySubMatrix:391, 0.0
org.apache.commons.math.linear.AbstractFieldMatrix:checkSubMatrixIndex:1088, 0.0
org.apache.commons.math.linear.AbstractFieldMatrix:checkSubMatrixIndex:1087, 0.0
org.apache.commons.math.linear.BlockFieldMatrix:walkInOptimizedOrder:1625, 0.0
org.apache.commons.math.linear.BlockFieldMatrix:walkInOptimizedOrder:1627, 0.0
org.apache.commons.math.linear.BlockFieldMatrix:walkInOptimizedOrder:1626, 0.0
org.apache.commons.math.linear.AbstractFieldMatrix:copySubMatrix:389, 0.0
org.apache.commons.math.linear.AbstractFieldMatrix:copySubMatrix:339, 0.0
org.apache.commons.math.linear.BlockFieldMatrix:walkInOptimizedOrder:1631, 0.0
org.apache.commons.math.linear.AbstractFieldMatrix:copySubMatrix:390, 0.0
org.apache.commons.math.linear.AbstractFieldMatrix:copySubMatrix:338, 0.0
org.apache.commons.math.linear.AbstractFieldMatrix:copySubMatrix:337, 0.0
org.apache.commons.math.linear.AbstractFieldMatrix:copySubMatrix:336, 0.0
org.apache.commons.math.linear.BlockFieldMatrix:walkInOptimizedOrder:1637, 0.0
org.apache.commons.math.linear.BlockFieldMatrix:walkInOptimizedOrder:1629, 0.0
org.apache.commons.math.linear.BlockFieldMatrix:walkInOptimizedOrder:1628, 0.0
org.apache.commons.math.linear.BlockFieldMatrix:walkInOptimizedOrder:1630, 0.0
org.apache.commons.math.linear.AbstractFieldMatrix:checkSubMatrixIndex:1093, 0.0
org.apache.commons.math.linear.BlockFieldMatrix:walkInOptimizedOrder:1646, 0.0
org.apache.commons.math.linear.AbstractFieldMatrix:checkSubMatrixIndex:1082, 0.0
org.apache.commons.math.linear.AbstractFieldMatrix$2:<init>:347, 0.0
org.apache.commons.math.linear.AbstractFieldMatrix$2:start:360, 0.0
org.apache.commons.math.linear.AbstractFieldMatrix$2:start:361, 0.0
org.apache.commons.math.linear.AbstractFieldMatrix$2:start:362, 0.0
org.apache.commons.math.linear.AbstractFieldMatrix$2:visit:367, 0.0
org.apache.commons.math.linear.AbstractFieldMatrix$2:visit:368, 0.0
org.apache.commons.math.linear.AbstractFieldMatrix:checkSubMatrixIndex:1090, 0.0
org.apache.commons.math.linear.AbstractFieldMatrix:checkSubMatrixIndex:1091, 0.0
org.apache.commons.math.linear.AbstractFieldMatrix:checkSubMatrixIndex:1081, 0.0
org.apache.commons.math.linear.BlockFieldMatrix:walkInOptimizedOrder:1634, 0.0
org.apache.commons.math.linear.BlockFieldMatrix:walkInOptimizedOrder:1635, 0.0
org.apache.commons.math.linear.BlockFieldMatrix:walkInOptimizedOrder:1632, 0.0
org.apache.commons.math.linear.BlockFieldMatrix:walkInOptimizedOrder:1633, 0.0
org.apache.commons.math.linear.BlockFieldMatrix:walkInOptimizedOrder:1636, 0.0
org.apache.commons.math.linear.AbstractFieldMatrix:copySubMatrix:380, 0.0
org.apache.commons.math.linear.AbstractFieldMatrix:copySubMatrix:379, 0.0
org.apache.commons.math.linear.AbstractFieldMatrix:copySubMatrix:396, 0.0
org.apache.commons.math.linear.AbstractFieldMatrix:checkSubMatrixIndex:1080, 0.0
org.apache.commons.math.linear.BlockFieldMatrix:walkInOptimizedOrder:1638, 0.0
org.apache.commons.math.linear.AbstractFieldMatrix:copySubMatrix:372, 0.0
org.apache.commons.math.linear.AbstractFieldMatrix:copySubMatrix:347, 0.0
org.apache.commons.math.linear.BlockFieldMatrix:getEntry:1217, 0.0
org.apache.commons.math.linear.BlockFieldMatrix:getEntry:1218, 0.0
org.apache.commons.math.linear.BlockFieldMatrix:walkInOptimizedOrder:1546, 0.0
org.apache.commons.math.linear.BlockFieldMatrix:copyBlockPart:797, 0.0
org.apache.commons.math.linear.BlockFieldMatrix:copyBlockPart:796, 0.0
org.apache.commons.math.linear.BlockFieldMatrix:copyBlockPart:795, 0.0
org.apache.commons.math.linear.BlockFieldMatrix:copyBlockPart:794, 0.0
org.apache.commons.math.linear.BlockFieldMatrix:walkInOptimizedOrder:1543, 0.0
org.apache.commons.math.linear.BlockFieldMatrix:walkInOptimizedOrder:1544, 0.0
org.apache.commons.math.linear.BlockFieldMatrix:walkInOptimizedOrder:1545, 0.0
org.apache.commons.math.linear.BlockFieldMatrix:getSubMatrix:770, 0.0
org.apache.commons.math.linear.BlockFieldMatrix:walkInOptimizedOrder:1557, 0.0
org.apache.commons.math.linear.AbstractFieldMatrix$1:<init>:315, 0.0
org.apache.commons.math.linear.BlockFieldMatrix:walkInOptimizedOrder:1551, 0.0
org.apache.commons.math.linear.BlockFieldMatrix:walkInOptimizedOrder:1548, 0.0
org.apache.commons.math.linear.BlockFieldMatrix:walkInOptimizedOrder:1549, 0.0
org.apache.commons.math.linear.BlockFieldMatrix:walkInOptimizedOrder:1550, 0.0
org.apache.commons.math.linear.BlockFieldMatrix:walkInOptimizedOrder:1547, 0.0
org.apache.commons.math.linear.BlockFieldMatrix:getSubMatrix:743, 0.0
org.apache.commons.math.linear.BlockFieldMatrix:walkInOptimizedOrder:1560, 0.0
org.apache.commons.math.linear.BlockFieldMatrix:getSubMatrix:684, 0.0
org.apache.commons.math.linear.BlockFieldMatrix:getSubMatrix:681, 0.0
org.apache.commons.math.linear.BlockFieldMatrix:getSubMatrix:694, 0.0
org.apache.commons.math.linear.BlockFieldMatrix:getSubMatrix:695, 0.0
org.apache.commons.math.linear.BlockFieldMatrix:getSubMatrix:690, 0.0
org.apache.commons.math.linear.BlockFieldMatrix:getSubMatrix:691, 0.0
org.apache.commons.math.linear.BlockFieldMatrix:getSubMatrix:688, 0.0
org.apache.commons.math.linear.BlockFieldMatrix:getSubMatrix:689, 0.0
org.apache.commons.math.linear.BlockFieldMatrix:getSubMatrix:756, 0.0
org.apache.commons.math.linear.BlockFieldMatrix:walkInOptimizedOrder:1552, 0.0
org.apache.commons.math.linear.BlockFieldMatrix:copyBlockPart:802, 0.0
org.apache.commons.math.linear.BlockFieldMatrix:getSubMatrix:698, 0.0
org.apache.commons.math.linear.BlockFieldMatrix:getSubMatrix:696, 0.0
org.apache.commons.math.linear.BlockFieldMatrix:getSubMatrix:697, 0.0
org.apache.commons.math.linear.BlockFieldMatrix:createMatrix:303, 0.0
org.apache.commons.math.linear.BlockFieldMatrix:copyBlockPart:799, 0.0
org.apache.commons.math.linear.BlockFieldMatrix:copyBlockPart:798, 0.0
org.apache.commons.math.linear.BlockFieldMatrix:copyBlockPart:800, 0.0
org.apache.commons.math.linear.BlockFieldMatrix:getSubMatrix:766, 0.0
org.apache.commons.math.linear.AbstractFieldMatrix$1:visit:320, 0.0
org.apache.commons.math.linear.BlockFieldMatrix:getSubMatrix:763, 0.0
org.apache.commons.math.linear.BlockFieldMatrix:walkInOptimizedOrder:1541, 0.0
org.apache.commons.math.linear.BlockFieldMatrix:walkInOptimizedOrder:1542, 0.0
org.apache.commons.math.linear.BlockFieldMatrix:getSubMatrix:702, 0.0
org.apache.commons.math.linear.BlockFieldMatrix:getSubMatrix:703, 0.0
org.apache.commons.math.linear.BlockFieldMatrix:getSubMatrix:699, 0.0
org.apache.commons.math.linear.BlockFieldMatrix:getSubMatrix:705, 0.0
org.apache.commons.math.linear.BlockFieldMatrix:getSubMatrix:704, 0.0
org.apache.commons.math.linear.BlockFieldMatrix:getSubMatrix:707, 0.0
org.apache.commons.math.linear.BlockFieldMatrix:getSubMatrix:709, 0.0
org.apache.commons.math.linear.BlockFieldMatrix:getSubMatrix:708, 0.0
org.apache.commons.math.linear.BlockFieldMatrix:walkInOptimizedOrder:1553, 0.0
org.apache.commons.math.linear.BlockFieldMatrix:walkInOptimizedOrder:1554, 0.0
org.apache.commons.math.linear.AbstractFieldMatrix:getSubMatrix:313, 0.0
org.apache.commons.math.linear.AbstractFieldMatrix:getSubMatrix:315, 0.0
org.apache.commons.math.linear.AbstractFieldMatrix:getSubMatrix:325, 0.0
org.apache.commons.math.linear.AbstractFieldMatrix:getSubMatrix:310, 0.0
org.apache.commons.math.linear.Array2DRowFieldMatrix:walkInRowOrder:533, 0.0
org.apache.commons.math.linear.AbstractFieldMatrix:walkInOptimizedOrder:930, 0.0
org.apache.commons.math.linear.Array2DRowFieldMatrix:walkInRowOrder:527, 0.0
org.apache.commons.math.linear.Array2DRowFieldMatrix:walkInRowOrder:529, 0.0
org.apache.commons.math.linear.Array2DRowFieldMatrix:walkInRowOrder:530, 0.0
org.apache.commons.math.linear.Array2DRowFieldMatrix:walkInRowOrder:524, 0.0
org.apache.commons.math.linear.Array2DRowFieldMatrix:walkInRowOrder:525, 0.0
org.apache.commons.math.linear.Array2DRowFieldMatrix:walkInRowOrder:528, 0.0
org.apache.commons.math.linear.Array2DRowFieldMatrix:getEntry:367, 0.0
org.apache.commons.math.linear.Array2DRowFieldMatrix:getEntry:368, 0.0
org.apache.commons.math.linear.AbstractFieldMatrix:getSubMatrix:295, 0.0
org.apache.commons.math.linear.AbstractFieldMatrix:getSubMatrix:301, 0.0
org.apache.commons.math.linear.AbstractFieldMatrix:getSubMatrix:296, 0.0
org.apache.commons.math.linear.AbstractFieldMatrix:getSubMatrix:297, 0.0
org.apache.commons.math.linear.AbstractFieldMatrix:getSubMatrix:291, 0.0
org.apache.commons.math.linear.AbstractFieldMatrix:getSubMatrix:293, 0.0
org.apache.commons.math.linear.AbstractFieldMatrix:walkInRowOrder:784, 0.0
org.apache.commons.math.linear.AbstractFieldMatrix:walkInRowOrder:783, 0.0
org.apache.commons.math.linear.AbstractFieldMatrix:walkInRowOrder:787, 0.0
org.apache.commons.math.linear.AbstractFieldMatrix:walkInRowOrder:786, 0.0
org.apache.commons.math.linear.AbstractFieldMatrix:walkInRowOrder:785, 0.0
org.apache.commons.math.linear.AbstractFieldMatrix:walkInRowOrder:790, 0.0
org.apache.commons.math.linear.AbstractFieldMatrix:walkInRowOrder:782, 0.0
org.apache.commons.math.linear.AbstractFieldMatrix:walkInRowOrder:780, 0.0
org.apache.commons.math.linear.AbstractFieldMatrix:walkInRowOrder:781, 0.0
org.apache.commons.math.fraction.AbstractFormat:setDenominatorFormat:125, 0.0
org.apache.commons.math.fraction.AbstractFormat:setDenominatorFormat:124, 0.0
org.apache.commons.math.fraction.AbstractFormat:setDenominatorFormat:120, 0.0
org.apache.commons.math.fraction.BigFractionFormat:format:172, 0.0
org.apache.commons.math.fraction.BigFractionFormat:format:170, 0.0
org.apache.commons.math.fraction.AbstractFormat:format:193, 0.0
org.apache.commons.math.fraction.BigFractionFormat:format:173, 0.0
org.apache.commons.math.fraction.AbstractFormat:format:210, 0.0
org.apache.commons.math.fraction.AbstractFormat:setNumeratorFormat:139, 0.0
org.apache.commons.math.fraction.AbstractFormat:setNumeratorFormat:138, 0.0
org.apache.commons.math.fraction.AbstractFormat:setNumeratorFormat:134, 0.0
org.apache.commons.math.fraction.BigFractionFormat:parse:222, 0.0
org.apache.commons.math.fraction.BigFractionFormat:parse:223, 0.0
org.apache.commons.math.fraction.ProperBigFractionFormat:parse:152, 0.0
org.apache.commons.math.fraction.ProperBigFractionFormat:parse:153, 0.0
org.apache.commons.math.fraction.BigFractionFormat:parseNextBigInteger:283, 0.0
org.apache.commons.math.fraction.BigFractionFormat:parseNextBigInteger:285, 0.0
org.apache.commons.math.fraction.BigFractionFormat:parseNextBigInteger:284, 0.0
org.apache.commons.math.fraction.BigFractionFormat:parse:255, 0.0
org.apache.commons.math.fraction.BigFractionFormat:parse:256, 0.0
org.apache.commons.math.fraction.ProperBigFractionFormat:parse:166, 0.0
org.apache.commons.math.fraction.ProperBigFractionFormat:parse:165, 0.0
org.apache.commons.math.fraction.ProperBigFractionFormat:parse:210, 0.0
org.apache.commons.math.fraction.ProperBigFractionFormat:parse:211, 0.0
org.apache.commons.math.fraction.ProperBigFractionFormat:parse:171, 0.0
org.apache.commons.math.fraction.ProperBigFractionFormat:parse:172, 0.0
org.apache.commons.math.fraction.ProperFractionFormat:setWholeFormat:227, 0.0
org.apache.commons.math.fraction.FractionFormat:<init>:56, 0.0
org.apache.commons.math.fraction.FractionFormat:<init>:55, 0.0
org.apache.commons.math.fraction.ProperFractionFormat:setWholeFormat:231, 0.0
org.apache.commons.math.fraction.ProperFractionFormat:setWholeFormat:232, 0.0
org.apache.commons.math.fraction.FractionFormat:getProperInstance:120, 0.0
org.apache.commons.math.fraction.ProperFractionFormat:<init>:61, 0.0
org.apache.commons.math.fraction.ProperFractionFormat:<init>:60, 0.0
org.apache.commons.math.fraction.FractionFormat:<init>:66, 0.0
org.apache.commons.math.fraction.FractionFormat:<init>:67, 0.0
org.apache.commons.math.fraction.FractionFormat:getImproperInstance:103, 0.0
org.apache.commons.math.fraction.ProperFractionFormat:<init>:76, 0.0
org.apache.commons.math.fraction.ProperFractionFormat:<init>:74, 0.0
org.apache.commons.math.fraction.ProperFractionFormat:<init>:75, 0.0
org.apache.commons.math.fraction.FractionFormat:format:179, 0.0
org.apache.commons.math.fraction.FractionFormat:format:185, 0.0
org.apache.commons.math.fraction.FractionFormat:format:154, 0.0
org.apache.commons.math.fraction.FractionFormat:format:146, 0.0
org.apache.commons.math.fraction.FractionFormat:format:147, 0.0
org.apache.commons.math.fraction.FractionFormat:format:149, 0.0
org.apache.commons.math.fraction.FractionFormat:format:150, 0.0
org.apache.commons.math.fraction.FractionFormat:format:151, 0.0
org.apache.commons.math.fraction.FractionFormat:format:191, 0.0
org.apache.commons.math.fraction.FractionFormat:format:175, 0.0
org.apache.commons.math.fraction.FractionFormat:format:173, 0.0
org.apache.commons.math.fraction.FractionFormat:format:177, 0.0
org.apache.commons.math.fraction.FractionFormat:format:176, 0.0
org.apache.commons.math.fraction.ProperFractionFormat:format:100, 0.0
org.apache.commons.math.fraction.ProperFractionFormat:format:98, 0.0
org.apache.commons.math.fraction.ProperFractionFormat:format:96, 0.0
org.apache.commons.math.fraction.ProperFractionFormat:format:97, 0.0
org.apache.commons.math.fraction.ProperFractionFormat:format:93, 0.0
org.apache.commons.math.fraction.ProperFractionFormat:format:92, 0.0
org.apache.commons.math.fraction.ProperFractionFormat:format:95, 0.0
org.apache.commons.math.fraction.ProperFractionFormat:format:110, 0.0
org.apache.commons.math.fraction.ProperFractionFormat:format:106, 0.0
org.apache.commons.math.fraction.ProperFractionFormat:format:107, 0.0
org.apache.commons.math.fraction.ProperFractionFormat:format:105, 0.0
org.apache.commons.math.fraction.ProperFractionFormat:format:102, 0.0
org.apache.commons.math.fraction.ProperFractionFormat:format:103, 0.0
org.apache.commons.math.fraction.ProperFractionFormat:format:101, 0.0
org.apache.commons.math.fraction.ProperFractionFormat:getWholeFormat:118, 0.0
org.apache.commons.math.fraction.ProperFractionFormat:parse:137, 0.0
org.apache.commons.math.fraction.ProperFractionFormat:parse:136, 0.0
org.apache.commons.math.fraction.FractionFormat:parse:239, 0.0
org.apache.commons.math.fraction.FractionFormat:parse:238, 0.0
org.apache.commons.math.fraction.FractionFormat:parse:240, 0.0
org.apache.commons.math.fraction.FractionFormat:parse:258, 0.0
org.apache.commons.math.fraction.FractionFormat:parse:262, 0.0
org.apache.commons.math.fraction.FractionFormat:parse:261, 0.0
org.apache.commons.math.fraction.ProperFractionFormat:parse:138, 0.0
org.apache.commons.math.fraction.FractionFormat:parse:205, 0.0
org.apache.commons.math.fraction.FractionFormat:parse:204, 0.0
org.apache.commons.math.fraction.FractionFormat:parse:203, 0.0
org.apache.commons.math.fraction.FractionFormat:parse:270, 0.0
org.apache.commons.math.fraction.FractionFormat:parse:210, 0.0
org.apache.commons.math.fraction.FractionFormat:parse:247, 0.0
org.apache.commons.math.fraction.FractionFormat:parse:229, 0.0
org.apache.commons.math.fraction.FractionFormat:parse:222, 0.0
org.apache.commons.math.fraction.FractionFormat:parse:228, 0.0
org.apache.commons.math.fraction.FractionFormat:parse:225, 0.0
org.apache.commons.math.fraction.FractionFormat:parse:244, 0.0
org.apache.commons.math.fraction.FractionFormat:parse:206, 0.0
org.apache.commons.math.fraction.FractionFormat:parse:234, 0.0
org.apache.commons.math.fraction.FractionFormat:parse:233, 0.0
org.apache.commons.math.fraction.ProperFractionFormat:parse:152, 0.0
org.apache.commons.math.fraction.ProperFractionFormat:parse:153, 0.0
org.apache.commons.math.fraction.ProperFractionFormat:parse:144, 0.0
org.apache.commons.math.fraction.ProperFractionFormat:parse:147, 0.0
org.apache.commons.math.fraction.ProperFractionFormat:parse:148, 0.0
org.apache.commons.math.fraction.ProperFractionFormat:parse:141, 0.0
org.apache.commons.math.fraction.ProperFractionFormat:parse:161, 0.0
org.apache.commons.math.fraction.ProperFractionFormat:parse:160, 0.0
org.apache.commons.math.fraction.ProperFractionFormat:parse:157, 0.0
org.apache.commons.math.fraction.ProperFractionFormat:parse:166, 0.0
org.apache.commons.math.fraction.ProperFractionFormat:parse:165, 0.0
org.apache.commons.math.fraction.FractionFormat:parse:266, 0.0
org.apache.commons.math.fraction.FractionFormat:parse:267, 0.0
org.apache.commons.math.fraction.ProperFractionFormat:parse:178, 0.0
org.apache.commons.math.fraction.ProperFractionFormat:parse:176, 0.0
org.apache.commons.math.fraction.ProperFractionFormat:parse:177, 0.0
org.apache.commons.math.fraction.ProperFractionFormat:parse:196, 0.0
org.apache.commons.math.fraction.ProperFractionFormat:parse:199, 0.0
org.apache.commons.math.fraction.ProperFractionFormat:parse:200, 0.0
org.apache.commons.math.util.MathUtils:sign:1412, 0.0
org.apache.commons.math.fraction.ProperFractionFormat:parse:214, 0.0
org.apache.commons.math.fraction.ProperFractionFormat:parse:215, 0.0
org.apache.commons.math.fraction.ProperFractionFormat:parse:216, 0.0
org.apache.commons.math.fraction.ProperFractionFormat:parse:217, 0.0
org.apache.commons.math.fraction.ProperFractionFormat:parse:169, 0.0
org.apache.commons.math.fraction.ProperFractionFormat:parse:185, 0.0
org.apache.commons.math.fraction.ProperFractionFormat:parse:208, 0.0
org.apache.commons.math.fraction.FractionFormat:parse:254, 0.0
org.apache.commons.math.fraction.FractionFormat:parse:252, 0.0
org.apache.commons.math.fraction.FractionFormat:parse:253, 0.0
org.apache.commons.math.fraction.ProperFractionFormat:parse:171, 0.0
org.apache.commons.math.fraction.ProperFractionFormat:parse:172, 0.0
org.apache.commons.math.fraction.ProperFractionFormat:parse:210, 0.0
org.apache.commons.math.fraction.ProperFractionFormat:parse:211, 0.0
org.apache.commons.math.fraction.Fraction:<init>:272, 0.0
org.apache.commons.math.fraction.Fraction:getReducedFraction:615, 0.0
org.apache.commons.math.fraction.Fraction:getReducedFraction:627, 0.0
org.apache.commons.math.fraction.Fraction:getReducedFraction:628, 0.0
org.apache.commons.math.fraction.Fraction:getReducedFraction:622, 0.0
org.apache.commons.math.fraction.Fraction:getReducedFraction:611, 0.0
org.apache.commons.math.fraction.Fraction:getReducedFraction:619, 0.0
org.apache.commons.math.fraction.Fraction:negate:415, 0.0
org.apache.commons.math.fraction.Fraction:<init>:267, 0.0
org.apache.commons.math.geometry.Rotation:<init>:175, 0.0
org.apache.commons.math.geometry.Rotation:getAxis:552, 0.0
org.apache.commons.math.geometry.Rotation:getAxis:554, 0.0
org.apache.commons.math.geometry.Rotation:getAxis:555, 0.0
org.apache.commons.math.geometry.Vector3D:angle:339, 0.0
org.apache.commons.math.geometry.Vector3D:angle:338, 0.0
org.apache.commons.math.geometry.Vector3D:angle:340, 0.0
org.apache.commons.math.geometry.Vector3D:angle:343, 0.0
org.apache.commons.math.geometry.Vector3D:angle:345, 0.0
org.apache.commons.math.geometry.Vector3D:angle:344, 0.0
org.apache.commons.math.geometry.Vector3D:angle:351, 0.0
org.apache.commons.math.geometry.Vector3D:angle:349, 0.0
org.apache.commons.math.geometry.Vector3D:angle:348, 0.0
org.apache.commons.math.geometry.Vector3D:angle:347, 0.0
org.apache.commons.math.geometry.Vector3D:angle:355, 0.0
org.apache.commons.math.geometry.Vector3D:normalize:286, 0.0
org.apache.commons.math.geometry.Vector3D:normalize:285, 0.0
org.apache.commons.math.geometry.Vector3D:normalize:284, 0.0
org.apache.commons.math.geometry.Vector3D:normalize:288, 0.0
org.apache.commons.math.geometry.Vector3D:orthogonal:315, 0.0
org.apache.commons.math.geometry.Vector3D:orthogonal:314, 0.0
org.apache.commons.math.geometry.Vector3D:orthogonal:310, 0.0
org.apache.commons.math.geometry.Vector3D:orthogonal:320, 0.0
org.apache.commons.math.geometry.Vector3D:orthogonal:321, 0.0
org.apache.commons.math.util.MathUtils:gcd:621, 0.0
org.apache.commons.math.util.MathUtils:gcd:647, 0.0
org.apache.commons.math.util.MathUtils:gcd:724, 0.0
org.apache.commons.math.util.MathUtils:gcd:752, 0.0
org.apache.commons.math.util.MathUtils:gcd:761, 0.0
org.apache.commons.math.util.MathUtils:gcd:758, 0.0
org.apache.commons.math.util.MathUtils:gcd:748, 0.0
org.apache.commons.math.util.MathUtils:gcd:742, 0.0
org.apache.commons.math.util.MathUtils:gcd:725, 0.0
org.apache.commons.math.util.MathUtils:gcd:709, 0.0
org.apache.commons.math.util.MathUtils:gcd:708, 0.0
org.apache.commons.math.util.MathUtils:gcd:729, 0.0
org.apache.commons.math.util.MathUtils:gcd:714, 0.0
org.apache.commons.math.util.MathUtils:gcd:735, 0.0
org.apache.commons.math.util.MathUtils:gcd:722, 0.0
org.apache.commons.math.util.MathUtils:gcd:762, 0.0
org.apache.commons.math.util.MathUtils:gcd:755, 0.0
org.apache.commons.math.util.MathUtils:gcd:749, 0.0
org.apache.commons.math.util.MathUtils:gcd:728, 0.0
org.apache.commons.math.util.MathUtils:gcd:736, 0.0
org.apache.commons.math.util.MathUtils:gcd:707, 0.0
org.apache.commons.math.util.MathUtils:gcd:706, 0.0
org.apache.commons.math.util.MathUtils:gcd:710, 0.0
org.apache.commons.math.util.MathUtils:gcd:731, 0.0
org.apache.commons.math.util.MathUtils:gcd:732, 0.0
org.apache.commons.math.util.MathUtils:gcd:733, 0.0
org.apache.commons.math.util.MathUtils:gcd:753, 0.0
org.apache.commons.math.util.MathUtils:gcd:721, 0.0
org.apache.commons.math.util.MathUtils:lcm:881, 0.0
org.apache.commons.math.util.MathUtils:lcm:885, 0.0
org.apache.commons.math.util.MathUtils:lcm:884, 0.0
org.apache.commons.math.util.MathUtils:lcm:890, 0.0
org.apache.commons.math.util.MathUtils:lcm:886, 0.0
org.apache.commons.math.util.MathUtils:lcm:882, 0.0
org.apache.commons.math.util.MathUtils:mulAndCheck:994, 0.0
org.apache.commons.math.util.MathUtils:lcm:925, 0.0
org.apache.commons.math.util.MathUtils:lcm:916, 0.0
org.apache.commons.math.util.MathUtils:mulAndCheck:987, 0.0
org.apache.commons.math.util.MathUtils:lcm:917, 0.0
org.apache.commons.math.util.MathUtils:mulAndCheck:993, 0.0
org.apache.commons.math.util.MathUtils:mulAndCheck:986, 0.0
org.apache.commons.math.util.MathUtils:mulAndCheck:991, 0.0
org.apache.commons.math.util.MathUtils:lcm:919, 0.0
org.apache.commons.math.util.MathUtils:lcm:920, 0.0
org.apache.commons.math.util.MathUtils:mulAndCheck:984, 0.0
org.apache.commons.math.util.MathUtils:lcm:921, 0.0
org.apache.commons.math.linear.ArrayFieldVector:outerProduct:551, 0.0
org.apache.commons.math.linear.ArrayFieldVector:checkVectorDimensions:721, 0.0
org.apache.commons.math.linear.ArrayFieldVector:ebeDivide:440, 0.0
org.apache.commons.math.linear.ArrayFieldVector:ebeDivide:441, 0.0
org.apache.commons.math.linear.ArrayFieldVector:ebeDivide:442, 0.0
org.apache.commons.math.linear.ArrayFieldVector:ebeDivide:443, 0.0
org.apache.commons.math.linear.ArrayFieldVector:mapMultiply:348, 0.0
org.apache.commons.math.linear.ArrayFieldVector:outerProduct:576, 0.0
org.apache.commons.math.linear.ArrayFieldVector:outerProduct:575, 0.0
org.apache.commons.math.linear.ArrayFieldVector:outerProduct:577, 0.0
org.apache.commons.math.linear.ArrayFieldVector:outerProduct:574, 0.0
org.apache.commons.math.linear.ArrayFieldVector:add:251, 0.0
org.apache.commons.math.linear.ArrayFieldVector:outerProduct:578, 0.0
org.apache.commons.math.linear.ArrayFieldVector:add:259, 0.0
org.apache.commons.math.linear.ArrayFieldVector:subtract:283, 0.0
org.apache.commons.math.linear.ArrayFieldVector:subtract:282, 0.0
org.apache.commons.math.linear.ArrayFieldVector:subtract:281, 0.0
org.apache.commons.math.linear.ArrayFieldVector:subtract:280, 0.0
org.apache.commons.math.linear.ArrayFieldVector:ebeMultiply:432, 0.0
org.apache.commons.math.linear.ArrayFieldVector:ebeMultiply:421, 0.0
org.apache.commons.math.linear.ArrayFieldVector:dotProduct:504, 0.0
org.apache.commons.math.linear.ArrayFieldVector:dotProduct:505, 0.0
org.apache.commons.math.linear.ArrayFieldVector:dotProduct:506, 0.0
org.apache.commons.math.linear.ArrayFieldVector:subtract:308, 0.0
org.apache.commons.math.linear.ArrayFieldVector:dotProduct:520, 0.0
org.apache.commons.math.linear.ArrayFieldVector:outerProduct:552, 0.0
org.apache.commons.math.linear.ArrayFieldVector:mapMultiply:347, 0.0
org.apache.commons.math.linear.ArrayFieldVector:ebeMultiply:419, 0.0
org.apache.commons.math.linear.ArrayFieldVector:ebeMultiply:418, 0.0
org.apache.commons.math.linear.ArrayFieldVector:add:258, 0.0
org.apache.commons.math.linear.ArrayFieldVector:add:257, 0.0
org.apache.commons.math.linear.ArrayFieldVector:outerProduct:546, 0.0
org.apache.commons.math.linear.ArrayFieldVector:dotProduct:490, 0.0
org.apache.commons.math.linear.ArrayFieldVector:add:248, 0.0
org.apache.commons.math.linear.ArrayFieldVector:ebeDivide:444, 0.0
org.apache.commons.math.linear.ArrayFieldVector:add:262, 0.0
org.apache.commons.math.linear.ArrayFieldVector:dotProduct:507, 0.0
org.apache.commons.math.linear.ArrayFieldVector:ebeDivide:458, 0.0
org.apache.commons.math.linear.ArrayFieldVector:projection:525, 0.0
org.apache.commons.math.linear.ArrayFieldVector:outerProduct:550, 0.0
org.apache.commons.math.linear.ArrayFieldVector:outerProduct:548, 0.0
org.apache.commons.math.linear.ArrayFieldVector:outerProduct:549, 0.0
org.apache.commons.math.linear.ArrayFieldVector:outerProduct:547, 0.0
org.apache.commons.math.linear.ArrayFieldVector:ebeMultiply:409, 0.0
org.apache.commons.math.linear.ArrayFieldVector:add:249, 0.0
org.apache.commons.math.linear.ArrayFieldVector:subtract:292, 0.0
org.apache.commons.math.linear.ArrayFieldVector:subtract:293, 0.0
org.apache.commons.math.linear.ArrayFieldVector:subtract:294, 0.0
org.apache.commons.math.linear.ArrayFieldVector:ebeDivide:446, 0.0
org.apache.commons.math.linear.ArrayFieldVector:outerProduct:568, 0.0
org.apache.commons.math.linear.ArrayFieldVector:outerProduct:579, 0.0
org.apache.commons.math.linear.ArrayFieldVector:subtract:279, 0.0
org.apache.commons.math.linear.ArrayFieldVector:add:260, 0.0
org.apache.commons.math.linear.ArrayFieldVector:dotProduct:493, 0.0
org.apache.commons.math.linear.ArrayFieldVector:dotProduct:492, 0.0
org.apache.commons.math.linear.ArrayFieldVector:dotProduct:494, 0.0
org.apache.commons.math.linear.ArrayFieldVector:dotProduct:491, 0.0
org.apache.commons.math.linear.ArrayFieldVector:dotProduct:509, 0.0
org.apache.commons.math.linear.ArrayFieldVector:ebeMultiply:417, 0.0
org.apache.commons.math.linear.ArrayFieldVector:ebeMultiply:416, 0.0
org.apache.commons.math.linear.ArrayFieldVector:ebeDivide:469, 0.0
org.apache.commons.math.linear.ArrayFieldVector:add:244, 0.0
org.apache.commons.math.linear.ArrayFieldVector:ebeDivide:455, 0.0
org.apache.commons.math.linear.ArrayFieldVector:ebeMultiply:406, 0.0
org.apache.commons.math.linear.ArrayFieldVector:ebeMultiply:407, 0.0
org.apache.commons.math.linear.ArrayFieldVector:outerProduct:556, 0.0
org.apache.commons.math.linear.ArrayFieldVector:outerProduct:582, 0.0
org.apache.commons.math.linear.ArrayFieldVector:subtract:295, 0.0
org.apache.commons.math.linear.ArrayFieldVector:dotProduct:495, 0.0
org.apache.commons.math.linear.ArrayFieldVector:add:246, 0.0
org.apache.commons.math.linear.ArrayFieldVector:add:247, 0.0
org.apache.commons.math.linear.ArrayFieldVector:add:245, 0.0
org.apache.commons.math.linear.ArrayFieldVector:projection:539, 0.0
org.apache.commons.math.linear.ArrayFieldVector:ebeDivide:456, 0.0
org.apache.commons.math.linear.ArrayFieldVector:subtract:284, 0.0
org.apache.commons.math.linear.ArrayFieldVector:dotProduct:497, 0.0
org.apache.commons.math.linear.ArrayFieldVector:add:273, 0.0
org.apache.commons.math.linear.ArrayFieldVector:subtract:297, 0.0
org.apache.commons.math.linear.ArrayFieldVector:mapMultiply:351, 0.0
org.apache.commons.math.linear.ArrayFieldVector:ebeMultiply:403, 0.0
org.apache.commons.math.linear.ArrayFieldVector:ebeMultiply:404, 0.0
org.apache.commons.math.linear.ArrayFieldVector:ebeMultiply:405, 0.0
org.apache.commons.math.linear.ArrayFieldVector:subtract:286, 0.0
org.apache.commons.math.linear.ArrayFieldVector:outerProduct:553, 0.0
org.apache.commons.math.linear.ArrayFieldVector:mapMultiply:349, 0.0
org.apache.commons.math.linear.ArrayFieldVector:ebeDivide:439, 0.0
org.apache.commons.math.linear.ArrayFieldVector:ebeMultiply:402, 0.0
org.apache.commons.math.linear.ArrayFieldVector:ebeDivide:454, 0.0
org.apache.commons.math.linear.ArrayFieldVector:ebeDivide:453, 0.0
org.apache.commons.math.linear.ArrayFieldVector:mapSubtractToSelf:342, 0.0
org.apache.commons.math.linear.ArrayFieldVector:mapAdd:317, 0.0
org.apache.commons.math.linear.ArrayFieldVector:mapInv:383, 0.0
org.apache.commons.math.linear.ArrayFieldVector:mapInv:384, 0.0
org.apache.commons.math.linear.ArrayFieldVector:mapInv:386, 0.0
org.apache.commons.math.linear.ArrayFieldVector:mapMultiplyToSelf:356, 0.0
org.apache.commons.math.linear.ArrayFieldVector:mapMultiplyToSelf:357, 0.0
org.apache.commons.math.linear.ArrayFieldVector:mapAdd:314, 0.0
org.apache.commons.math.linear.ArrayFieldVector:mapDivideToSelf:376, 0.0
org.apache.commons.math.linear.ArrayFieldVector:mapAdd:315, 0.0
org.apache.commons.math.linear.ArrayFieldVector:mapSubtract:330, 0.0
org.apache.commons.math.linear.ArrayFieldVector:mapSubtract:331, 0.0
org.apache.commons.math.linear.ArrayFieldVector:mapInvToSelf:392, 0.0
org.apache.commons.math.linear.ArrayFieldVector:mapInvToSelf:391, 0.0
org.apache.commons.math.linear.ArrayFieldVector:mapAddToSelf:322, 0.0
org.apache.commons.math.linear.ArrayFieldVector:mapDivideToSelf:373, 0.0
org.apache.commons.math.linear.ArrayFieldVector:mapDivide:368, 0.0
org.apache.commons.math.linear.ArrayFieldVector:mapAdd:313, 0.0
org.apache.commons.math.linear.ArrayFieldVector:mapSubtract:332, 0.0
org.apache.commons.math.linear.ArrayFieldVector:mapDivideToSelf:374, 0.0
org.apache.commons.math.linear.ArrayFieldVector:mapMultiplyToSelf:359, 0.0
org.apache.commons.math.linear.ArrayFieldVector:mapInvToSelf:393, 0.0
org.apache.commons.math.linear.ArrayFieldVector:mapDivide:365, 0.0
org.apache.commons.math.linear.ArrayFieldVector:mapDivide:366, 0.0
org.apache.commons.math.linear.ArrayFieldVector:mapSubtractToSelf:339, 0.0
org.apache.commons.math.linear.ArrayFieldVector:mapInv:381, 0.0
org.apache.commons.math.linear.ArrayFieldVector:mapInv:382, 0.0
org.apache.commons.math.linear.ArrayFieldVector:mapSubtract:334, 0.0
org.apache.commons.math.linear.ArrayFieldVector:mapAddToSelf:323, 0.0
org.apache.commons.math.linear.ArrayFieldVector:mapInvToSelf:395, 0.0
org.apache.commons.math.linear.ArrayFieldVector:mapAddToSelf:325, 0.0
org.apache.commons.math.linear.ArrayFieldVector:mapDivide:364, 0.0
org.apache.commons.math.linear.ArrayFieldVector:mapSubtractToSelf:340, 0.0
org.apache.commons.math.linear.BlockFieldMatrix:getData:653, 0.0
org.apache.commons.math.linear.BlockFieldMatrix:getData:652, 0.0
org.apache.commons.math.linear.BlockFieldMatrix:getData:655, 0.0
org.apache.commons.math.linear.BlockFieldMatrix:getData:654, 0.0
org.apache.commons.math.linear.BlockFieldMatrix:getData:656, 0.0
org.apache.commons.math.linear.BlockFieldMatrix:getData:664, 0.0
org.apache.commons.math.linear.BlockFieldMatrix:getData:665, 0.0
org.apache.commons.math.linear.BlockFieldMatrix:getData:666, 0.0
org.apache.commons.math.linear.BlockFieldMatrix:getData:651, 0.0
org.apache.commons.math.linear.BlockFieldMatrix:getData:670, 0.0
org.apache.commons.math.linear.BlockFieldMatrix:getData:649, 0.0
org.apache.commons.math.linear.BlockFieldMatrix:getData:648, 0.0
org.apache.commons.math.linear.BlockFieldMatrix:getData:660, 0.0
org.apache.commons.math.linear.BlockFieldMatrix:getData:657, 0.0
org.apache.commons.math.linear.BlockFieldMatrix:getData:658, 0.0
org.apache.commons.math.linear.BlockFieldMatrix:getData:659, 0.0
org.apache.commons.math.linear.BlockFieldMatrix:setEntry:1239, 0.0
org.apache.commons.math.linear.BlockFieldMatrix:setEntry:1229, 0.0
org.apache.commons.math.linear.BlockFieldMatrix:setEntry:1238, 0.0
org.apache.commons.math.linear.BlockFieldMatrix:setEntry:1231, 0.0
org.apache.commons.math.linear.BlockFieldMatrix:setEntry:1230, 0.0
org.apache.commons.math.linear.BlockFieldMatrix:setEntry:1233, 0.0
org.apache.commons.math.linear.BlockFieldMatrix:getData:661, 0.0
org.apache.commons.math.linear.BlockFieldMatrix:getData:662, 0.0
org.apache.commons.math.linear.AbstractFieldMatrix:hashCode:1010, 0.0
org.apache.commons.math.linear.BlockFieldMatrix:transpose:1282, 0.0
org.apache.commons.math.linear.BlockFieldMatrix:transpose:1283, 0.0
org.apache.commons.math.linear.BlockFieldMatrix:transpose:1281, 0.0
org.apache.commons.math.linear.BlockFieldMatrix:transpose:1286, 0.0
org.apache.commons.math.linear.BlockFieldMatrix:transpose:1287, 0.0
org.apache.commons.math.linear.BlockFieldMatrix:transpose:1301, 0.0
org.apache.commons.math.linear.BlockFieldMatrix:transpose:1304, 0.0
org.apache.commons.math.linear.BlockFieldMatrix:transpose:1303, 0.0
org.apache.commons.math.linear.BlockFieldMatrix:transpose:1302, 0.0
org.apache.commons.math.linear.AbstractFieldMatrix:equals:990, 0.0
org.apache.commons.math.linear.BlockFieldMatrix:copy:318, 0.0
org.apache.commons.math.linear.AbstractFieldMatrix:hashCode:1009, 0.0
org.apache.commons.math.linear.BlockFieldMatrix:transpose:1288, 0.0
org.apache.commons.math.linear.BlockFieldMatrix:transpose:1298, 0.0
org.apache.commons.math.linear.BlockFieldMatrix:copy:315, 0.0
org.apache.commons.math.linear.BlockFieldMatrix:copy:314, 0.0
org.apache.commons.math.linear.AbstractFieldMatrix:hashCode:1008, 0.0
org.apache.commons.math.linear.AbstractFieldMatrix:hashCode:1005, 0.0
org.apache.commons.math.linear.AbstractFieldMatrix:hashCode:1004, 0.0
org.apache.commons.math.linear.AbstractFieldMatrix:hashCode:1007, 0.0
org.apache.commons.math.linear.AbstractFieldMatrix:hashCode:1006, 0.0
org.apache.commons.math.linear.AbstractFieldMatrix:equals:985, 0.0
org.apache.commons.math.linear.BlockFieldMatrix:transpose:1309, 0.0
org.apache.commons.math.linear.BlockFieldMatrix:transpose:1314, 0.0
org.apache.commons.math.linear.AbstractFieldMatrix:equals:976, 0.0
org.apache.commons.math.linear.BlockFieldMatrix:transpose:1291, 0.0
org.apache.commons.math.linear.BlockFieldMatrix:transpose:1294, 0.0
org.apache.commons.math.linear.BlockFieldMatrix:transpose:1295, 0.0
org.apache.commons.math.linear.BlockFieldMatrix:transpose:1292, 0.0
org.apache.commons.math.linear.BlockFieldMatrix:transpose:1293, 0.0
org.apache.commons.math.linear.BlockFieldMatrix:transpose:1297, 0.0
org.apache.commons.math.linear.BlockFieldMatrix:transpose:1296, 0.0
org.apache.commons.math.linear.BlockFieldMatrix:copy:311, 0.0
org.apache.commons.math.linear.AbstractFieldMatrix:hashCode:1014, 0.0
org.apache.commons.math.linear.BlockFieldMatrix:transpose:1299, 0.0
org.apache.commons.math.linear.BlockFieldMatrix:transpose:1300, 0.0
org.apache.commons.math.linear.AbstractFieldMatrix:equals:979, 0.0
org.apache.commons.math.linear.AbstractFieldMatrix:hashCode:1011, 0.0
org.apache.commons.math.linear.BlockFieldMatrix:setColumnMatrix:1026, 0.0
org.apache.commons.math.linear.BlockFieldMatrix:setColumnMatrix:1027, 0.0
org.apache.commons.math.linear.BlockFieldMatrix:scalarAdd:479, 0.0
org.apache.commons.math.linear.BlockFieldMatrix:getColumnMatrix:969, 0.0
org.apache.commons.math.linear.BlockFieldMatrix:getColumnMatrix:968, 0.0
org.apache.commons.math.linear.BlockFieldMatrix:scalarAdd:478, 0.0
org.apache.commons.math.linear.BlockFieldMatrix:scalarAdd:477, 0.0
org.apache.commons.math.linear.BlockFieldMatrix:scalarAdd:476, 0.0
org.apache.commons.math.linear.BlockFieldMatrix:scalarAdd:473, 0.0
org.apache.commons.math.linear.BlockFieldMatrix:scalarAdd:484, 0.0
org.apache.commons.math.linear.BlockFieldMatrix:scalarAdd:480, 0.0
org.apache.commons.math.linear.BlockFieldMatrix:getSubMatrix:711, 0.0
org.apache.commons.math.linear.BlockFieldMatrix:getSubMatrix:713, 0.0
org.apache.commons.math.linear.BlockFieldMatrix:getSubMatrix:730, 0.0
org.apache.commons.math.linear.BlockFieldMatrix:getSubMatrix:722, 0.0
org.apache.commons.math.linear.BlockFieldMatrix:getSubMatrix:714, 0.0
org.apache.commons.math.linear.BlockFieldMatrix:getSubMatrix:726, 0.0
org.apache.commons.math.linear.BlockFieldMatrix:getSubMatrix:718, 0.0
org.apache.commons.math.linear.BlockFieldMatrix:getSubMatrix:736, 0.0
org.apache.commons.math.linear.BlockFieldMatrix:getSubMatrix:732, 0.0
org.apache.commons.math.linear.BlockFieldMatrix:getSubMatrix:754, 0.0
org.apache.commons.math.linear.BlockFieldMatrix:getSubMatrix:746, 0.0
org.apache.commons.math.linear.BlockFieldMatrix:getSubMatrix:745, 0.0
org.apache.commons.math.linear.BlockFieldMatrix:getSubMatrix:750, 0.0
org.apache.commons.math.linear.BlockFieldMatrix:setRowMatrix:937, 0.0
org.apache.commons.math.linear.BlockFieldMatrix:setRowMatrix:936, 0.0
org.apache.commons.math.linear.BlockFieldMatrix:setRowMatrix:939, 0.0
org.apache.commons.math.linear.BlockFieldMatrix:setRowMatrix:938, 0.0
org.apache.commons.math.linear.BlockFieldMatrix:getRowMatrix:876, 0.0
org.apache.commons.math.linear.BlockFieldMatrix:getRowMatrix:877, 0.0
org.apache.commons.math.linear.BlockFieldMatrix:getRowMatrix:878, 0.0
org.apache.commons.math.linear.BlockFieldMatrix:getRowMatrix:879, 0.0
org.apache.commons.math.linear.BlockFieldMatrix:operate:1356, 0.0
org.apache.commons.math.linear.BlockFieldMatrix:operate:1362, 0.0
org.apache.commons.math.linear.BlockFieldMatrix:operate:1361, 0.0
org.apache.commons.math.linear.BlockFieldMatrix:preMultiply:1411, 0.0
org.apache.commons.math.linear.BlockFieldMatrix:preMultiply:1406, 0.0
org.apache.commons.math.linear.BlockFieldMatrix:preMultiply:1412, 0.0
org.apache.commons.math.linear.BlockFieldMatrix:subtract:400, 0.0
org.apache.commons.math.linear.AbstractFieldMatrix:toString:941, 0.0
org.apache.commons.math.linear.AbstractFieldMatrix:toString:940, 0.0
org.apache.commons.math.linear.AbstractFieldMatrix:toString:943, 0.0
org.apache.commons.math.linear.AbstractFieldMatrix:toString:942, 0.0
org.apache.commons.math.linear.AbstractFieldMatrix:toString:939, 0.0
org.apache.commons.math.linear.AbstractFieldMatrix:toString:944, 0.0
org.apache.commons.math.linear.AbstractFieldMatrix:toString:946, 0.0
org.apache.commons.math.linear.AbstractFieldMatrix:toString:950, 0.0
org.apache.commons.math.linear.AbstractFieldMatrix:toString:951, 0.0
org.apache.commons.math.linear.AbstractFieldMatrix:toString:955, 0.0
org.apache.commons.math.fraction.Fraction:toString:656, 0.0
org.apache.commons.math.fraction.Fraction:toString:649, 0.0
org.apache.commons.math.fraction.Fraction:toString:648, 0.0
org.apache.commons.math.linear.AbstractFieldMatrix:toString:948, 0.0
org.apache.commons.math.linear.AbstractFieldMatrix:toString:953, 0.0
org.apache.commons.math.linear.AbstractFieldMatrix:toString:961, 0.0
org.apache.commons.math.linear.AbstractFieldMatrix:toString:960, 0.0
org.apache.commons.math.linear.AbstractFieldMatrix:toString:947, 0.0
org.apache.commons.math.fraction.Fraction:toString:650, 0.0
org.apache.commons.math.linear.AbstractFieldMatrix:toString:952, 0.0
org.apache.commons.math.linear.AbstractFieldMatrix:toString:957, 0.0
org.apache.commons.math.linear.DefaultFieldMatrixPreservingVisitor:start:49, 0.0
org.apache.commons.math.linear.AbstractFieldMatrix$3:visit:637, 0.0
org.apache.commons.math.linear.AbstractFieldMatrix$3:visit:636, 0.0
org.apache.commons.math.linear.AbstractFieldMatrix$3:<init>:631, 0.0
org.apache.commons.math.linear.AbstractFieldMatrix:transpose:641, 0.0
org.apache.commons.math.linear.AbstractFieldMatrix:transpose:631, 0.0
org.apache.commons.math.linear.AbstractFieldMatrix:transpose:630, 0.0
org.apache.commons.math.linear.AbstractFieldMatrix:transpose:629, 0.0
org.apache.commons.math.linear.AbstractFieldMatrix:transpose:628, 0.0
org.apache.commons.math.linear.AbstractFieldMatrix:walkInColumnOrder:902, 0.0
org.apache.commons.math.linear.BlockFieldMatrix:walkInOptimizedOrder:1609, 0.0
org.apache.commons.math.linear.BlockFieldMatrix:walkInRowOrder:1534, 0.0
org.apache.commons.math.linear.BlockFieldMatrix:walkInRowOrder:1464, 0.0
org.apache.commons.math.linear.BlockFieldMatrix:walkInRowOrder:1465, 0.0
org.apache.commons.math.linear.BlockFieldMatrix:walkInRowOrder:1466, 0.0
org.apache.commons.math.linear.BlockFieldMatrix:walkInRowOrder:1467, 0.0
org.apache.commons.math.linear.BlockFieldMatrix:walkInRowOrder:1462, 0.0
org.apache.commons.math.linear.BlockFieldMatrix:walkInRowOrder:1463, 0.0
org.apache.commons.math.linear.AbstractFieldMatrix:walkInColumnOrder:879, 0.0
org.apache.commons.math.linear.BlockFieldMatrix:walkInRowOrder:1435, 0.0
org.apache.commons.math.linear.BlockFieldMatrix:walkInRowOrder:1494, 0.0
org.apache.commons.math.linear.BlockFieldMatrix:walkInRowOrder:1495, 0.0
org.apache.commons.math.linear.BlockFieldMatrix:walkInRowOrder:1492, 0.0
org.apache.commons.math.linear.BlockFieldMatrix:walkInRowOrder:1493, 0.0
org.apache.commons.math.linear.BlockFieldMatrix:walkInRowOrder:1491, 0.0
org.apache.commons.math.linear.BlockFieldMatrix:walkInRowOrder:1496, 0.0
org.apache.commons.math.linear.BlockFieldMatrix:walkInRowOrder:1497, 0.0
org.apache.commons.math.linear.BlockFieldMatrix:walkInOptimizedOrder:1608, 0.0
org.apache.commons.math.linear.AbstractFieldMatrix:walkInColumnOrder:880, 0.0
org.apache.commons.math.linear.BlockFieldMatrix:walkInRowOrder:1436, 0.0
org.apache.commons.math.linear.BlockFieldMatrix:walkInRowOrder:1490, 0.0
org.apache.commons.math.linear.BlockFieldMatrix:walkInOptimizedOrder:1607, 0.0
org.apache.commons.math.linear.BlockFieldMatrix:walkInRowOrder:1468, 0.0
org.apache.commons.math.linear.BlockFieldMatrix:walkInRowOrder:1469, 0.0
org.apache.commons.math.linear.BlockFieldMatrix:walkInRowOrder:1498, 0.0
org.apache.commons.math.linear.BlockFieldMatrix:walkInRowOrder:1499, 0.0
org.apache.commons.math.linear.BlockFieldMatrix:walkInOptimizedOrder:1602, 0.0
org.apache.commons.math.linear.BlockFieldMatrix:walkInOptimizedOrder:1603, 0.0
org.apache.commons.math.linear.BlockFieldMatrix:walkInOptimizedOrder:1604, 0.0
org.apache.commons.math.linear.BlockFieldMatrix:walkInOptimizedOrder:1605, 0.0
org.apache.commons.math.linear.BlockFieldMatrix:walkInOptimizedOrder:1606, 0.0
org.apache.commons.math.linear.BlockFieldMatrix:walkInOptimizedOrder:1567, 0.0
org.apache.commons.math.linear.BlockFieldMatrix:walkInOptimizedOrder:1568, 0.0
org.apache.commons.math.linear.BlockFieldMatrix:walkInOptimizedOrder:1569, 0.0
org.apache.commons.math.linear.BlockFieldMatrix:walkInRowOrder:1461, 0.0
org.apache.commons.math.linear.BlockFieldMatrix:walkInRowOrder:1441, 0.0
org.apache.commons.math.linear.BlockFieldMatrix:walkInRowOrder:1440, 0.0
org.apache.commons.math.linear.BlockFieldMatrix:walkInRowOrder:1442, 0.0
org.apache.commons.math.linear.BlockFieldMatrix:walkInRowOrder:1438, 0.0
org.apache.commons.math.linear.BlockFieldMatrix:walkInRowOrder:1439, 0.0
org.apache.commons.math.linear.BlockFieldMatrix:walkInRowOrder:1437, 0.0
org.apache.commons.math.linear.AbstractFieldMatrix:walkInColumnOrder:876, 0.0
org.apache.commons.math.linear.AbstractFieldMatrix:walkInColumnOrder:877, 0.0
org.apache.commons.math.linear.BlockFieldMatrix:walkInOptimizedOrder:1597, 0.0
org.apache.commons.math.linear.BlockFieldMatrix:walkInRowOrder:1527, 0.0
org.apache.commons.math.linear.BlockFieldMatrix:walkInRowOrder:1528, 0.0
org.apache.commons.math.linear.BlockFieldMatrix:walkInRowOrder:1529, 0.0
org.apache.commons.math.linear.BlockFieldMatrix:walkInRowOrder:1457, 0.0
org.apache.commons.math.linear.BlockFieldMatrix:walkInOptimizedOrder:1583, 0.0
org.apache.commons.math.linear.BlockFieldMatrix:walkInOptimizedOrder:1572, 0.0
org.apache.commons.math.linear.BlockFieldMatrix:walkInRowOrder:1489, 0.0
org.apache.commons.math.linear.BlockFieldMatrix:walkInOptimizedOrder:1601, 0.0
org.apache.commons.math.linear.BlockFieldMatrix:walkInRowOrder:1520, 0.0
org.apache.commons.math.linear.BlockFieldMatrix:walkInRowOrder:1458, 0.0
org.apache.commons.math.linear.BlockFieldMatrix:walkInRowOrder:1459, 0.0
org.apache.commons.math.linear.BlockFieldMatrix:walkInRowOrder:1460, 0.0
org.apache.commons.math.linear.BlockFieldMatrix:walkInOptimizedOrder:1577, 0.0
org.apache.commons.math.linear.BlockFieldMatrix:walkInRowOrder:1432, 0.0
org.apache.commons.math.linear.BlockFieldMatrix:walkInRowOrder:1431, 0.0
org.apache.commons.math.linear.BlockFieldMatrix:walkInRowOrder:1519, 0.0
org.apache.commons.math.linear.BlockFieldMatrix:walkInOptimizedOrder:1586, 0.0
org.apache.commons.math.linear.BlockFieldMatrix:walkInRowOrder:1504, 0.0
org.apache.commons.math.linear.BlockFieldMatrix:walkInOptimizedOrder:1610, 0.0
org.apache.commons.math.linear.BlockFieldMatrix:walkInOptimizedOrder:1611, 0.0
org.apache.commons.math.linear.AbstractFieldMatrix:walkInColumnOrder:854, 0.0
org.apache.commons.math.linear.BlockFieldMatrix:walkInRowOrder:1515, 0.0
org.apache.commons.math.linear.BlockFieldMatrix:walkInRowOrder:1485, 0.0
org.apache.commons.math.linear.BlockFieldMatrix:walkInRowOrder:1434, 0.0
org.apache.commons.math.linear.BlockFieldMatrix:walkInRowOrder:1433, 0.0
org.apache.commons.math.linear.AbstractFieldMatrix:walkInColumnOrder:847, 0.0
org.apache.commons.math.linear.BlockFieldMatrix:walkInOptimizedOrder:1616, 0.0
org.apache.commons.math.linear.AbstractFieldMatrix:walkInColumnOrder:868, 0.0
org.apache.commons.math.linear.BlockFieldMatrix:walkInRowOrder:1449, 0.0
org.apache.commons.math.linear.BlockFieldMatrix:walkInOptimizedOrder:1578, 0.0
org.apache.commons.math.linear.AbstractFieldMatrix:walkInColumnOrder:851, 0.0
org.apache.commons.math.linear.AbstractFieldMatrix:walkInColumnOrder:850, 0.0
org.apache.commons.math.linear.AbstractFieldMatrix:walkInColumnOrder:849, 0.0
org.apache.commons.math.linear.AbstractFieldMatrix:walkInColumnOrder:848, 0.0
org.apache.commons.math.linear.BlockFieldMatrix:walkInRowOrder:1484, 0.0
org.apache.commons.math.linear.BlockFieldMatrix:walkInRowOrder:1483, 0.0
org.apache.commons.math.linear.AbstractFieldMatrix:walkInColumnOrder:864, 0.0
org.apache.commons.math.linear.AbstractFieldMatrix:walkInColumnOrder:865, 0.0
org.apache.commons.math.linear.AbstractFieldMatrix:walkInColumnOrder:897, 0.0
org.apache.commons.math.linear.BlockFieldMatrix:walkInRowOrder:1456, 0.0
org.apache.commons.math.linear.BlockFieldMatrix:walkInOptimizedOrder:1580, 0.0
org.apache.commons.math.linear.BlockFieldMatrix:walkInOptimizedOrder:1579, 0.0
org.apache.commons.math.linear.AbstractFieldMatrix:walkInColumnOrder:863, 0.0
org.apache.commons.math.linear.BlockFieldMatrix:walkInRowOrder:1524, 0.0
org.apache.commons.math.linear.BlockFieldMatrix:walkInRowOrder:1525, 0.0
org.apache.commons.math.linear.BlockFieldMatrix:walkInRowOrder:1526, 0.0
org.apache.commons.math.linear.BlockFieldMatrix:walkInRowOrder:1521, 0.0
org.apache.commons.math.linear.BlockFieldMatrix:walkInRowOrder:1522, 0.0
org.apache.commons.math.linear.BlockFieldMatrix:walkInRowOrder:1523, 0.0
org.apache.commons.math.linear.AbstractFieldMatrix:walkInColumnOrder:895, 0.0
org.apache.commons.math.linear.AbstractFieldMatrix:walkInColumnOrder:894, 0.0
org.apache.commons.math.linear.AbstractFieldMatrix:walkInColumnOrder:846, 0.0
org.apache.commons.math.linear.AbstractFieldMatrix:walkInColumnOrder:844, 0.0
org.apache.commons.math.linear.AbstractFieldMatrix:walkInColumnOrder:845, 0.0
org.apache.commons.math.linear.BlockFieldMatrix:walkInRowOrder:1513, 0.0
org.apache.commons.math.linear.BlockFieldMatrix:walkInRowOrder:1514, 0.0
org.apache.commons.math.linear.BlockFieldMatrix:walkInRowOrder:1487, 0.0
org.apache.commons.math.linear.BlockFieldMatrix:walkInRowOrder:1486, 0.0
org.apache.commons.math.linear.BlockFieldMatrix:walkInRowOrder:1488, 0.0
org.apache.commons.math.linear.AbstractFieldMatrix:walkInColumnOrder:886, 0.0
org.apache.commons.math.linear.AbstractFieldMatrix:walkInColumnOrder:898, 0.0
org.apache.commons.math.linear.BlockFieldMatrix:walkInOptimizedOrder:1570, 0.0
org.apache.commons.math.linear.BlockFieldMatrix:walkInOptimizedOrder:1571, 0.0
org.apache.commons.math.linear.BlockFieldMatrix:walkInRowOrder:1443, 0.0
org.apache.commons.math.linear.BlockFieldMatrix:walkInRowOrder:1444, 0.0
org.apache.commons.math.linear.BlockFieldMatrix:walkInOptimizedOrder:1600, 0.0
org.apache.commons.math.linear.BlockFieldMatrix:walkInOptimizedOrder:1599, 0.0
org.apache.commons.math.linear.BlockFieldMatrix:walkInOptimizedOrder:1598, 0.0
org.apache.commons.math.linear.BlockFieldMatrix:walkInRowOrder:1517, 0.0
org.apache.commons.math.linear.BlockFieldMatrix:walkInRowOrder:1516, 0.0
org.apache.commons.math.linear.BlockFieldMatrix:walkInRowOrder:1518, 0.0
org.apache.commons.math.linear.AbstractFieldMatrix:walkInColumnOrder:881, 0.0
org.apache.commons.math.linear.AbstractFieldMatrix:walkInColumnOrder:883, 0.0
org.apache.commons.math.linear.AbstractFieldMatrix:walkInColumnOrder:882, 0.0
org.apache.commons.math.linear.AbstractFieldMatrix:walkInColumnOrder:862, 0.0
org.apache.commons.math.linear.AbstractFieldMatrix:walkInColumnOrder:861, 0.0
org.apache.commons.math.linear.AbstractFieldMatrix:walkInColumnOrder:860, 0.0
org.apache.commons.math.linear.BlockFieldMatrix:walkInOptimizedOrder:1574, 0.0
org.apache.commons.math.linear.BlockFieldMatrix:walkInOptimizedOrder:1575, 0.0
org.apache.commons.math.linear.BlockFieldMatrix:walkInOptimizedOrder:1573, 0.0
org.apache.commons.math.linear.BlockFieldMatrix:walkInOptimizedOrder:1576, 0.0
org.apache.commons.math.linear.AbstractFieldMatrix:walkInColumnOrder:899, 0.0
org.apache.commons.math.linear.BlockFieldMatrix:walkInOptimizedOrder:1596, 0.0
org.apache.commons.math.linear.BlockFieldMatrix:walkInOptimizedOrder:1595, 0.0
org.apache.commons.math.linear.BlockFieldMatrix:walkInRowOrder:1474, 0.0
org.apache.commons.math.linear.FieldLUDecompositionImpl:getL:159, 0.0
org.apache.commons.math.linear.FieldLUDecompositionImpl:getL:164, 0.0
org.apache.commons.math.linear.FieldLUDecompositionImpl:getP:190, 0.0
org.apache.commons.math.linear.FieldLUDecompositionImpl:getL:167, 0.0
org.apache.commons.math.linear.FieldLUDecompositionImpl:getP:191, 0.0
org.apache.commons.math.linear.FieldLUDecompositionImpl:getL:156, 0.0
org.apache.commons.math.linear.FieldLUDecompositionImpl:getU:172, 0.0
org.apache.commons.math.linear.FieldLUDecompositionImpl:getP:194, 0.0
org.apache.commons.math.linear.FieldLUDecompositionImpl:getU:175, 0.0
org.apache.commons.math.linear.FieldLUDecompositionImpl:getU:174, 0.0
org.apache.commons.math.linear.FieldLUDecompositionImpl:getU:173, 0.0
org.apache.commons.math.linear.FieldLUDecompositionImpl:getL:157, 0.0
org.apache.commons.math.linear.FieldLUDecompositionImpl:getL:158, 0.0
org.apache.commons.math.linear.FieldLUDecompositionImpl:getU:182, 0.0
org.apache.commons.math.linear.FieldLUDecompositionImpl:getU:176, 0.0
org.apache.commons.math.linear.FieldLUDecompositionImpl:getU:177, 0.0
org.apache.commons.math.linear.FieldLUDecompositionImpl:getU:178, 0.0
org.apache.commons.math.linear.FieldLUDecompositionImpl:getL:161, 0.0
org.apache.commons.math.linear.FieldLUDecompositionImpl:getL:160, 0.0
org.apache.commons.math.linear.FieldLUDecompositionImpl:getP:187, 0.0
org.apache.commons.math.linear.FieldLUDecompositionImpl:getL:162, 0.0
org.apache.commons.math.linear.FieldLUDecompositionImpl:getP:188, 0.0
org.apache.commons.math.linear.FieldLUDecompositionImpl:getP:189, 0.0
org.apache.commons.math.linear.FieldLUDecompositionImpl:getPivot:199, 0.0
org.apache.commons.math.linear.FieldLUDecompositionImpl:<init>:141, 0.0
org.apache.commons.math.linear.FieldLUDecompositionImpl:<init>:133, 0.0
org.apache.commons.math.linear.FieldLUDecompositionImpl:<init>:136, 0.0
org.apache.commons.math.linear.FieldLUDecompositionImpl:<init>:135, 0.0
org.apache.commons.math.linear.FieldLUDecompositionImpl:<init>:134, 0.0
org.apache.commons.math.linear.FieldLUDecompositionImpl:<init>:139, 0.0
org.apache.commons.math.linear.FieldLUDecompositionImpl:<init>:138, 0.0
org.apache.commons.math.linear.FieldLUDecompositionImpl:<init>:140, 0.0
org.apache.commons.math.linear.FieldLUDecompositionImpl:<init>:132, 0.0
org.apache.commons.math.linear.FieldLUDecompositionImpl:<init>:120, 0.0
org.apache.commons.math.linear.FieldLUDecompositionImpl$Solver:isNonSingular:256, 0.0
org.apache.commons.math.linear.FieldLUDecompositionImpl:<init>:127, 0.0
org.apache.commons.math.linear.FieldLUDecompositionImpl:<init>:126, 0.0
org.apache.commons.math.linear.Array2DRowFieldMatrix:copy:179, 0.0
org.apache.commons.math.linear.AbstractFieldMatrix:scalarAdd:214, 0.0
org.apache.commons.math.linear.AbstractFieldMatrix:scalarAdd:212, 0.0
org.apache.commons.math.linear.AbstractFieldMatrix:scalarAdd:213, 0.0
org.apache.commons.math.linear.AbstractFieldMatrix:scalarAdd:210, 0.0
org.apache.commons.math.linear.AbstractFieldMatrix:scalarAdd:211, 0.0
org.apache.commons.math.linear.AbstractFieldMatrix:scalarAdd:219, 0.0
org.apache.commons.math.linear.AbstractFieldMatrix:scalarAdd:215, 0.0
org.apache.commons.math.linear.Array2DRowFieldMatrix:walkInColumnOrder:577, 0.0
org.apache.commons.math.linear.Array2DRowFieldMatrix:walkInColumnOrder:578, 0.0
org.apache.commons.math.linear.Array2DRowFieldMatrix:walkInColumnOrder:579, 0.0
org.apache.commons.math.linear.Array2DRowFieldMatrix:walkInColumnOrder:592, 0.0
org.apache.commons.math.linear.Array2DRowFieldMatrix:walkInColumnOrder:594, 0.0
org.apache.commons.math.linear.Array2DRowFieldMatrix:walkInColumnOrder:591, 0.0
org.apache.commons.math.linear.Array2DRowFieldMatrix:walkInRowOrder:509, 0.0
org.apache.commons.math.linear.Array2DRowFieldMatrix:walkInRowOrder:506, 0.0
org.apache.commons.math.linear.Array2DRowFieldMatrix:walkInRowOrder:507, 0.0
org.apache.commons.math.linear.Array2DRowFieldMatrix:walkInColumnOrder:564, 0.0
org.apache.commons.math.linear.Array2DRowFieldMatrix:walkInColumnOrder:541, 0.0
org.apache.commons.math.linear.Array2DRowFieldMatrix:walkInColumnOrder:540, 0.0
org.apache.commons.math.linear.Array2DRowFieldMatrix:walkInColumnOrder:543, 0.0
org.apache.commons.math.linear.Array2DRowFieldMatrix:walkInColumnOrder:542, 0.0
org.apache.commons.math.linear.Array2DRowFieldMatrix:walkInRowOrder:515, 0.0
org.apache.commons.math.linear.Array2DRowFieldMatrix:walkInColumnOrder:595, 0.0
org.apache.commons.math.linear.Array2DRowFieldMatrix:walkInColumnOrder:559, 0.0
org.apache.commons.math.linear.Array2DRowFieldMatrix:walkInColumnOrder:576, 0.0
org.apache.commons.math.linear.Array2DRowFieldMatrix:walkInColumnOrder:558, 0.0
org.apache.commons.math.linear.Array2DRowFieldMatrix:walkInColumnOrder:556, 0.0
org.apache.commons.math.linear.Array2DRowFieldMatrix:walkInColumnOrder:557, 0.0
org.apache.commons.math.linear.Array2DRowFieldMatrix:walkInColumnOrder:544, 0.0
org.apache.commons.math.linear.Array2DRowFieldMatrix:walkInRowOrder:511, 0.0
org.apache.commons.math.linear.Array2DRowFieldMatrix:walkInRowOrder:512, 0.0
org.apache.commons.math.linear.Array2DRowFieldMatrix:walkInColumnOrder:574, 0.0
org.apache.commons.math.linear.Array2DRowFieldMatrix:walkInColumnOrder:573, 0.0
org.apache.commons.math.linear.Array2DRowFieldMatrix:walkInColumnOrder:560, 0.0
org.apache.commons.math.linear.Array2DRowFieldMatrix:walkInColumnOrder:596, 0.0
org.apache.commons.math.linear.AbstractFieldMatrix:walkInOptimizedOrder:922, 0.0
org.apache.commons.math.linear.Array2DRowFieldMatrix:walkInColumnOrder:546, 0.0
org.apache.commons.math.linear.Array2DRowFieldMatrix:walkInColumnOrder:545, 0.0
org.apache.commons.math.linear.Array2DRowFieldMatrix:walkInRowOrder:510, 0.0
org.apache.commons.math.linear.Array2DRowFieldMatrix:walkInColumnOrder:582, 0.0
org.apache.commons.math.linear.Array2DRowFieldMatrix:walkInColumnOrder:599, 0.0
org.apache.commons.math.linear.Array2DRowFieldMatrix:walkInColumnOrder:549, 0.0
org.apache.commons.math.linear.Array2DRowFieldMatrix:walkInColumnOrder:561, 0.0
org.apache.commons.math.linear.SparseFieldMatrix:copy:121, 0.0
org.apache.commons.math.linear.SparseFieldMatrix:<init>:84, 0.0
org.apache.commons.math.linear.SparseFieldMatrix:<init>:81, 0.0
org.apache.commons.math.linear.SparseFieldMatrix:<init>:80, 0.0
org.apache.commons.math.linear.SparseFieldMatrix:<init>:83, 0.0
org.apache.commons.math.linear.SparseFieldMatrix:<init>:82, 0.0
org.apache.commons.math.util.OpenIntToFieldHashMap:<init>:163, 0.0
org.apache.commons.math.util.OpenIntToFieldHashMap:<init>:162, 0.0
org.apache.commons.math.util.OpenIntToFieldHashMap:<init>:161, 0.0
org.apache.commons.math.util.OpenIntToFieldHashMap:<init>:160, 0.0
org.apache.commons.math.util.OpenIntToFieldHashMap:<init>:164, 0.0
org.apache.commons.math.util.OpenIntToFieldHashMap:<init>:152, 0.0
org.apache.commons.math.util.OpenIntToFieldHashMap:<init>:153, 0.0
org.apache.commons.math.util.OpenIntToFieldHashMap:<init>:154, 0.0
org.apache.commons.math.util.OpenIntToFieldHashMap:<init>:155, 0.0
org.apache.commons.math.util.OpenIntToFieldHashMap:<init>:156, 0.0
org.apache.commons.math.util.OpenIntToFieldHashMap:<init>:157, 0.0
org.apache.commons.math.util.OpenIntToFieldHashMap:<init>:158, 0.0
org.apache.commons.math.util.OpenIntToFieldHashMap:<init>:159, 0.0
org.apache.commons.math.util.OpenIntToFieldHashMap:<init>:151, 0.0
org.apache.commons.math.linear.AbstractFieldMatrix:walkInRowOrder:799, 0.0
org.apache.commons.math.linear.AbstractFieldMatrix:walkInRowOrder:798, 0.0
org.apache.commons.math.linear.AbstractFieldMatrix:walkInRowOrder:797, 0.0
org.apache.commons.math.linear.AbstractFieldMatrix:walkInRowOrder:796, 0.0
org.apache.commons.math.linear.AbstractFieldMatrix:walkInRowOrder:804, 0.0
org.apache.commons.math.linear.AbstractFieldMatrix:walkInRowOrder:800, 0.0
org.apache.commons.math.linear.AbstractFieldMatrix:walkInRowOrder:801, 0.0
org.apache.commons.math.linear.AbstractFieldMatrix:getData:278, 0.0
org.apache.commons.math.linear.AbstractFieldMatrix:getData:277, 0.0
org.apache.commons.math.linear.AbstractFieldMatrix:getData:282, 0.0
org.apache.commons.math.linear.AbstractFieldMatrix:getData:275, 0.0
org.apache.commons.math.linear.AbstractFieldMatrix:getData:273, 0.0
org.apache.commons.math.linear.AbstractFieldMatrix:getData:276, 0.0
org.apache.commons.math.linear.SparseFieldVector:dotProduct:217, 0.0
org.apache.commons.math.linear.SparseFieldVector:outerProduct:414, 0.0
org.apache.commons.math.linear.SparseFieldVector:dotProduct:218, 0.0
org.apache.commons.math.linear.SparseFieldVector:dotProduct:219, 0.0
org.apache.commons.math.linear.SparseFieldVector:setEntry:470, 0.0
org.apache.commons.math.linear.SparseFieldVector:setEntry:471, 0.0
org.apache.commons.math.linear.SparseFieldVector:setEntry:469, 0.0
org.apache.commons.math.linear.SparseFieldVector:outerProduct:416, 0.0
org.apache.commons.math.linear.SparseFieldVector:outerProduct:415, 0.0
org.apache.commons.math.linear.SparseFieldVector:add:151, 0.0
org.apache.commons.math.linear.SparseFieldVector:ebeMultiply:267, 0.0
org.apache.commons.math.linear.SparseFieldVector:ebeMultiply:268, 0.0
org.apache.commons.math.linear.SparseFieldVector:ebeMultiply:269, 0.0
org.apache.commons.math.linear.SparseFieldVector:getEntry:307, 0.0
org.apache.commons.math.linear.SparseFieldVector:getEntry:308, 0.0
org.apache.commons.math.linear.SparseFieldVector:dotProduct:221, 0.0
org.apache.commons.math.linear.SparseFieldVector:outerProduct:411, 0.0
org.apache.commons.math.linear.SparseFieldVector:getEntries:129, 0.0
org.apache.commons.math.linear.SparseFieldVector:ebeDivide:244, 0.0
org.apache.commons.math.linear.SparseFieldVector:ebeDivide:245, 0.0
org.apache.commons.math.linear.SparseFieldVector:ebeDivide:243, 0.0
org.apache.commons.math.linear.SparseFieldVector:add:152, 0.0
org.apache.commons.math.util.OpenIntToFieldHashMap:containsKey:231, 0.0
org.apache.commons.math.util.OpenIntToFieldHashMap:containsKey:230, 0.0
org.apache.commons.math.util.OpenIntToFieldHashMap:containsKey:229, 0.0
org.apache.commons.math.linear.SparseFieldVector:ebeMultiply:270, 0.0
org.apache.commons.math.linear.SparseFieldVector:outerProduct:412, 0.0
org.apache.commons.math.linear.SparseFieldVector:outerProduct:413, 0.0
org.apache.commons.math.linear.SparseFieldVector:ebeMultiply:272, 0.0
org.apache.commons.math.linear.SparseFieldVector:ebeMultiply:271, 0.0
org.apache.commons.math.linear.SparseFieldVector:ebeDivide:247, 0.0
org.apache.commons.math.linear.SparseFieldVector:ebeDivide:248, 0.0
org.apache.commons.math.linear.SparseFieldVector:ebeMultiply:274, 0.0
org.apache.commons.math.linear.SparseFieldVector:subtract:509, 0.0
org.apache.commons.math.linear.SparseFieldVector:ebeDivide:246, 0.0
org.apache.commons.math.linear.SparseFieldVector:checkVectorDimensions:571, 0.0
org.apache.commons.math.linear.SparseFieldVector:outerProduct:418, 0.0
org.apache.commons.math.linear.SparseFieldVector:dotProduct:214, 0.0
org.apache.commons.math.linear.SparseFieldVector:dotProduct:215, 0.0
org.apache.commons.math.linear.SparseFieldVector:dotProduct:216, 0.0
org.apache.commons.math.linear.SparseFieldVector:ebeDivide:250, 0.0
org.apache.commons.math.linear.SparseFieldVector:copy:209, 0.0
org.apache.commons.math.linear.SparseFieldVector:outerProduct:419, 0.0
org.apache.commons.math.linear.SparseFieldVector:subtract:510, 0.0
org.apache.commons.math.linear.SparseFieldVector:<init>:119, 0.0
org.apache.commons.math.linear.SparseFieldVector:<init>:118, 0.0
org.apache.commons.math.linear.SparseFieldVector:<init>:122, 0.0
org.apache.commons.math.linear.SparseFieldVector:<init>:121, 0.0
org.apache.commons.math.linear.SparseFieldVector:<init>:120, 0.0
org.apache.commons.math.linear.SparseFieldVector:subtract:501, 0.0
org.apache.commons.math.linear.SparseFieldVector:getData:294, 0.0
org.apache.commons.math.linear.SparseFieldVector:getData:295, 0.0
org.apache.commons.math.util.OpenIntToFieldHashMap:access$200:42, 0.0
org.apache.commons.math.linear.SparseFieldVector:subtract:500, 0.0
org.apache.commons.math.linear.SparseFieldVector:subtract:498, 0.0
org.apache.commons.math.linear.SparseFieldVector:subtract:499, 0.0
org.apache.commons.math.linear.SparseFieldVector:getData:297, 0.0
org.apache.commons.math.linear.SparseFieldVector:getData:291, 0.0
org.apache.commons.math.linear.SparseFieldVector:getData:292, 0.0
org.apache.commons.math.util.OpenIntToFieldHashMap$Iterator:key:548, 0.0
org.apache.commons.math.linear.SparseFieldVector:subtract:505, 0.0
org.apache.commons.math.linear.SparseFieldVector:getData:293, 0.0
org.apache.commons.math.linear.SparseFieldVector:subtract:502, 0.0
org.apache.commons.math.linear.SparseFieldVector:subtract:503, 0.0
org.apache.commons.math.linear.SparseFieldVector:subtract:504, 0.0
org.apache.commons.math.linear.SparseFieldVector:checkIndex:550, 0.0
org.apache.commons.math.linear.SparseFieldVector:add:139, 0.0
org.apache.commons.math.linear.SparseFieldVector:add:141, 0.0
org.apache.commons.math.linear.SparseFieldVector:add:140, 0.0
org.apache.commons.math.util.OpenIntToFieldHashMap$Iterator:key:552, 0.0
org.apache.commons.math.util.OpenIntToFieldHashMap:containsKey:232, 0.0
org.apache.commons.math.linear.SparseFieldVector:add:142, 0.0
org.apache.commons.math.linear.SparseFieldVector:buildArray:589, 0.0
org.apache.commons.math.linear.SparseFieldVector:checkIndex:555, 0.0
org.apache.commons.math.linear.SparseFieldVector:outerProduct:410, 0.0
org.apache.commons.math.linear.SparseFieldVector:outerProduct:408, 0.0
org.apache.commons.math.linear.SparseFieldVector:outerProduct:409, 0.0
org.apache.commons.math.util.OpenIntToFieldHashMap$Iterator:key:555, 0.0
org.apache.commons.math.linear.SparseFieldVector:add:144, 0.0
org.apache.commons.math.linear.SparseFieldVector:add:145, 0.0
org.apache.commons.math.linear.SparseFieldVector:add:146, 0.0
org.apache.commons.math.linear.SparseFieldVector:add:143, 0.0
org.apache.commons.math.linear.SparseFieldVector:add:147, 0.0
org.apache.commons.math.linear.SparseFieldVector:mapMultiply:377, 0.0
org.apache.commons.math.linear.SparseFieldVector:mapMultiplyToSelf:387, 0.0
org.apache.commons.math.linear.SparseFieldVector:mapMultiplyToSelf:385, 0.0
org.apache.commons.math.linear.SparseFieldVector:mapMultiplyToSelf:384, 0.0
org.apache.commons.math.linear.SparseFieldVector:mapAddToSelf:344, 0.0
org.apache.commons.math.linear.SparseFieldVector:mapMultiplyToSelf:383, 0.0
org.apache.commons.math.linear.SparseFieldVector:mapSubtractToSelf:397, 0.0
org.apache.commons.math.linear.SparseFieldVector:mapAddToSelf:341, 0.0
org.apache.commons.math.linear.SparseFieldVector:mapAddToSelf:342, 0.0
org.apache.commons.math.linear.SparseFieldVector:mapMultiplyToSelf:382, 0.0
org.apache.commons.math.linear.SparseFieldVector:mapDivide:349, 0.0
org.apache.commons.math.linear.SparseFieldVector:mapDivideToSelf:354, 0.0
org.apache.commons.math.linear.SparseFieldVector:mapInvToSelf:372, 0.0
org.apache.commons.math.linear.SparseFieldVector:mapDivideToSelf:355, 0.0
org.apache.commons.math.linear.SparseFieldVector:mapInvToSelf:369, 0.0
org.apache.commons.math.linear.SparseFieldVector:mapInvToSelf:370, 0.0
org.apache.commons.math.linear.SparseFieldVector:mapSubtract:392, 0.0
org.apache.commons.math.linear.SparseFieldVector:mapInv:364, 0.0
org.apache.commons.math.linear.SparseFieldVector:mapAdd:336, 0.0
org.apache.commons.math.linear.SparseFieldVector:mapDivideToSelf:356, 0.0
org.apache.commons.math.linear.SparseFieldVector:mapDivideToSelf:357, 0.0
org.apache.commons.math.linear.SparseFieldVector:mapDivideToSelf:359, 0.0
org.apache.commons.math.linear.SparseFieldVector:equals:645, 0.0
org.apache.commons.math.linear.SparseFieldVector:equals:632, 0.0
org.apache.commons.math.linear.SparseFieldVector:equals:644, 0.0
org.apache.commons.math.linear.SparseFieldVector:equals:643, 0.0
org.apache.commons.math.linear.SparseFieldVector:equals:629, 0.0
org.apache.commons.math.linear.SparseFieldVector:equals:652, 0.0
org.apache.commons.math.linear.SparseFieldVector:equals:639, 0.0
org.apache.commons.math.linear.SparseFieldVector:equals:640, 0.0
org.apache.commons.math.linear.SparseFieldVector:equals:638, 0.0
org.apache.commons.math.linear.SparseFieldVector:equals:637, 0.0
org.apache.commons.math.linear.SparseFieldVector:equals:625, 0.0
org.apache.commons.math.linear.SparseFieldVector:equals:624, 0.0
org.apache.commons.math.linear.SparseFieldVector:equals:636, 0.0
org.apache.commons.math.linear.SparseFieldVector:equals:647, 0.0
org.apache.commons.math.linear.SparseFieldVector:equals:646, 0.0
org.apache.commons.math.linear.SparseFieldVector:equals:648, 0.0
org.apache.commons.math.linear.SparseFieldVector:equals:651, 0.0
org.apache.commons.math.linear.SparseFieldVector:equals:618, 0.0
org.apache.commons.math.linear.SparseFieldVector:equals:614, 0.0
org.apache.commons.math.util.OpenIntToFieldHashMap:findInsertionIndex:314, 0.0
org.apache.commons.math.util.OpenIntToFieldHashMap:findInsertionIndex:313, 0.0
org.apache.commons.math.util.OpenIntToFieldHashMap:perturb:269, 0.0
org.apache.commons.math.util.OpenIntToFieldHashMap:findInsertionIndex:307, 0.0
org.apache.commons.math.util.OpenIntToFieldHashMap:findInsertionIndex:305, 0.0
org.apache.commons.math.util.OpenIntToFieldHashMap:findInsertionIndex:304, 0.0
org.apache.commons.math.util.OpenIntToFieldHashMap:findInsertionIndex:303, 0.0
org.apache.commons.math.util.OpenIntToFieldHashMap$Iterator:advance:585, 0.0
org.apache.commons.math.MathRuntimeException:createConcurrentModificationException:376, 0.0
org.apache.commons.math.util.OpenIntToFieldHashMap:findInsertionIndex:299, 0.0
org.apache.commons.math.util.OpenIntToFieldHashMap:findInsertionIndex:300, 0.0
org.apache.commons.math.util.OpenIntToFieldHashMap:findInsertionIndex:301, 0.0
org.apache.commons.math.MathRuntimeException$6:<init>:376, 0.0
org.apache.commons.math.util.OpenIntToFieldHashMap:probe:345, 0.0
org.apache.commons.math.util.OpenIntToFieldHashMap:containsKey:242, 0.0
org.apache.commons.math.util.OpenIntToFieldHashMap:containsKey:243, 0.0
org.apache.commons.math.util.OpenIntToFieldHashMap:containsKey:241, 0.0
org.apache.commons.math.util.OpenIntToFieldHashMap:containsKey:244, 0.0
org.apache.commons.math.util.OpenIntToFieldHashMap:remove:384, 0.0
org.apache.commons.math.util.OpenIntToFieldHashMap:doRemove:414, 0.0
org.apache.commons.math.util.OpenIntToFieldHashMap:doRemove:415, 0.0
org.apache.commons.math.util.OpenIntToFieldHashMap:doRemove:413, 0.0
org.apache.commons.math.util.OpenIntToFieldHashMap:doRemove:417, 0.0
org.apache.commons.math.util.OpenIntToFieldHashMap:doRemove:416, 0.0
org.apache.commons.math.util.OpenIntToFieldHashMap:doRemove:419, 0.0
org.apache.commons.math.util.OpenIntToFieldHashMap:doRemove:418, 0.0
org.apache.commons.math.util.OpenIntToFieldHashMap:containsKey:240, 0.0
org.apache.commons.math.util.OpenIntToFieldHashMap:remove:376, 0.0
org.apache.commons.math.util.OpenIntToFieldHashMap:remove:388, 0.0
org.apache.commons.math.util.OpenIntToFieldHashMap:containsKey:248, 0.0
org.apache.commons.math.util.OpenIntToFieldHashMap:containsKey:235, 0.0
org.apache.commons.math.util.OpenIntToFieldHashMap:remove:383, 0.0
org.apache.commons.math.util.OpenIntToFieldHashMap:containsKey:236, 0.0
org.apache.commons.math.util.OpenIntToFieldHashMap:containsKey:239, 0.0
org.apache.commons.math.util.OpenIntToFieldHashMap:remove:387, 0.0
org.apache.commons.math.util.OpenIntToFieldHashMap:remove:386, 0.0
org.apache.commons.math.util.OpenIntToFieldHashMap:remove:385, 0.0
org.apache.commons.math.util.OpenIntToFieldHashMap:get:210, 0.0
org.apache.commons.math.util.OpenIntToFieldHashMap:size:362, 0.0
org.apache.commons.math.util.OpenIntToFieldHashMap:get:209, 0.0
org.apache.commons.math.util.OpenIntToFieldHashMap:get:214, 0.0
org.apache.commons.math.util.OpenIntToFieldHashMap:get:212, 0.0
org.apache.commons.math.util.OpenIntToFieldHashMap:get:213, 0.0
org.apache.commons.math.util.OpenIntToFieldHashMap:get:211, 0.0
org.apache.commons.math.util.OpenIntToFieldHashMap:get:218, 0.0
org.apache.commons.math.util.OpenIntToFieldHashMap$Iterator:advance:600, 0.0
org.apache.commons.math.util.OpenIntToFieldHashMap:growTable:470, 0.0
org.apache.commons.math.util.OpenIntToFieldHashMap:growTable:471, 0.0
org.apache.commons.math.util.OpenIntToFieldHashMap:growTable:468, 0.0
org.apache.commons.math.util.OpenIntToFieldHashMap:growTable:469, 0.0
org.apache.commons.math.util.OpenIntToFieldHashMap:growTable:472, 0.0
org.apache.commons.math.util.OpenIntToFieldHashMap:growTable:467, 0.0
org.apache.commons.math.util.OpenIntToFieldHashMap:growTable:478, 0.0
org.apache.commons.math.util.OpenIntToFieldHashMap:growTable:479, 0.0
org.apache.commons.math.util.OpenIntToFieldHashMap:growTable:476, 0.0
org.apache.commons.math.util.OpenIntToFieldHashMap:growTable:477, 0.0
org.apache.commons.math.util.OpenIntToFieldHashMap:growTable:481, 0.0
org.apache.commons.math.util.OpenIntToFieldHashMap:growTable:466, 0.0
org.apache.commons.math.util.OpenIntToFieldHashMap:put:443, 0.0
org.apache.commons.math.util.OpenIntToFieldHashMap:growTable:463, 0.0
org.apache.commons.math.util.OpenIntToFieldHashMap:growTable:462, 0.0
org.apache.commons.math.util.OpenIntToFieldHashMap:growTable:461, 0.0
org.apache.commons.math.util.OpenIntToFieldHashMap:growTable:459, 0.0
org.apache.commons.math.util.OpenIntToFieldHashMap:growTable:458, 0.0
org.apache.commons.math.util.OpenIntToFieldHashMap:growTable:457, 0.0
org.apache.commons.math.util.OpenIntToFieldHashMap:growTable:456, 0.0
org.apache.commons.math.util.OpenIntToFieldHashMap:growTable:464, 0.0
org.apache.commons.math.util.OpenIntToFieldHashMap:growTable:465, 0.0
org.apache.commons.math.util.OpenIntToFieldHashMap:computeCapacity:173, 0.0
org.apache.commons.math.util.OpenIntToFieldHashMap:<init>:127, 0.0
org.apache.commons.math.util.OpenIntToFieldHashMap:<init>:128, 0.0
org.apache.commons.math.util.OpenIntToFieldHashMap:computeCapacity:180, 0.0
org.apache.commons.math.util.OpenIntToFieldHashMap:nextPowerOfTwo:189, 0.0
org.apache.commons.math.util.OpenIntToFieldHashMap:findInsertionIndex:315, 0.0
org.apache.commons.math.util.OpenIntToFieldHashMap:findInsertionIndex:329, 0.0
org.apache.commons.math.util.OpenIntToFieldHashMap:findInsertionIndex:328, 0.0
org.apache.commons.math.util.OpenIntToFieldHashMap:findInsertionIndex:326, 0.0
org.apache.commons.math.util.OpenIntToFieldHashMap:findInsertionIndex:324, 0.0
org.apache.commons.math.util.OpenIntToFieldHashMap:findInsertionIndex:323, 0.0
org.apache.commons.math.util.OpenIntToFieldHashMap:findInsertionIndex:321, 0.0
org.apache.commons.math.util.OpenIntToFieldHashMap:findInsertionIndex:308, 0.0
org.apache.commons.math.util.OpenIntToFieldHashMap:findInsertionIndex:318, 0.0
org.apache.commons.math.util.OpenIntToFieldHashMap:findInsertionIndex:332, 0.0
org.apache.commons.math.util.OpenIntToFieldHashMap:findInsertionIndex:327, 0.0
org.apache.commons.math.util.OpenIntToFieldHashMap:remove:392, 0.0
org.apache.commons.math.fraction.Fraction:equals:351, 0.0
org.apache.commons.math.fraction.Fraction:abs:301, 0.0
org.apache.commons.math.fraction.Fraction:abs:305, 0.0
org.apache.commons.math.fraction.Fraction:abs:300, 0.0
org.apache.commons.math.fraction.Fraction:abs:303, 0.0
org.apache.commons.math.fraction.Fraction:compareTo:317, 0.0
org.apache.commons.math.fraction.Fraction:compareTo:315, 0.0
org.apache.commons.math.fraction.Fraction:compareTo:316, 0.0
org.apache.commons.math.fraction.Fraction:floatValue:361, 0.0
org.apache.commons.math.fraction.Fraction:intValue:396, 0.0
org.apache.commons.math.fraction.Fraction:longValue:406, 0.0
org.apache.commons.math.fraction.Fraction:toString:651, 0.0
org.apache.commons.math.fraction.Fraction:toString:654, 0.0
org.apache.commons.math.random.RandomDataImpl:nextSample:705, 0.0
org.apache.commons.math.random.RandomDataImpl:nextSample:702, 0.0
org.apache.commons.math.random.RandomDataImpl:nextSample:703, 0.0
org.apache.commons.math.random.RandomDataImpl:nextSample:694, 0.0
org.apache.commons.math.random.RandomDataImpl:nextSample:700, 0.0
org.apache.commons.math.random.RandomDataImpl:nextSample:701, 0.0
org.apache.commons.math.random.RandomDataImpl:nextSample:699, 0.0
org.apache.commons.math.random.RandomDataImpl:nextSample:690, 0.0
org.apache.commons.math.random.RandomDataImpl:nextSample:689, 0.0
org.apache.commons.math.genetics.AbstractListChromosome:<init>:55, 0.0
org.apache.commons.math.genetics.AbstractListChromosome:<init>:54, 0.0
org.apache.commons.math.genetics.AbstractListChromosome:<init>:43, 0.0
org.apache.commons.math.genetics.AbstractListChromosome:<init>:44, 0.0
org.apache.commons.math.genetics.Chromosome:<init>:33, 0.0
org.apache.commons.math.genetics.Chromosome:<init>:28, 0.0
org.apache.commons.math.genetics.BinaryChromosome:<init>:44, 0.0
org.apache.commons.math.genetics.BinaryChromosome:<init>:45, 0.0
org.apache.commons.math.genetics.BinaryChromosome:checkValidity:52, 0.0
org.apache.commons.math.genetics.BinaryChromosome:checkValidity:53, 0.0
org.apache.commons.math.genetics.BinaryChromosome:checkValidity:54, 0.0
org.apache.commons.math.genetics.AbstractListChromosome:<init>:42, 0.0
org.apache.commons.math.genetics.AbstractListChromosome:<init>:40, 0.0
org.apache.commons.math.genetics.AbstractListChromosome:<init>:45, 0.0
org.apache.commons.math.genetics.InvalidRepresentationException:<init>:42, 0.0
org.apache.commons.math.genetics.InvalidRepresentationException:<init>:43, 0.0
org.apache.commons.math.genetics.AbstractListChromosome:<init>:46, 0.0
org.apache.commons.math.genetics.AbstractListChromosome:<init>:47, 0.0
org.apache.commons.math.genetics.BinaryChromosome:isSame:87, 0.0
org.apache.commons.math.genetics.BinaryChromosome:isSame:90, 0.0
org.apache.commons.math.genetics.BinaryChromosome:isSame:86, 0.0
org.apache.commons.math.genetics.BinaryChromosome:isSame:85, 0.0
org.apache.commons.math.genetics.BinaryChromosome:isSame:80, 0.0
org.apache.commons.math.genetics.BinaryChromosome:isSame:82, 0.0
org.apache.commons.math.genetics.AbstractListChromosome:getRepresentation:71, 0.0
org.apache.commons.math.genetics.BinaryChromosome:isSame:78, 0.0
org.apache.commons.math.genetics.AbstractListChromosome:getLength:79, 0.0
org.apache.commons.math.genetics.BinaryChromosome:isSame:83, 0.0
org.apache.commons.math.genetics.BinaryChromosome:checkValidity:56, 0.0
org.apache.commons.math.genetics.OnePointCrossover:crossover:106, 0.0
org.apache.commons.math.genetics.OnePointCrossover:crossover:71, 0.0
org.apache.commons.math.genetics.ChromosomePair:getSecond:59, 0.0
org.apache.commons.math.genetics.ChromosomePair:<init>:42, 0.0
org.apache.commons.math.genetics.ChromosomePair:<init>:40, 0.0
org.apache.commons.math.genetics.ChromosomePair:<init>:41, 0.0
org.apache.commons.math.genetics.ChromosomePair:<init>:39, 0.0
org.apache.commons.math.genetics.ChromosomePair:getFirst:50, 0.0
org.apache.commons.math.genetics.OnePointCrossover:crossover:92, 0.0
org.apache.commons.math.genetics.OnePointCrossover:crossover:95, 0.0
org.apache.commons.math.genetics.OnePointCrossover:crossover:101, 0.0
org.apache.commons.math.genetics.OnePointCrossover:crossover:94, 0.0
org.apache.commons.math.genetics.OnePointCrossover:crossover:98, 0.0
org.apache.commons.math.genetics.OnePointCrossover:crossover:91, 0.0
org.apache.commons.math.genetics.OnePointCrossover:crossover:87, 0.0
org.apache.commons.math.genetics.OnePointCrossover:crossover:86, 0.0
org.apache.commons.math.genetics.OnePointCrossover:crossover:102, 0.0
org.apache.commons.math.genetics.OnePointCrossover:crossover:103, 0.0
org.apache.commons.math.genetics.OnePointCrossover:crossover:108, 0.0
org.apache.commons.math.genetics.OnePointCrossover:crossover:107, 0.0
org.apache.commons.math.genetics.OnePointCrossover:crossover:74, 0.0
org.apache.commons.math.genetics.OnePointCrossover:<init>:48, 0.0
org.apache.commons.math.genetics.BinaryChromosome:<init>:36, 0.0
org.apache.commons.math.genetics.BinaryChromosome:<init>:37, 0.0
org.apache.commons.math.genetics.GeneticAlgorithm:getRandomGenerator:97, 0.0
org.apache.commons.math.genetics.OnePointCrossover:crossover:111, 0.0
org.apache.commons.math.genetics.RandomKey:checkValidity:176, 0.0
org.apache.commons.math.genetics.RandomKey:checkValidity:177, 0.0
org.apache.commons.math.genetics.RandomKey:checkValidity:178, 0.0
org.apache.commons.math.genetics.RandomKey:<init>:85, 0.0
org.apache.commons.math.genetics.RandomKey:<init>:84, 0.0
org.apache.commons.math.genetics.RandomKey:<init>:86, 0.0
org.apache.commons.math.genetics.RandomKey:<init>:88, 0.0
org.apache.commons.math.genetics.RandomKey:<init>:91, 0.0
org.apache.commons.math.genetics.RandomKey:<init>:82, 0.0
org.apache.commons.math.genetics.RandomKey:<init>:100, 0.0
org.apache.commons.math.genetics.RandomKey:<init>:99, 0.0
org.apache.commons.math.genetics.BinaryChromosome:randomBinaryRepresentation:65, 0.0
org.apache.commons.math.genetics.BinaryChromosome:randomBinaryRepresentation:66, 0.0
org.apache.commons.math.genetics.BinaryChromosome:randomBinaryRepresentation:67, 0.0
org.apache.commons.math.genetics.BinaryChromosome:randomBinaryRepresentation:69, 0.0
org.apache.commons.math.genetics.GeneticAlgorithm:<clinit>:38, 0.0
org.apache.commons.math.genetics.BinaryMutation:mutate:46, 0.0
org.apache.commons.math.genetics.BinaryMutation:<init>:28, 0.0
org.apache.commons.math.genetics.BinaryMutation:mutate:36, 0.0
org.apache.commons.math.genetics.BinaryMutation:mutate:40, 0.0
org.apache.commons.math.genetics.BinaryMutation:mutate:41, 0.0
org.apache.commons.math.genetics.BinaryMutation:mutate:44, 0.0
org.apache.commons.math.genetics.BinaryMutation:mutate:49, 0.0
org.apache.commons.math.genetics.BinaryMutation:mutate:48, 0.0
org.apache.commons.math.genetics.GeneticAlgorithm:nextGeneration:154, 0.0
org.apache.commons.math.genetics.ListPopulation:getFittestChromosome:102, 0.0
org.apache.commons.math.genetics.ListPopulation:getFittestChromosome:101, 0.0
org.apache.commons.math.genetics.ListPopulation:getChromosomes:83, 0.0
org.apache.commons.math.genetics.FixedGenerationCount:<init>:42, 0.0
org.apache.commons.math.genetics.FixedGenerationCount:<init>:41, 0.0
org.apache.commons.math.genetics.FixedGenerationCount:<init>:31, 0.0
org.apache.commons.math.genetics.ListPopulation:<init>:48, 0.0
org.apache.commons.math.genetics.GeneticAlgorithm:getSelectionPolicy:214, 0.0
org.apache.commons.math.genetics.TournamentSelection:tournament:73, 0.0
org.apache.commons.math.genetics.GeneticAlgorithm:nextGeneration:158, 0.0
org.apache.commons.math.genetics.TournamentSelection:<init>:42, 0.0
org.apache.commons.math.genetics.TournamentSelection:<init>:43, 0.0
org.apache.commons.math.genetics.TournamentSelection:<init>:44, 0.0
org.apache.commons.math.genetics.GeneticAlgorithm:nextGeneration:152, 0.0
org.apache.commons.math.genetics.GeneticAlgorithm:nextGeneration:149, 0.0
org.apache.commons.math.genetics.ListPopulation:getPopulationSize:131, 0.0
org.apache.commons.math.genetics.GeneticAlgorithm:<init>:72, 0.0
org.apache.commons.math.genetics.Chromosome:compareTo:65, 0.0
org.apache.commons.math.genetics.ListPopulation:<init>:44, 0.0
org.apache.commons.math.genetics.ListPopulation:<init>:45, 0.0
org.apache.commons.math.genetics.FixedGenerationCount:<init>:44, 0.0
org.apache.commons.math.genetics.FixedGenerationCount:<init>:45, 0.0
org.apache.commons.math.genetics.ListPopulation:getFittestChromosome:100, 0.0
org.apache.commons.math.genetics.GeneticAlgorithm:nextGeneration:147, 0.0
org.apache.commons.math.genetics.GeneticAlgorithm:nextGeneration:174, 0.0
org.apache.commons.math.genetics.GeneticAlgorithm:<init>:68, 0.0
org.apache.commons.math.genetics.GeneticAlgorithm:<init>:69, 0.0
org.apache.commons.math.genetics.GeneticAlgorithm:<init>:56, 0.0
org.apache.commons.math.genetics.GeneticAlgorithm:getCrossoverPolicy:182, 0.0
org.apache.commons.math.genetics.ElitisticListPopulation:<init>:32, 0.0
org.apache.commons.math.genetics.ElitisticListPopulation:<init>:48, 0.0
org.apache.commons.math.genetics.ElitisticListPopulation:<init>:46, 0.0
org.apache.commons.math.genetics.ElitisticListPopulation:<init>:47, 0.0
org.apache.commons.math.genetics.ElitisticListPopulation:<init>:62, 0.0
org.apache.commons.math.genetics.ElitisticListPopulation:<init>:61, 0.0
org.apache.commons.math.genetics.ElitisticListPopulation:<init>:60, 0.0
org.apache.commons.math.genetics.ElitisticListPopulation:nextGeneration:83, 0.0
org.apache.commons.math.genetics.GeneticAlgorithm:getMutationRate:206, 0.0
org.apache.commons.math.genetics.GeneticAlgorithm:nextGeneration:145, 0.0
org.apache.commons.math.genetics.GeneticAlgorithm:nextGeneration:143, 0.0
org.apache.commons.math.genetics.ElitisticListPopulation:nextGeneration:81, 0.0
org.apache.commons.math.genetics.ElitisticListPopulation:nextGeneration:80, 0.0
org.apache.commons.math.genetics.FixedGenerationCount:isSatisfied:56, 0.0
org.apache.commons.math.genetics.Chromosome:getFitness:45, 0.0
org.apache.commons.math.genetics.GeneticAlgorithm:nextGeneration:172, 0.0
org.apache.commons.math.genetics.GeneticAlgorithm:evolve:111, 0.0
org.apache.commons.math.genetics.GeneticAlgorithm:evolve:112, 0.0
org.apache.commons.math.genetics.ListPopulation:<init>:63, 0.0
org.apache.commons.math.genetics.ListPopulation:<init>:62, 0.0
org.apache.commons.math.genetics.TournamentSelection:tournament:85, 0.0
org.apache.commons.math.genetics.TournamentSelection:select:57, 0.0
org.apache.commons.math.genetics.GeneticAlgorithm:getCrossoverRate:190, 0.0
org.apache.commons.math.genetics.ListPopulation:addChromosome:92, 0.0
org.apache.commons.math.genetics.ListPopulation:addChromosome:91, 0.0
org.apache.commons.math.genetics.ListPopulation:getFittestChromosome:107, 0.0
org.apache.commons.math.genetics.GeneticAlgorithm:nextGeneration:170, 0.0
org.apache.commons.math.genetics.GeneticAlgorithm:evolve:113, 0.0
org.apache.commons.math.genetics.TournamentSelection:tournament:76, 0.0
org.apache.commons.math.genetics.TournamentSelection:tournament:84, 0.0
org.apache.commons.math.genetics.ElitisticListPopulation:nextGeneration:76, 0.0
org.apache.commons.math.genetics.ElitisticListPopulation:nextGeneration:79, 0.0
org.apache.commons.math.genetics.ElitisticListPopulation:nextGeneration:73, 0.0
org.apache.commons.math.genetics.ElitisticListPopulation:nextGeneration:75, 0.0
org.apache.commons.math.genetics.ListPopulation:<init>:54, 0.0
org.apache.commons.math.genetics.ListPopulation:<init>:53, 0.0
org.apache.commons.math.genetics.ListPopulation:<init>:52, 0.0
org.apache.commons.math.genetics.TournamentSelection:tournament:93, 0.0
org.apache.commons.math.genetics.FixedGenerationCount:isSatisfied:60, 0.0
org.apache.commons.math.genetics.GeneticAlgorithm:nextGeneration:168, 0.0
org.apache.commons.math.genetics.GeneticAlgorithm:nextGeneration:166, 0.0
org.apache.commons.math.genetics.ListPopulation:getPopulationLimit:115, 0.0
org.apache.commons.math.genetics.Chromosome:getFitness:49, 0.0
org.apache.commons.math.genetics.GeneticAlgorithm:getMutationPolicy:198, 0.0
org.apache.commons.math.genetics.ElitisticListPopulation:getElitismRate:105, 0.0
org.apache.commons.math.genetics.GeneticAlgorithm:evolve:115, 0.0
org.apache.commons.math.genetics.GeneticAlgorithm:evolve:114, 0.0
org.apache.commons.math.genetics.ListPopulation:<init>:68, 0.0
org.apache.commons.math.genetics.ListPopulation:<init>:66, 0.0
org.apache.commons.math.genetics.ListPopulation:<init>:67, 0.0
org.apache.commons.math.genetics.TournamentSelection:tournament:87, 0.0
org.apache.commons.math.genetics.TournamentSelection:tournament:88, 0.0
org.apache.commons.math.genetics.TournamentSelection:tournament:90, 0.0
org.apache.commons.math.genetics.TournamentSelection$1:<init>:76, 0.0
org.apache.commons.math.genetics.FixedGenerationCount:isSatisfied:58, 0.0
org.apache.commons.math.genetics.FixedGenerationCount:isSatisfied:57, 0.0
org.apache.commons.math.genetics.GeneticAlgorithm:nextGeneration:160, 0.0
org.apache.commons.math.genetics.Chromosome:getFitness:47, 0.0
org.apache.commons.math.genetics.GeneticAlgorithm:evolve:117, 0.0
org.apache.commons.math.genetics.GeneticAlgorithm:<init>:76, 0.0
org.apache.commons.math.genetics.GeneticAlgorithm:<init>:77, 0.0
org.apache.commons.math.genetics.GeneticAlgorithm:<init>:78, 0.0
org.apache.commons.math.genetics.GeneticAlgorithm:<init>:79, 0.0
org.apache.commons.math.genetics.GeneticAlgorithm:<init>:80, 0.0
org.apache.commons.math.genetics.GeneticAlgorithm:<init>:75, 0.0
org.apache.commons.math.genetics.Chromosome:findSameChromosome:90, 0.0
org.apache.commons.math.genetics.Chromosome:searchForFitnessUpdate:107, 0.0
org.apache.commons.math.genetics.Chromosome:findSameChromosome:91, 0.0
org.apache.commons.math.genetics.Chromosome:findSameChromosome:94, 0.0
org.apache.commons.math.genetics.Chromosome:findSameChromosome:92, 0.0
org.apache.commons.math.genetics.Chromosome:searchForFitnessUpdate:109, 0.0
org.apache.commons.math.genetics.Chromosome:searchForFitnessUpdate:106, 0.0
org.apache.commons.math.genetics.Chromosome:searchForFitnessUpdate:105, 0.0
org.apache.commons.math.genetics.ListPopulation:iterator:148, 0.0
org.apache.commons.math.genetics.ListPopulation:getFittestChromosome:104, 0.0
org.apache.commons.math.genetics.RandomKey:decodeGeneric:138, 0.0
org.apache.commons.math.genetics.RandomKey:randomPermutation:193, 0.0
org.apache.commons.math.genetics.RandomKey:randomPermutation:194, 0.0
org.apache.commons.math.genetics.RandomKey:randomPermutation:195, 0.0
org.apache.commons.math.genetics.RandomKey:decodeGeneric:133, 0.0
org.apache.commons.math.genetics.RandomKey:baseSequence:288, 0.0
org.apache.commons.math.genetics.RandomKeyMutation:mutate:51, 0.0
org.apache.commons.math.genetics.RandomKeyMutation:mutate:50, 0.0
org.apache.commons.math.genetics.RandomKeyMutation:mutate:48, 0.0
org.apache.commons.math.genetics.RandomKeyMutation:mutate:46, 0.0
org.apache.commons.math.genetics.RandomKeyMutation:mutate:47, 0.0
org.apache.commons.math.genetics.RandomKeyMutation:mutate:53, 0.0
org.apache.commons.math.genetics.RandomKeyMutation:mutate:40, 0.0
org.apache.commons.math.genetics.RandomKey:baseSequence:285, 0.0
org.apache.commons.math.genetics.RandomKey:baseSequence:284, 0.0
org.apache.commons.math.genetics.RandomKey:decodeGeneric:136, 0.0
org.apache.commons.math.genetics.RandomKey:decodeGeneric:135, 0.0
org.apache.commons.math.genetics.RandomKey:decodeGeneric:134, 0.0
org.apache.commons.math.genetics.RandomKey:checkValidity:181, 0.0
org.apache.commons.math.genetics.RandomKey:decodeGeneric:129, 0.0
org.apache.commons.math.genetics.RandomKey:decodeGeneric:132, 0.0
org.apache.commons.math.genetics.RandomKey:baseSequence:286, 0.0
org.apache.commons.math.genetics.RandomKey:decodeGeneric:122, 0.0
org.apache.commons.math.genetics.RandomKey:decodeGeneric:120, 0.0
org.apache.commons.math.genetics.RandomKey:decodeGeneric:125, 0.0
org.apache.commons.math.genetics.RandomKeyMutation:<init>:31, 0.0
org.apache.commons.math.genetics.RandomKey:randomPermutation:197, 0.0
org.apache.commons.math.genetics.RandomKey:inducedPermutation:250, 0.0
org.apache.commons.math.genetics.RandomKey:inducedPermutation:258, 0.0
org.apache.commons.math.genetics.RandomKey:inducedPermutation:255, 0.0
org.apache.commons.math.genetics.RandomKey:inducedPermutation:257, 0.0
org.apache.commons.math.genetics.RandomKey:inducedPermutation:253, 0.0
org.apache.commons.math.genetics.RandomKey:decode:106, 0.0
org.apache.commons.math.genetics.RandomKey:inducedPermutation:264, 0.0
org.apache.commons.math.genetics.RandomKey:inducedPermutation:263, 0.0
org.apache.commons.math.genetics.RandomKey:inducedPermutation:259, 0.0
org.apache.commons.math.genetics.RandomKey:inducedPermutation:260, 0.0
org.apache.commons.math.genetics.RandomKey:inducedPermutation:266, 0.0
org.apache.commons.math.genetics.RandomKey:comparatorPermutation:231, 0.0
org.apache.commons.math.genetics.RandomKey:comparatorPermutation:230, 0.0
org.apache.commons.math.genetics.RandomKey:comparatorPermutation:233, 0.0
org.apache.commons.math.genetics.RandomKey:identityPermutation:210, 0.0
org.apache.commons.math.genetics.RandomKey:identityPermutation:209, 0.0
org.apache.commons.math.genetics.RandomKey:identityPermutation:211, 0.0
org.apache.commons.math.genetics.RandomKey:identityPermutation:213, 0.0
org.apache.commons.math.genetics.RandomKey:inducedPermutation:251, 0.0
org.apache.commons.math.genetics.RandomKey:inducedPermutation:261, 0.0
org.apache.commons.math.genetics.RandomKey:isSame:163, 0.0
org.apache.commons.math.genetics.RandomKey:isSame:161, 0.0
org.apache.commons.math.genetics.RandomKey:isSame:160, 0.0
org.apache.commons.math.genetics.RandomKey:isSame:164, 0.0
org.apache.commons.math.genetics.RandomKey:isSame:153, 0.0
org.apache.commons.math.genetics.RandomKey:isSame:155, 0.0
org.apache.commons.math.genetics.RandomKey:isSame:151, 0.0
org.apache.commons.math.genetics.RandomKey:isSame:165, 0.0
org.apache.commons.math.genetics.RandomKey:isSame:168, 0.0
org.apache.commons.math.genetics.RandomKey:isSame:156, 0.0
org.apache.commons.math.stat.descriptive.SummaryStatistics:<init>:129, 0.0
org.apache.commons.math.stat.descriptive.SummaryStatistics:<init>:128, 0.0
org.apache.commons.math.stat.descriptive.SummaryStatistics:<init>:127, 0.0
org.apache.commons.math.stat.descriptive.SummaryStatistics:copy:700, 0.0
org.apache.commons.math.stat.descriptive.SummaryStatistics:copy:665, 0.0
org.apache.commons.math.stat.descriptive.moment.Variance:copy:601, 0.0
org.apache.commons.math.stat.descriptive.moment.Variance:copy:603, 0.0
org.apache.commons.math.stat.descriptive.moment.Variance:copy:602, 0.0
org.apache.commons.math.stat.descriptive.moment.Variance:copy:604, 0.0
org.apache.commons.math.stat.descriptive.AggregateSummaryStatistics:<init>:124, 0.0
org.apache.commons.math.stat.descriptive.AggregateSummaryStatistics:<init>:122, 0.0
org.apache.commons.math.stat.descriptive.moment.FirstMoment:copy:141, 0.0
org.apache.commons.math.stat.descriptive.moment.FirstMoment:copy:140, 0.0
org.apache.commons.math.stat.descriptive.moment.FirstMoment:copy:142, 0.0
org.apache.commons.math.stat.descriptive.rank.Min:copy:161, 0.0
org.apache.commons.math.stat.descriptive.rank.Min:copy:160, 0.0
org.apache.commons.math.stat.descriptive.rank.Min:copy:159, 0.0
org.apache.commons.math.stat.descriptive.summary.SumOfLogs:copy:162, 0.0
org.apache.commons.math.stat.descriptive.summary.SumOfLogs:copy:161, 0.0
org.apache.commons.math.stat.descriptive.summary.SumOfLogs:copy:160, 0.0
org.apache.commons.math.stat.descriptive.AggregateSummaryStatistics$AggregatingSummaryStatistics:<init>:369, 0.0
org.apache.commons.math.stat.descriptive.AggregateSummaryStatistics$AggregatingSummaryStatistics:<init>:371, 0.0
org.apache.commons.math.stat.descriptive.AggregateSummaryStatistics$AggregatingSummaryStatistics:<init>:370, 0.0
org.apache.commons.math.stat.descriptive.SummaryStatistics:getGeoMeanImpl:544, 0.0
org.apache.commons.math.stat.descriptive.AggregateSummaryStatistics:getMean:146, 0.0
org.apache.commons.math.stat.descriptive.AggregateSummaryStatistics:getMean:147, 0.0
org.apache.commons.math.stat.descriptive.rank.Min:copy:145, 0.0
org.apache.commons.math.stat.descriptive.rank.Min:copy:146, 0.0
org.apache.commons.math.stat.descriptive.rank.Min:copy:147, 0.0
org.apache.commons.math.stat.descriptive.SummaryStatistics:copy:699, 0.0
org.apache.commons.math.stat.descriptive.SummaryStatistics:copy:684, 0.0
org.apache.commons.math.stat.descriptive.AggregateSummaryStatistics:<init>:76, 0.0
org.apache.commons.math.stat.descriptive.AggregateSummaryStatistics:<init>:77, 0.0
org.apache.commons.math.stat.descriptive.SummaryStatistics:copy:685, 0.0
org.apache.commons.math.stat.descriptive.AggregateSummaryStatistics:getMax:136, 0.0
org.apache.commons.math.stat.descriptive.AggregateSummaryStatistics:getMax:135, 0.0
org.apache.commons.math.stat.descriptive.AggregateSummaryStatistics:getN:170, 0.0
org.apache.commons.math.stat.descriptive.AggregateSummaryStatistics:getN:169, 0.0
org.apache.commons.math.stat.descriptive.moment.Variance:copy:586, 0.0
org.apache.commons.math.stat.descriptive.moment.Variance:copy:587, 0.0
org.apache.commons.math.stat.descriptive.moment.Variance:copy:588, 0.0
org.apache.commons.math.stat.descriptive.SummaryStatistics:copy:704, 0.0
org.apache.commons.math.stat.descriptive.SummaryStatistics:copy:690, 0.0
org.apache.commons.math.stat.descriptive.SummaryStatistics:copy:669, 0.0
org.apache.commons.math.stat.descriptive.SummaryStatistics:copy:670, 0.0
org.apache.commons.math.stat.descriptive.SummaryStatistics:copy:674, 0.0
org.apache.commons.math.stat.descriptive.AggregateSummaryStatistics:<init>:98, 0.0
org.apache.commons.math.stat.descriptive.AggregateSummaryStatistics:<init>:96, 0.0
org.apache.commons.math.stat.descriptive.AggregateSummaryStatistics:getSummary:266, 0.0
org.apache.commons.math.stat.descriptive.AggregateSummaryStatistics:getSummary:267, 0.0
org.apache.commons.math.stat.descriptive.summary.Sum:copy:215, 0.0
org.apache.commons.math.stat.descriptive.summary.Sum:copy:216, 0.0
org.apache.commons.math.stat.descriptive.summary.Sum:copy:217, 0.0
org.apache.commons.math.stat.descriptive.summary.SumOfSquares:copy:137, 0.0
org.apache.commons.math.stat.descriptive.summary.SumOfSquares:copy:136, 0.0
org.apache.commons.math.stat.descriptive.summary.SumOfSquares:copy:135, 0.0
org.apache.commons.math.stat.descriptive.SummaryStatistics:copy:714, 0.0
org.apache.commons.math.stat.descriptive.rank.Max:copy:145, 0.0
org.apache.commons.math.stat.descriptive.rank.Max:copy:146, 0.0
org.apache.commons.math.stat.descriptive.rank.Max:copy:147, 0.0
org.apache.commons.math.stat.descriptive.SummaryStatistics:copy:689, 0.0
org.apache.commons.math.stat.descriptive.SummaryStatistics:copy:675, 0.0
org.apache.commons.math.stat.descriptive.SummaryStatistics:copy:679, 0.0
org.apache.commons.math.stat.descriptive.moment.Mean:copy:270, 0.0
org.apache.commons.math.stat.descriptive.moment.Mean:copy:268, 0.0
org.apache.commons.math.stat.descriptive.moment.Mean:copy:269, 0.0
org.apache.commons.math.stat.descriptive.moment.SecondMoment:copy:122, 0.0
org.apache.commons.math.stat.descriptive.moment.SecondMoment:copy:121, 0.0
org.apache.commons.math.stat.descriptive.moment.SecondMoment:copy:120, 0.0
org.apache.commons.math.stat.descriptive.SummaryStatistics:copy:694, 0.0
org.apache.commons.math.stat.descriptive.summary.SumOfSquares:copy:149, 0.0
org.apache.commons.math.stat.descriptive.summary.SumOfSquares:copy:150, 0.0
org.apache.commons.math.stat.descriptive.summary.SumOfSquares:copy:151, 0.0
org.apache.commons.math.stat.descriptive.AggregateSummaryStatistics$AggregatingSummaryStatistics:addValue:385, 0.0
org.apache.commons.math.stat.descriptive.SummaryStatistics:copy:709, 0.0
org.apache.commons.math.stat.descriptive.AggregateSummaryStatistics:createContributingStatistics:281, 0.0
org.apache.commons.math.stat.descriptive.AggregateSummaryStatistics:createContributingStatistics:286, 0.0
org.apache.commons.math.stat.descriptive.AggregateSummaryStatistics:createContributingStatistics:284, 0.0
org.apache.commons.math.stat.descriptive.moment.FirstMoment:copy:154, 0.0
org.apache.commons.math.stat.descriptive.moment.FirstMoment:copy:155, 0.0
org.apache.commons.math.stat.descriptive.moment.FirstMoment:copy:156, 0.0
org.apache.commons.math.stat.descriptive.moment.FirstMoment:copy:157, 0.0
org.apache.commons.math.stat.descriptive.moment.FirstMoment:copy:158, 0.0
org.apache.commons.math.stat.descriptive.AggregateSummaryStatistics:getVariance:205, 0.0
org.apache.commons.math.stat.descriptive.AggregateSummaryStatistics:getVariance:204, 0.0
org.apache.commons.math.stat.descriptive.summary.SumOfLogs:copy:146, 0.0
org.apache.commons.math.stat.descriptive.summary.SumOfLogs:copy:147, 0.0
org.apache.commons.math.stat.descriptive.summary.SumOfLogs:copy:148, 0.0
org.apache.commons.math.stat.descriptive.AggregateSummaryStatistics:<init>:121, 0.0
org.apache.commons.math.stat.descriptive.moment.SecondMoment:copy:108, 0.0
org.apache.commons.math.stat.descriptive.moment.SecondMoment:copy:106, 0.0
org.apache.commons.math.stat.descriptive.moment.SecondMoment:copy:107, 0.0
org.apache.commons.math.stat.descriptive.SummaryStatistics:copy:710, 0.0
org.apache.commons.math.stat.descriptive.moment.Mean:copy:254, 0.0
org.apache.commons.math.stat.descriptive.moment.Mean:copy:255, 0.0
org.apache.commons.math.stat.descriptive.moment.Mean:copy:253, 0.0
org.apache.commons.math.stat.descriptive.summary.Sum:copy:201, 0.0
org.apache.commons.math.stat.descriptive.summary.Sum:copy:203, 0.0
org.apache.commons.math.stat.descriptive.summary.Sum:copy:202, 0.0
org.apache.commons.math.stat.descriptive.SummaryStatistics:copy:705, 0.0
org.apache.commons.math.stat.descriptive.AggregateSummaryStatistics:getSum:193, 0.0
org.apache.commons.math.stat.descriptive.AggregateSummaryStatistics:getSum:192, 0.0
org.apache.commons.math.stat.descriptive.rank.Max:copy:161, 0.0
org.apache.commons.math.stat.descriptive.rank.Max:copy:160, 0.0
org.apache.commons.math.stat.descriptive.rank.Max:copy:159, 0.0
org.apache.commons.math.stat.descriptive.AggregateSummaryStatistics$AggregatingSummaryStatistics:addValue:381, 0.0
org.apache.commons.math.stat.descriptive.AggregateSummaryStatistics$AggregatingSummaryStatistics:addValue:383, 0.0
org.apache.commons.math.stat.descriptive.AggregateSummaryStatistics$AggregatingSummaryStatistics:addValue:384, 0.0
org.apache.commons.math.stat.descriptive.AggregateSummaryStatistics$AggregatingSummaryStatistics:addValue:382, 0.0
org.apache.commons.math.stat.descriptive.SummaryStatistics:copy:680, 0.0
org.apache.commons.math.stat.descriptive.SummaryStatistics:copy:695, 0.0
org.apache.commons.math.stat.descriptive.AggregateSummaryStatistics:<init>:126, 0.0
org.apache.commons.math.stat.descriptive.AggregateSummaryStatistics:getMin:158, 0.0
org.apache.commons.math.stat.descriptive.AggregateSummaryStatistics:getMin:159, 0.0
org.apache.commons.math.stat.descriptive.SummaryStatistics:copy:660, 0.0
org.apache.commons.math.stat.descriptive.SummaryStatistics:copy:661, 0.0
org.apache.commons.math.stat.descriptive.SummaryStatistics:copy:662, 0.0
org.apache.commons.math.stat.descriptive.SummaryStatistics:copy:663, 0.0
org.apache.commons.math.stat.descriptive.SummaryStatistics:copy:656, 0.0
org.apache.commons.math.stat.descriptive.SummaryStatistics:copy:657, 0.0
org.apache.commons.math.stat.descriptive.SummaryStatistics:copy:658, 0.0
org.apache.commons.math.stat.descriptive.SummaryStatistics:copy:659, 0.0
org.apache.commons.math.geometry.Rotation:getAngles:642, 0.0
org.apache.commons.math.geometry.Rotation:getAngles:768, 0.0
org.apache.commons.math.geometry.Rotation:getAngles:714, 0.0
org.apache.commons.math.geometry.Rotation:<clinit>:96, 0.0
org.apache.commons.math.geometry.Rotation:getAngles:750, 0.0
org.apache.commons.math.geometry.Rotation:getAngles:624, 0.0
org.apache.commons.math.geometry.Rotation:getAngles:732, 0.0
org.apache.commons.math.geometry.Rotation:getAngles:804, 0.0
org.apache.commons.math.geometry.Rotation:getAngles:786, 0.0
org.apache.commons.math.geometry.Rotation:getAngles:822, 0.0
org.apache.commons.math.geometry.Rotation:getAngles:660, 0.0
org.apache.commons.math.geometry.Rotation:getAngles:696, 0.0
org.apache.commons.math.geometry.Rotation:getAngles:678, 0.0
org.apache.commons.math.geometry.Rotation:<init>:137, 0.0
org.apache.commons.math.geometry.Rotation:<init>:136, 0.0
org.apache.commons.math.geometry.Rotation:<init>:139, 0.0
org.apache.commons.math.geometry.Rotation:<init>:138, 0.0
org.apache.commons.math.geometry.Rotation:<init>:140, 0.0
org.apache.commons.math.geometry.Rotation:getQ1:528, 0.0
org.apache.commons.math.geometry.Rotation:getQ3:542, 0.0
org.apache.commons.math.geometry.Rotation:getQ2:535, 0.0
org.apache.commons.math.geometry.Rotation:getQ0:521, 0.0
org.apache.commons.math.geometry.Rotation:revert:514, 0.0
org.apache.commons.math.geometry.Rotation:getAngle:569, 0.0
org.apache.commons.math.geometry.Vector3D:add:259, 0.0
org.apache.commons.math.geometry.Vector3D:add:250, 0.0
org.apache.commons.math.geometry.Vector3D:getAlpha:234, 0.0
org.apache.commons.math.geometry.Vector3D:getDelta:242, 0.0
org.apache.commons.math.geometry.Vector3D:distance:489, 0.0
org.apache.commons.math.geometry.Vector3D:distance:488, 0.0
org.apache.commons.math.geometry.Vector3D:distance:491, 0.0
org.apache.commons.math.geometry.Vector3D:distance:490, 0.0
org.apache.commons.math.geometry.Vector3D:distance1:476, 0.0
org.apache.commons.math.geometry.Vector3D:distance1:474, 0.0
org.apache.commons.math.geometry.Vector3D:distance1:475, 0.0
org.apache.commons.math.geometry.Vector3D:distance1:473, 0.0
org.apache.commons.math.geometry.Vector3D:getNorm1:205, 0.0
org.apache.commons.math.geometry.Vector3D:getNormInf:226, 0.0
org.apache.commons.math.geometry.Vector3D:distanceInf:503, 0.0
org.apache.commons.math.geometry.Vector3D:distanceInf:504, 0.0
org.apache.commons.math.geometry.Vector3D:distanceInf:505, 0.0
org.apache.commons.math.geometry.Vector3D:distanceInf:506, 0.0
org.apache.commons.math.geometry.Vector3D:distanceSq:518, 0.0
org.apache.commons.math.geometry.Vector3D:distanceSq:519, 0.0
org.apache.commons.math.geometry.Vector3D:distanceSq:520, 0.0
org.apache.commons.math.geometry.Vector3D:distanceSq:521, 0.0
org.apache.commons.math.geometry.Vector3D:subtract:276, 0.0
org.apache.commons.math.geometry.Vector3D:<init>:152, 0.0
org.apache.commons.math.geometry.Vector3D:<init>:153, 0.0
org.apache.commons.math.geometry.Vector3D:<init>:154, 0.0
org.apache.commons.math.geometry.Vector3D:<init>:155, 0.0
org.apache.commons.math.geometry.Vector3D:<init>:156, 0.0
org.apache.commons.math.geometry.Vector3D:<init>:125, 0.0
org.apache.commons.math.geometry.Vector3D:<init>:124, 0.0
org.apache.commons.math.geometry.Vector3D:<init>:123, 0.0
org.apache.commons.math.geometry.Vector3D:<init>:122, 0.0
org.apache.commons.math.geometry.Vector3D:<init>:121, 0.0
org.apache.commons.math.geometry.Vector3D:<init>:110, 0.0
org.apache.commons.math.geometry.Vector3D:<init>:111, 0.0
org.apache.commons.math.geometry.Vector3D:<init>:108, 0.0
org.apache.commons.math.geometry.Vector3D:<init>:109, 0.0
org.apache.commons.math.geometry.Vector3D:<init>:113, 0.0
org.apache.commons.math.geometry.Vector3D:<init>:112, 0.0
org.apache.commons.math.geometry.Vector3D:<init>:137, 0.0
org.apache.commons.math.geometry.Vector3D:<init>:136, 0.0
org.apache.commons.math.geometry.Vector3D:<init>:139, 0.0
org.apache.commons.math.geometry.Vector3D:<init>:138, 0.0
org.apache.commons.math.geometry.Vector3D:<init>:135, 0.0
org.apache.commons.math.geometry.Vector3D:<init>:171, 0.0
org.apache.commons.math.geometry.Vector3D:<init>:175, 0.0
org.apache.commons.math.geometry.Vector3D:<init>:174, 0.0
org.apache.commons.math.geometry.Vector3D:<init>:173, 0.0
org.apache.commons.math.geometry.Vector3D:<init>:172, 0.0
org.apache.commons.math.geometry.RotationOrder:<clinit>:87, 0.0
org.apache.commons.math.geometry.RotationOrder:<clinit>:101, 0.0
org.apache.commons.math.geometry.RotationOrder:<clinit>:115, 0.0
org.apache.commons.math.geometry.RotationOrder:<clinit>:38, 0.0
org.apache.commons.math.geometry.RotationOrder:<clinit>:80, 0.0
org.apache.commons.math.geometry.RotationOrder:<clinit>:66, 0.0
org.apache.commons.math.geometry.RotationOrder:<clinit>:52, 0.0
org.apache.commons.math.geometry.RotationOrder:<clinit>:59, 0.0
org.apache.commons.math.geometry.RotationOrder:<clinit>:108, 0.0
org.apache.commons.math.geometry.RotationOrder:<clinit>:94, 0.0
org.apache.commons.math.geometry.RotationOrder:<clinit>:73, 0.0
org.apache.commons.math.geometry.RotationOrder:<clinit>:45, 0.0
org.apache.commons.math.geometry.RotationOrder:toString:151, 0.0
org.apache.commons.math.geometry.RotationOrder:<init>:144, 0.0
org.apache.commons.math.geometry.RotationOrder:<init>:139, 0.0
org.apache.commons.math.geometry.RotationOrder:<init>:141, 0.0
org.apache.commons.math.geometry.RotationOrder:<init>:140, 0.0
org.apache.commons.math.geometry.RotationOrder:<init>:143, 0.0
org.apache.commons.math.geometry.RotationOrder:<init>:142, 0.0
org.apache.commons.math.linear.BigMatrixImpl:scalarAdd:389, 0.0
org.apache.commons.math.linear.BigMatrixImpl:scalarAdd:393, 0.0
org.apache.commons.math.linear.BigMatrixImpl:scalarAdd:387, 0.0
org.apache.commons.math.linear.BigMatrixImpl:scalarAdd:388, 0.0
org.apache.commons.math.linear.BigMatrixImpl:scalarAdd:386, 0.0
org.apache.commons.math.linear.BigMatrixImpl:scalarAdd:390, 0.0
org.apache.commons.math.linear.BigMatrixImpl:scalarAdd:385, 0.0
org.apache.commons.math.linear.BigMatrixImpl:scalarAdd:383, 0.0
org.apache.commons.math.linear.BigMatrixImpl:scalarAdd:384, 0.0
org.apache.commons.math.linear.BigMatrixImpl:transpose:918, 0.0
org.apache.commons.math.linear.BigMatrixImpl:transpose:916, 0.0
org.apache.commons.math.linear.BigMatrixImpl:transpose:917, 0.0
org.apache.commons.math.linear.BigMatrixImpl:transpose:915, 0.0
org.apache.commons.math.linear.BigMatrixImpl:transpose:924, 0.0
org.apache.commons.math.linear.BigMatrixImpl:transpose:920, 0.0
org.apache.commons.math.linear.BigMatrixImpl:transpose:921, 0.0
org.apache.commons.math.linear.BigMatrixImpl:transpose:919, 0.0
org.apache.commons.math.stat.descriptive.MultivariateSummaryStatistics:checkEmpty:615, 0.0
org.apache.commons.math.stat.descriptive.SummaryStatistics:checkEmpty:629, 0.0
org.apache.commons.math.stat.descriptive.SummaryStatistics:checkEmpty:630, 0.0
org.apache.commons.math.stat.descriptive.SummaryStatistics:setMeanImpl:593, 0.0
org.apache.commons.math.stat.descriptive.SummaryStatistics:setMeanImpl:592, 0.0
org.apache.commons.math.stat.descriptive.SummaryStatistics:setMeanImpl:594, 0.0
org.apache.commons.math.stat.descriptive.SynchronizedSummaryStatistics:setMeanImpl:283, 0.0
org.apache.commons.math.stat.descriptive.SynchronizedSummaryStatistics:setMeanImpl:282, 0.0
org.apache.commons.math.linear.BigMatrixImpl:hashCode:1379, 0.0
org.apache.commons.math.linear.BigMatrixImpl:equals:1347, 0.0
org.apache.commons.math.linear.BigMatrixImpl:hashCode:1372, 0.0
org.apache.commons.math.linear.BigMatrixImpl:hashCode:1367, 0.0
org.apache.commons.math.linear.BigMatrixImpl:hashCode:1371, 0.0
org.apache.commons.math.linear.BigMatrixImpl:hashCode:1370, 0.0
org.apache.commons.math.linear.BigMatrixImpl:hashCode:1369, 0.0
org.apache.commons.math.linear.BigMatrixImpl:hashCode:1368, 0.0
org.apache.commons.math.linear.BigMatrixImpl:equals:1341, 0.0
org.apache.commons.math.linear.BigMatrixImpl:hashCode:1375, 0.0
org.apache.commons.math.linear.BigMatrixImpl:hashCode:1374, 0.0
org.apache.commons.math.linear.BigMatrixImpl:equals:1338, 0.0
org.apache.commons.math.linear.BigMatrixImpl:equals:1353, 0.0
org.apache.commons.math.linear.BigMatrixImpl:hashCode:1373, 0.0
org.apache.commons.math.linear.BigMatrixImpl:copy:263, 0.0
org.apache.commons.math.linear.BigMatrixImpl:toString:1313, 0.0
org.apache.commons.math.linear.BigMatrixImpl:toString:1308, 0.0
org.apache.commons.math.linear.BigMatrixImpl:toString:1319, 0.0
org.apache.commons.math.linear.BigMatrixImpl:toString:1307, 0.0
org.apache.commons.math.linear.BigMatrixImpl:toString:1306, 0.0
org.apache.commons.math.linear.BigMatrixImpl:toString:1305, 0.0
org.apache.commons.math.linear.BigMatrixImpl:toString:1315, 0.0
org.apache.commons.math.linear.BigMatrixImpl:toString:1309, 0.0
org.apache.commons.math.linear.BigMatrixImpl:toString:1322, 0.0
org.apache.commons.math.linear.BigMatrixImpl:toString:1323, 0.0
org.apache.commons.math.linear.BigMatrixImpl:toString:1312, 0.0
org.apache.commons.math.linear.BigMatrixImpl:toString:1314, 0.0
org.apache.commons.math.linear.BigMatrixImpl:toString:1317, 0.0
org.apache.commons.math.linear.BigMatrixImpl:toString:1310, 0.0
org.apache.commons.math.linear.BigMatrixImpl:<init>:93, 0.0
org.apache.commons.math.linear.BigMatrixImpl:<init>:92, 0.0
org.apache.commons.math.util.OpenIntToDoubleHashMap:findInsertionIndex:296, 0.0
org.apache.commons.math.util.OpenIntToDoubleHashMap:growTable:469, 0.0
org.apache.commons.math.util.OpenIntToDoubleHashMap:growTable:466, 0.0
org.apache.commons.math.util.OpenIntToDoubleHashMap:growTable:467, 0.0
org.apache.commons.math.util.OpenIntToDoubleHashMap:growTable:464, 0.0
org.apache.commons.math.util.OpenIntToDoubleHashMap:growTable:465, 0.0
org.apache.commons.math.util.OpenIntToDoubleHashMap:growTable:454, 0.0
org.apache.commons.math.util.OpenIntToDoubleHashMap:findInsertionIndex:303, 0.0
org.apache.commons.math.util.OpenIntToDoubleHashMap:put:431, 0.0
org.apache.commons.math.util.OpenIntToDoubleHashMap:findInsertionIndex:295, 0.0
org.apache.commons.math.util.OpenIntToDoubleHashMap:growTable:455, 0.0
org.apache.commons.math.util.OpenIntToDoubleHashMap:findInsertionIndex:306, 0.0
org.apache.commons.math.util.OpenIntToDoubleHashMap:<init>:102, 0.0
org.apache.commons.math.util.OpenIntToDoubleHashMap:<init>:103, 0.0
org.apache.commons.math.util.OpenIntToDoubleHashMap:findInsertionIndex:291, 0.0
org.apache.commons.math.util.OpenIntToDoubleHashMap:findInsertionIndex:292, 0.0
org.apache.commons.math.util.OpenIntToDoubleHashMap:findInsertionIndex:293, 0.0
org.apache.commons.math.util.OpenIntToDoubleHashMap:findInsertionIndex:301, 0.0
org.apache.commons.math.util.OpenIntToDoubleHashMap:growTable:460, 0.0
org.apache.commons.math.util.OpenIntToDoubleHashMap:growTable:459, 0.0
org.apache.commons.math.util.OpenIntToDoubleHashMap:growTable:458, 0.0
org.apache.commons.math.util.OpenIntToDoubleHashMap:growTable:457, 0.0
org.apache.commons.math.util.OpenIntToDoubleHashMap:growTable:456, 0.0
org.apache.commons.math.util.OpenIntToDoubleHashMap:get:202, 0.0
org.apache.commons.math.util.OpenIntToDoubleHashMap:findInsertionIndex:288, 0.0
org.apache.commons.math.util.OpenIntToDoubleHashMap:findInsertionIndex:289, 0.0
org.apache.commons.math.util.OpenIntToDoubleHashMap:findInsertionIndex:287, 0.0
org.apache.commons.math.util.OpenIntToDoubleHashMap:growTable:444, 0.0
org.apache.commons.math.util.OpenIntToDoubleHashMap:growTable:445, 0.0
org.apache.commons.math.util.OpenIntToDoubleHashMap:growTable:446, 0.0
org.apache.commons.math.util.OpenIntToDoubleHashMap:growTable:447, 0.0
org.apache.commons.math.util.OpenIntToDoubleHashMap:growTable:453, 0.0
org.apache.commons.math.util.OpenIntToDoubleHashMap:growTable:452, 0.0
org.apache.commons.math.util.OpenIntToDoubleHashMap:growTable:451, 0.0
org.apache.commons.math.util.OpenIntToDoubleHashMap:growTable:450, 0.0
org.apache.commons.math.util.OpenIntToDoubleHashMap:growTable:449, 0.0
org.apache.commons.math.util.OpenIntToDoubleHashMap:findInsertionIndex:302, 0.0
org.apache.commons.math.util.OpenIntToDoubleHashMap:remove:372, 0.0
org.apache.commons.math.util.OpenIntToDoubleHashMap:remove:371, 0.0
org.apache.commons.math.util.OpenIntToDoubleHashMap:findInsertionIndex:315, 0.0
org.apache.commons.math.util.OpenIntToDoubleHashMap:findInsertionIndex:320, 0.0
org.apache.commons.math.util.OpenIntToDoubleHashMap:remove:376, 0.0
org.apache.commons.math.util.OpenIntToDoubleHashMap:findInsertionIndex:316, 0.0
org.apache.commons.math.util.OpenIntToDoubleHashMap:remove:373, 0.0
org.apache.commons.math.util.OpenIntToDoubleHashMap:remove:375, 0.0
org.apache.commons.math.util.OpenIntToDoubleHashMap:remove:374, 0.0
org.apache.commons.math.util.OpenIntToDoubleHashMap:findInsertionIndex:309, 0.0
org.apache.commons.math.util.OpenIntToDoubleHashMap:findInsertionIndex:312, 0.0
org.apache.commons.math.util.OpenIntToDoubleHashMap:findInsertionIndex:314, 0.0
org.apache.commons.math.util.OpenIntToDoubleHashMap:findInsertionIndex:311, 0.0
org.apache.commons.math.util.OpenIntToDoubleHashMap$Iterator:advance:573, 0.0
org.apache.commons.math.util.OpenIntToDoubleHashMap:containsKey:232, 0.0
org.apache.commons.math.util.OpenIntToDoubleHashMap:containsKey:231, 0.0
org.apache.commons.math.util.OpenIntToDoubleHashMap:containsKey:230, 0.0
org.apache.commons.math.util.OpenIntToDoubleHashMap:containsKey:229, 0.0
org.apache.commons.math.util.OpenIntToDoubleHashMap:containsKey:236, 0.0
org.apache.commons.math.util.OpenIntToDoubleHashMap:containsKey:228, 0.0
org.apache.commons.math.util.OpenIntToDoubleHashMap:containsKey:227, 0.0
org.apache.commons.math.util.OpenIntToDoubleHashMap:computeCapacity:161, 0.0
org.apache.commons.math.util.OpenIntToDoubleHashMap:<init>:119, 0.0
org.apache.commons.math.util.OpenIntToDoubleHashMap:<init>:118, 0.0
org.apache.commons.math.util.OpenIntToDoubleHashMap:computeCapacity:168, 0.0
org.apache.commons.math.util.OpenIntToDoubleHashMap:nextPowerOfTwo:177, 0.0
org.apache.commons.math.util.OpenIntToDoubleHashMap:findInsertionIndex:317, 0.0
org.apache.commons.math.util.OpenIntToDoubleHashMap:remove:380, 0.0
org.apache.commons.math.ode.nonstiff.GraggBulirschStoerIntegrator:integrate:983, 0.0
org.apache.commons.math.ode.events.CombinedEventsManager:evaluateStep:132, 0.0
org.apache.commons.math.ode.nonstiff.GraggBulirschStoerIntegrator:integrate:961, 0.0
org.apache.commons.math.ode.nonstiff.GraggBulirschStoerIntegrator:integrate:776, 0.0
org.apache.commons.math.ode.nonstiff.GraggBulirschStoerIntegrator:integrate:777, 0.0
org.apache.commons.math.ode.nonstiff.GraggBulirschStoerIntegrator:integrate:802, 0.0
org.apache.commons.math.ode.nonstiff.GraggBulirschStoerIntegrator:integrate:803, 0.0
org.apache.commons.math.ode.nonstiff.GraggBulirschStoerIntegrator:integrate:943, 0.0
org.apache.commons.math.ode.nonstiff.GraggBulirschStoerIntegrator:integrate:944, 0.0
org.apache.commons.math.ode.nonstiff.GraggBulirschStoerIntegrator:integrate:949, 0.0
org.apache.commons.math.ode.nonstiff.GraggBulirschStoerIntegrator:integrate:793, 0.0
org.apache.commons.math.ode.nonstiff.GraggBulirschStoerIntegrator:integrate:948, 0.0
org.apache.commons.math.ode.nonstiff.GraggBulirschStoerIntegrator:integrate:790, 0.0
org.apache.commons.math.ode.nonstiff.GraggBulirschStoerIntegrator:integrate:877, 0.0
org.apache.commons.math.ode.nonstiff.GraggBulirschStoerIntegrator:integrate:878, 0.0
org.apache.commons.math.ode.nonstiff.GraggBulirschStoerIntegrator:integrate:782, 0.0
org.apache.commons.math.ode.nonstiff.GraggBulirschStoerIntegrator:integrate:780, 0.0
org.apache.commons.math.ode.nonstiff.GraggBulirschStoerIntegrator:integrate:781, 0.0
org.apache.commons.math.ode.nonstiff.GraggBulirschStoerIntegrator:integrate:762, 0.0
org.apache.commons.math.ode.nonstiff.GraggBulirschStoerIntegrator:integrate:800, 0.0
org.apache.commons.math.ode.nonstiff.GraggBulirschStoerIntegrator:integrate:754, 0.0
org.apache.commons.math.ode.nonstiff.GraggBulirschStoerIntegrator:integrate:755, 0.0
org.apache.commons.math.ode.nonstiff.GraggBulirschStoerIntegrator:integrate:756, 0.0
org.apache.commons.math.ode.nonstiff.GraggBulirschStoerIntegrator:integrate:757, 0.0
org.apache.commons.math.ode.nonstiff.GraggBulirschStoerIntegrator:integrate:627, 0.0
org.apache.commons.math.ode.nonstiff.GraggBulirschStoerIntegrator:integrate:795, 0.0
org.apache.commons.math.ode.nonstiff.GraggBulirschStoerIntegrator:integrate:794, 0.0
org.apache.commons.math.ode.nonstiff.GraggBulirschStoerIntegrator:integrate:605, 0.0
org.apache.commons.math.ode.nonstiff.GraggBulirschStoerIntegrator:integrate:606, 0.0
org.apache.commons.math.ode.nonstiff.GraggBulirschStoerIntegrator:integrate:787, 0.0
org.apache.commons.math.ode.nonstiff.GraggBulirschStoerStepInterpolator:<init>:178, 0.0
org.apache.commons.math.ode.nonstiff.GraggBulirschStoerStepInterpolator:<init>:175, 0.0
org.apache.commons.math.ode.nonstiff.GraggBulirschStoerStepInterpolator:<init>:171, 0.0
org.apache.commons.math.ode.nonstiff.GraggBulirschStoerStepInterpolator:<init>:170, 0.0
org.apache.commons.math.ode.nonstiff.GraggBulirschStoerStepInterpolator:<init>:172, 0.0
org.apache.commons.math.ode.nonstiff.GraggBulirschStoerStepInterpolator:<init>:169, 0.0
org.apache.commons.math.ode.nonstiff.GraggBulirschStoerStepInterpolator:<init>:153, 0.0
org.apache.commons.math.ode.nonstiff.GraggBulirschStoerStepInterpolator:<init>:155, 0.0
org.apache.commons.math.ode.nonstiff.GraggBulirschStoerStepInterpolator:<init>:159, 0.0
org.apache.commons.math.ode.nonstiff.GraggBulirschStoerStepInterpolator:<init>:162, 0.0
org.apache.commons.math.ode.nonstiff.GraggBulirschStoerStepInterpolator:<init>:161, 0.0
org.apache.commons.math.ode.nonstiff.GraggBulirschStoerStepInterpolator:<init>:160, 0.0
org.apache.commons.math.ode.nonstiff.GraggBulirschStoerStepInterpolator:<init>:165, 0.0
org.apache.commons.math.ode.nonstiff.GraggBulirschStoerStepInterpolator:doCopy:230, 0.0
org.apache.commons.math.ode.nonstiff.GraggBulirschStoerStepInterpolator:readExternal:400, 0.0
org.apache.commons.math.ode.nonstiff.GraggBulirschStoerStepInterpolator:readExternal:398, 0.0
org.apache.commons.math.ode.nonstiff.GraggBulirschStoerStepInterpolator:<init>:116, 0.0
org.apache.commons.math.ode.nonstiff.GraggBulirschStoerStepInterpolator:<init>:115, 0.0
org.apache.commons.math.ode.nonstiff.GraggBulirschStoerStepInterpolator:<init>:114, 0.0
org.apache.commons.math.ode.nonstiff.GraggBulirschStoerStepInterpolator:<init>:113, 0.0
org.apache.commons.math.ode.nonstiff.GraggBulirschStoerStepInterpolator:<init>:112, 0.0
org.apache.commons.math.ode.nonstiff.GraggBulirschStoerStepInterpolator:<init>:110, 0.0
org.apache.commons.math.ode.nonstiff.GraggBulirschStoerStepInterpolator:<init>:111, 0.0
org.apache.commons.math.ode.nonstiff.GraggBulirschStoerStepInterpolator:readExternal:392, 0.0
org.apache.commons.math.ode.nonstiff.GraggBulirschStoerStepInterpolator:readExternal:391, 0.0
org.apache.commons.math.ode.nonstiff.GraggBulirschStoerStepInterpolator:readExternal:393, 0.0
org.apache.commons.math.ode.nonstiff.GraggBulirschStoerStepInterpolator:readExternal:384, 0.0
org.apache.commons.math.ode.nonstiff.GraggBulirschStoerStepInterpolator:readExternal:387, 0.0
org.apache.commons.math.ode.nonstiff.GraggBulirschStoerStepInterpolator:readExternal:389, 0.0
org.apache.commons.math.ode.nonstiff.GraggBulirschStoerStepInterpolator:readExternal:388, 0.0
org.apache.commons.math.ode.nonstiff.GraggBulirschStoerStepInterpolator:writeExternal:362, 0.0
org.apache.commons.math.ode.nonstiff.GraggBulirschStoerStepInterpolator:writeExternal:365, 0.0
org.apache.commons.math.ode.nonstiff.GraggBulirschStoerStepInterpolator:writeExternal:369, 0.0
org.apache.commons.math.ode.nonstiff.GraggBulirschStoerStepInterpolator:writeExternal:368, 0.0
org.apache.commons.math.ode.nonstiff.GraggBulirschStoerStepInterpolator:readExternal:383, 0.0
org.apache.commons.math.ode.nonstiff.GraggBulirschStoerStepInterpolator:resetTables:190, 0.0
org.apache.commons.math.ode.nonstiff.GraggBulirschStoerStepInterpolator:resetTables:188, 0.0
org.apache.commons.math.ode.nonstiff.GraggBulirschStoerStepInterpolator:resetTables:189, 0.0
org.apache.commons.math.ode.nonstiff.GraggBulirschStoerStepInterpolator:writeExternal:370, 0.0
org.apache.commons.math.ode.nonstiff.GraggBulirschStoerStepInterpolator:writeExternal:371, 0.0
org.apache.commons.math.ode.nonstiff.GraggBulirschStoerStepInterpolator:writeExternal:375, 0.0
org.apache.commons.math.ode.sampling.DummyStepInterpolator:readExternal:145, 0.0
org.apache.commons.math.ode.sampling.DummyStepInterpolator:writeExternal:123, 0.0
org.apache.commons.math.ode.sampling.DummyStepInterpolator:readExternal:144, 0.0
org.apache.commons.math.ode.sampling.DummyStepInterpolator:writeExternal:128, 0.0
org.apache.commons.math.ode.sampling.DummyStepInterpolator:readExternal:146, 0.0
org.apache.commons.math.ode.sampling.DummyStepInterpolator:writeExternal:124, 0.0
org.apache.commons.math.ode.sampling.DummyStepInterpolator:readExternal:139, 0.0
org.apache.commons.math.ode.sampling.DummyStepInterpolator:readExternal:141, 0.0
org.apache.commons.math.ode.sampling.DummyStepInterpolator:<init>:62, 0.0
org.apache.commons.math.ode.sampling.DummyStepInterpolator:<init>:61, 0.0
org.apache.commons.math.ode.sampling.DummyStepInterpolator:<init>:60, 0.0
org.apache.commons.math.ode.sampling.DummyStepInterpolator:readExternal:153, 0.0
org.apache.commons.math.ode.sampling.DummyStepInterpolator:readExternal:151, 0.0
org.apache.commons.math.stat.StatUtils:variance:396, 0.0
org.apache.commons.math.stat.descriptive.moment.Variance:evaluate:441, 0.0
org.apache.commons.math.util.ResizableDoubleArray:addElementRolling:306, 0.0
org.apache.commons.math.util.ResizableDoubleArray:addElementRolling:300, 0.0
org.apache.commons.math.util.ResizableDoubleArray:addElementRolling:303, 0.0
org.apache.commons.math.util.ResizableDoubleArray:addElementRolling:307, 0.0
org.apache.commons.math.util.ResizableDoubleArray:addElementRolling:309, 0.0
org.apache.commons.math.stat.descriptive.DescriptiveStatistics:addValue:153, 0.0
org.apache.commons.math.util.ResizableDoubleArray:addElementRolling:296, 0.0
org.apache.commons.math.util.ResizableDoubleArray:addElementRolling:294, 0.0
org.apache.commons.math.util.ResizableDoubleArray:addElementRolling:297, 0.0
org.apache.commons.math.util.ResizableDoubleArray:copy:838, 0.0
org.apache.commons.math.util.ResizableDoubleArray:copy:836, 0.0
org.apache.commons.math.util.ResizableDoubleArray:copy:837, 0.0
org.apache.commons.math.stat.descriptive.DescriptiveStatistics:copy:712, 0.0
org.apache.commons.math.stat.descriptive.DescriptiveStatistics:copy:705, 0.0
org.apache.commons.math.stat.descriptive.DescriptiveStatistics:copy:704, 0.0
org.apache.commons.math.stat.descriptive.DescriptiveStatistics:copy:707, 0.0
org.apache.commons.math.stat.descriptive.DescriptiveStatistics:copy:706, 0.0
org.apache.commons.math.stat.descriptive.DescriptiveStatistics:copy:709, 0.0
org.apache.commons.math.stat.descriptive.DescriptiveStatistics:copy:708, 0.0
org.apache.commons.math.stat.descriptive.DescriptiveStatistics:copy:711, 0.0
org.apache.commons.math.stat.descriptive.DescriptiveStatistics:copy:710, 0.0
org.apache.commons.math.stat.descriptive.DescriptiveStatistics:copy:702, 0.0
org.apache.commons.math.stat.descriptive.DescriptiveStatistics:copy:703, 0.0
org.apache.commons.math.stat.descriptive.DescriptiveStatistics:copy:698, 0.0
org.apache.commons.math.stat.descriptive.DescriptiveStatistics:copy:699, 0.0
org.apache.commons.math.stat.descriptive.DescriptiveStatistics:<init>:139, 0.0
org.apache.commons.math.stat.descriptive.DescriptiveStatistics:<init>:138, 0.0
org.apache.commons.math.stat.descriptive.DescriptiveStatistics:<init>:140, 0.0
org.apache.commons.math.stat.descriptive.moment.GeometricMean:copy:89, 0.0
org.apache.commons.math.stat.descriptive.moment.GeometricMean:copy:91, 0.0
org.apache.commons.math.stat.descriptive.moment.GeometricMean:copy:90, 0.0
org.apache.commons.math.stat.descriptive.moment.GeometricMean:copy:187, 0.0
org.apache.commons.math.stat.descriptive.moment.GeometricMean:copy:188, 0.0
org.apache.commons.math.stat.descriptive.DescriptiveStatistics:setMeanImpl:463, 0.0
org.apache.commons.math.stat.descriptive.DescriptiveStatistics:setMeanImpl:462, 0.0
org.apache.commons.math.stat.descriptive.DescriptiveStatistics:copy:685, 0.0
org.apache.commons.math.stat.descriptive.DescriptiveStatistics:copy:684, 0.0
org.apache.commons.math.stat.descriptive.DescriptiveStatistics:copy:683, 0.0
org.apache.commons.math.stat.descriptive.DescriptiveStatistics:getSortedValues:353, 0.0
org.apache.commons.math.stat.descriptive.DescriptiveStatistics:getSortedValues:354, 0.0
org.apache.commons.math.stat.descriptive.DescriptiveStatistics:getSortedValues:355, 0.0
org.apache.commons.math.util.ResizableDoubleArray:getElements:558, 0.0
org.apache.commons.math.util.ResizableDoubleArray:getElements:556, 0.0
org.apache.commons.math.util.ResizableDoubleArray:getElements:555, 0.0
org.apache.commons.math.stat.descriptive.DescriptiveStatistics:getValues:341, 0.0
org.apache.commons.math.stat.descriptive.DescriptiveStatistics:getElement:364, 0.0
org.apache.commons.math.stat.descriptive.DescriptiveStatistics:replaceMostRecentValue:177, 0.0
org.apache.commons.math.util.ResizableDoubleArray:substituteMostRecentElement:327, 0.0
org.apache.commons.math.util.ResizableDoubleArray:substituteMostRecentElement:331, 0.0
org.apache.commons.math.util.ResizableDoubleArray:substituteMostRecentElement:329, 0.0
org.apache.commons.math.stat.descriptive.DescriptiveStatistics:removeMostRecentValue:167, 0.0
org.apache.commons.math.stat.descriptive.DescriptiveStatistics:removeMostRecentValue:166, 0.0
org.apache.commons.math.util.ResizableDoubleArray:substituteMostRecentElement:322, 0.0
org.apache.commons.math.stat.descriptive.DescriptiveStatistics:getVarianceImpl:620, 0.0
org.apache.commons.math.stat.descriptive.DescriptiveStatistics:getSumsqImpl:642, 0.0
org.apache.commons.math.stat.descriptive.DescriptiveStatistics:getGeometricMean:196, 0.0
org.apache.commons.math.stat.descriptive.DescriptiveStatistics:getSkewnessImpl:598, 0.0
org.apache.commons.math.stat.descriptive.DescriptiveStatistics:getMaxImpl:515, 0.0
org.apache.commons.math.stat.descriptive.DescriptiveStatistics:getSkewness:232, 0.0
org.apache.commons.math.stat.descriptive.DescriptiveStatistics:getSumImpl:663, 0.0
org.apache.commons.math.stat.descriptive.DescriptiveStatistics:getGeometricMeanImpl:472, 0.0
org.apache.commons.math.stat.descriptive.DescriptiveStatistics:getMinImpl:536, 0.0
org.apache.commons.math.stat.descriptive.DescriptiveStatistics:getKurtosisImpl:494, 0.0
org.apache.commons.math.stat.descriptive.DescriptiveStatistics:setMinImpl:548, 0.0
org.apache.commons.math.stat.descriptive.DescriptiveStatistics:setMinImpl:547, 0.0
org.apache.commons.math.stat.descriptive.DescriptiveStatistics:setVarianceImpl:633, 0.0
org.apache.commons.math.stat.descriptive.DescriptiveStatistics:setVarianceImpl:632, 0.0
org.apache.commons.math.stat.descriptive.DescriptiveStatistics:setMaxImpl:526, 0.0
org.apache.commons.math.stat.descriptive.DescriptiveStatistics:setMaxImpl:527, 0.0
org.apache.commons.math.stat.descriptive.DescriptiveStatistics:setGeometricMeanImpl:485, 0.0
org.apache.commons.math.stat.descriptive.DescriptiveStatistics:setGeometricMeanImpl:484, 0.0
org.apache.commons.math.stat.descriptive.DescriptiveStatistics:setKurtosisImpl:505, 0.0
org.apache.commons.math.stat.descriptive.DescriptiveStatistics:setKurtosisImpl:506, 0.0
org.apache.commons.math.stat.descriptive.DescriptiveStatistics:getMeanImpl:451, 0.0
org.apache.commons.math.stat.descriptive.DescriptiveStatistics:getKurtosis:242, 0.0
org.apache.commons.math.stat.descriptive.DescriptiveStatistics:setSumImpl:675, 0.0
org.apache.commons.math.stat.descriptive.DescriptiveStatistics:setSumImpl:674, 0.0
org.apache.commons.math.stat.descriptive.DescriptiveStatistics:setSumsqImpl:653, 0.0
org.apache.commons.math.stat.descriptive.DescriptiveStatistics:setSumsqImpl:654, 0.0
org.apache.commons.math.stat.descriptive.DescriptiveStatistics:setSkewnessImpl:610, 0.0
org.apache.commons.math.stat.descriptive.DescriptiveStatistics:setSkewnessImpl:611, 0.0
org.apache.commons.math.stat.descriptive.DescriptiveStatistics:toString:425, 0.0
org.apache.commons.math.stat.descriptive.DescriptiveStatistics:toString:424, 0.0
org.apache.commons.math.stat.descriptive.DescriptiveStatistics:toString:427, 0.0
org.apache.commons.math.stat.descriptive.DescriptiveStatistics:toString:429, 0.0
org.apache.commons.math.stat.descriptive.DescriptiveStatistics:toString:428, 0.0
org.apache.commons.math.stat.descriptive.DescriptiveStatistics:toString:430, 0.0
org.apache.commons.math.stat.descriptive.DescriptiveStatistics:toString:419, 0.0
org.apache.commons.math.stat.descriptive.DescriptiveStatistics:toString:418, 0.0
org.apache.commons.math.stat.descriptive.DescriptiveStatistics:toString:421, 0.0
org.apache.commons.math.stat.descriptive.DescriptiveStatistics:toString:420, 0.0
org.apache.commons.math.stat.descriptive.DescriptiveStatistics:toString:423, 0.0
org.apache.commons.math.stat.descriptive.DescriptiveStatistics:toString:422, 0.0
org.apache.commons.math.stat.descriptive.moment.Skewness:<init>:68, 0.0
org.apache.commons.math.stat.descriptive.moment.Skewness:<init>:69, 0.0
org.apache.commons.math.stat.descriptive.moment.Skewness:<init>:70, 0.0
org.apache.commons.math.stat.descriptive.moment.Skewness:<init>:71, 0.0
org.apache.commons.math.stat.descriptive.moment.Kurtosis:<init>:76, 0.0
org.apache.commons.math.stat.descriptive.moment.Kurtosis:<init>:77, 0.0
org.apache.commons.math.stat.descriptive.moment.Kurtosis:<init>:74, 0.0
org.apache.commons.math.stat.descriptive.moment.Kurtosis:<init>:75, 0.0
org.apache.commons.math.stat.descriptive.DescriptiveStatistics:getStandardDeviation:219, 0.0
org.apache.commons.math.util.TransformerMap:transform:144, 0.0
org.apache.commons.math.util.TransformerMap:transform:152, 0.0
org.apache.commons.math.util.TransformerMap:transform:141, 0.0
org.apache.commons.math.util.TransformerMap:transform:143, 0.0
org.apache.commons.math.util.TransformerMap:transform:146, 0.0
org.apache.commons.math.util.TransformerMap:transform:147, 0.0
org.apache.commons.math.util.TransformerMap:getTransformer:82, 0.0
org.apache.commons.math.util.TransformerMap:transform:148, 0.0
org.apache.commons.math.stat.descriptive.MultivariateSummaryStatistics:getDimension:166, 0.0
org.apache.commons.math.stat.descriptive.SummaryStatistics:getSumsqImpl:427, 0.0
org.apache.commons.math.stat.descriptive.SummaryStatistics:getMinImpl:456, 0.0
org.apache.commons.math.stat.descriptive.SummaryStatistics:getMaxImpl:485, 0.0
org.apache.commons.math.stat.descriptive.SummaryStatistics:getMeanImpl:573, 0.0
org.apache.commons.math.stat.descriptive.SummaryStatistics:getSumLogImpl:514, 0.0
org.apache.commons.math.stat.descriptive.SummaryStatistics:getVarianceImpl:602, 0.0
org.apache.commons.math.stat.descriptive.SummaryStatistics:checkEmpty:634, 0.0
org.apache.commons.math.stat.descriptive.SummaryStatistics:setSumImpl:417, 0.0
org.apache.commons.math.stat.descriptive.SummaryStatistics:setSumImpl:419, 0.0
org.apache.commons.math.stat.descriptive.SummaryStatistics:setSumImpl:418, 0.0
org.apache.commons.math.stat.descriptive.SummaryStatistics:copy:697, 0.0
org.apache.commons.math.stat.descriptive.SummaryStatistics:getSumImpl:398, 0.0
org.apache.commons.math.stat.descriptive.moment.GeometricMean:setSumLogImpl:167, 0.0
org.apache.commons.math.stat.descriptive.moment.GeometricMean:setSumLogImpl:166, 0.0
org.apache.commons.math.stat.descriptive.moment.GeometricMean:setSumLogImpl:165, 0.0
org.apache.commons.math.stat.descriptive.SummaryStatistics:clear:340, 0.0
org.apache.commons.math.stat.descriptive.moment.GeometricMean:checkEmpty:200, 0.0
org.apache.commons.math.stat.descriptive.SummaryStatistics:setSumLogImpl:533, 0.0
org.apache.commons.math.stat.descriptive.SummaryStatistics:setSumLogImpl:535, 0.0
org.apache.commons.math.stat.descriptive.SummaryStatistics:setSumLogImpl:534, 0.0
org.apache.commons.math.stat.descriptive.SummaryStatistics:setSumLogImpl:536, 0.0
org.apache.commons.math.stat.descriptive.SummaryStatistics:getSumOfLogs:284, 0.0
org.apache.commons.math.stat.descriptive.SummaryStatistics:getMean:204, 0.0
org.apache.commons.math.stat.descriptive.SummaryStatistics:addValue:155, 0.0
org.apache.commons.math.stat.descriptive.moment.GeometricMean:checkEmpty:195, 0.0
org.apache.commons.math.stat.descriptive.SynchronizedDescriptiveStatistics:copy:169, 0.0
org.apache.commons.math.stat.descriptive.SynchronizedDescriptiveStatistics:copy:168, 0.0
org.apache.commons.math.stat.descriptive.SynchronizedDescriptiveStatistics:copy:167, 0.0
org.apache.commons.math.stat.descriptive.SynchronizedDescriptiveStatistics:copy:166, 0.0
org.apache.commons.math.stat.descriptive.SynchronizedDescriptiveStatistics:copy:170, 0.0
org.apache.commons.math.stat.descriptive.SynchronizedDescriptiveStatistics:copy:171, 0.0
org.apache.commons.math.stat.descriptive.SynchronizedDescriptiveStatistics:copy:152, 0.0
org.apache.commons.math.stat.descriptive.SynchronizedDescriptiveStatistics:copy:149, 0.0
org.apache.commons.math.stat.descriptive.SynchronizedDescriptiveStatistics:copy:151, 0.0
org.apache.commons.math.stat.descriptive.SynchronizedDescriptiveStatistics:getElement:90, 0.0
org.apache.commons.math.stat.descriptive.SynchronizedDescriptiveStatistics:getValues:114, 0.0
org.apache.commons.math.stat.descriptive.SynchronizedDescriptiveStatistics:clear:83, 0.0
org.apache.commons.math.stat.descriptive.SynchronizedDescriptiveStatistics:clear:82, 0.0
org.apache.commons.math.stat.descriptive.SynchronizedDescriptiveStatistics:toString:138, 0.0
org.apache.commons.math.stat.descriptive.SynchronizedDescriptiveStatistics:getStandardDeviation:106, 0.0
org.apache.commons.math.stat.descriptive.SynchronizedMultivariateSummaryStatistics:getDimension:65, 0.0
org.apache.commons.math.stat.descriptive.SynchronizedSummaryStatistics:setSumImpl:186, 0.0
org.apache.commons.math.stat.descriptive.SynchronizedSummaryStatistics:setSumImpl:187, 0.0
org.apache.commons.math.stat.descriptive.SynchronizedSummaryStatistics:getGeoMeanImpl:258, 0.0
org.apache.commons.math.stat.descriptive.SynchronizedSummaryStatistics:getSumImpl:178, 0.0
org.apache.commons.math.stat.descriptive.SynchronizedSummaryStatistics:setSumLogImpl:250, 0.0
org.apache.commons.math.stat.descriptive.SynchronizedSummaryStatistics:setSumLogImpl:251, 0.0
org.apache.commons.math.stat.descriptive.moment.FourthMoment:copy:127, 0.0
org.apache.commons.math.stat.descriptive.moment.FourthMoment:copy:126, 0.0
org.apache.commons.math.stat.descriptive.moment.FourthMoment:copy:125, 0.0
org.apache.commons.math.stat.descriptive.moment.ThirdMoment:copy:137, 0.0
org.apache.commons.math.stat.descriptive.moment.ThirdMoment:copy:136, 0.0
org.apache.commons.math.stat.descriptive.moment.ThirdMoment:copy:135, 0.0
org.apache.commons.math.stat.descriptive.moment.ThirdMoment:copy:134, 0.0
org.apache.commons.math.stat.descriptive.moment.FourthMoment:copy:139, 0.0
org.apache.commons.math.stat.descriptive.moment.FourthMoment:copy:141, 0.0
org.apache.commons.math.stat.descriptive.moment.FourthMoment:copy:140, 0.0
org.apache.commons.math.stat.descriptive.moment.Kurtosis:copy:201, 0.0
org.apache.commons.math.stat.descriptive.moment.Kurtosis:copy:203, 0.0
org.apache.commons.math.stat.descriptive.moment.Kurtosis:copy:202, 0.0
org.apache.commons.math.stat.descriptive.moment.Kurtosis:copy:215, 0.0
org.apache.commons.math.stat.descriptive.moment.Kurtosis:copy:216, 0.0
org.apache.commons.math.stat.descriptive.moment.Kurtosis:copy:217, 0.0
org.apache.commons.math.stat.descriptive.moment.Kurtosis:getResult:111, 0.0
org.apache.commons.math.stat.descriptive.moment.SemiVariance:evaluate:286, 0.0
org.apache.commons.math.stat.descriptive.moment.SemiVariance:evaluate:233, 0.0
org.apache.commons.math.stat.descriptive.moment.SemiVariance:evaluate:278, 0.0
org.apache.commons.math.stat.descriptive.moment.SemiVariance:evaluate:293, 0.0
org.apache.commons.math.stat.descriptive.moment.SemiVariance:evaluate:285, 0.0
org.apache.commons.math.stat.descriptive.moment.SemiVariance:evaluate:283, 0.0
org.apache.commons.math.stat.descriptive.moment.SemiVariance:evaluate:281, 0.0
org.apache.commons.math.stat.descriptive.moment.SemiVariance:evaluate:284, 0.0
org.apache.commons.math.stat.descriptive.moment.SemiVariance$Direction:getDirection:374, 0.0
org.apache.commons.math.stat.descriptive.moment.SemiVariance:evaluate:295, 0.0
org.apache.commons.math.stat.descriptive.moment.SemiVariance:evaluate:292, 0.0
org.apache.commons.math.stat.descriptive.moment.SemiVariance:evaluate:288, 0.0
org.apache.commons.math.stat.descriptive.moment.SemiVariance:evaluate:287, 0.0
org.apache.commons.math.stat.descriptive.moment.SemiVariance:<init>:98, 0.0
org.apache.commons.math.stat.descriptive.moment.SemiVariance:<init>:96, 0.0
org.apache.commons.math.stat.descriptive.moment.SemiVariance:<init>:97, 0.0
org.apache.commons.math.stat.descriptive.moment.SemiVariance:evaluate:279, 0.0
org.apache.commons.math.stat.descriptive.moment.SemiVariance:<init>:110, 0.0
org.apache.commons.math.stat.descriptive.moment.SemiVariance:<init>:108, 0.0
org.apache.commons.math.stat.descriptive.moment.SemiVariance:<init>:109, 0.0
org.apache.commons.math.stat.descriptive.moment.ThirdMoment:<init>:77, 0.0
org.apache.commons.math.stat.descriptive.moment.ThirdMoment:<init>:78, 0.0
org.apache.commons.math.stat.descriptive.moment.ThirdMoment:<init>:79, 0.0
org.apache.commons.math.stat.descriptive.moment.Skewness:copy:196, 0.0
org.apache.commons.math.stat.descriptive.moment.Skewness:copy:195, 0.0
org.apache.commons.math.stat.descriptive.moment.Skewness:copy:194, 0.0
org.apache.commons.math.stat.descriptive.moment.ThirdMoment:copy:122, 0.0
org.apache.commons.math.stat.descriptive.moment.ThirdMoment:copy:121, 0.0
org.apache.commons.math.stat.descriptive.moment.ThirdMoment:copy:120, 0.0
org.apache.commons.math.stat.descriptive.moment.Skewness:copy:208, 0.0
org.apache.commons.math.stat.descriptive.moment.Skewness:copy:209, 0.0
org.apache.commons.math.stat.descriptive.moment.Skewness:copy:210, 0.0
org.apache.commons.math.stat.descriptive.moment.Skewness:getResult:108, 0.0
org.apache.commons.math.stat.descriptive.moment.StandardDeviation:copy:266, 0.0
org.apache.commons.math.stat.descriptive.moment.StandardDeviation:copy:267, 0.0
org.apache.commons.math.stat.descriptive.moment.StandardDeviation:copy:252, 0.0
org.apache.commons.math.stat.descriptive.moment.StandardDeviation:copy:253, 0.0
org.apache.commons.math.stat.descriptive.moment.StandardDeviation:copy:251, 0.0
org.apache.commons.math.stat.descriptive.moment.Variance:getResult:175, 0.0
org.apache.commons.math.stat.descriptive.moment.StandardDeviation:<init>:87, 0.0
org.apache.commons.math.stat.descriptive.moment.StandardDeviation:<init>:86, 0.0
org.apache.commons.math.stat.descriptive.moment.StandardDeviation:<init>:88, 0.0
org.apache.commons.math.stat.descriptive.moment.StandardDeviation:setBiasCorrected:244, 0.0
org.apache.commons.math.stat.descriptive.moment.StandardDeviation:setBiasCorrected:243, 0.0
org.apache.commons.math.stat.descriptive.moment.Variance:setBiasCorrected:578, 0.0
org.apache.commons.math.stat.descriptive.moment.Variance:setBiasCorrected:579, 0.0
org.apache.commons.math.stat.descriptive.moment.StandardDeviation:<init>:102, 0.0
org.apache.commons.math.stat.descriptive.moment.StandardDeviation:<init>:103, 0.0
org.apache.commons.math.stat.descriptive.moment.StandardDeviation:<init>:101, 0.0
org.apache.commons.math.stat.descriptive.moment.Variance:<init>:131, 0.0
org.apache.commons.math.stat.descriptive.moment.Variance:<init>:130, 0.0
org.apache.commons.math.stat.descriptive.moment.Variance:<init>:133, 0.0
org.apache.commons.math.stat.descriptive.moment.Variance:<init>:132, 0.0
org.apache.commons.math.stat.descriptive.moment.Variance:<init>:134, 0.0
org.apache.commons.math.stat.descriptive.moment.Variance:evaluate:408, 0.0
org.apache.commons.math.stat.descriptive.moment.VectorialMean:getN:78, 0.0
org.apache.commons.math.stat.descriptive.moment.VectorialMean:getResult:67, 0.0
org.apache.commons.math.stat.descriptive.moment.VectorialMean:getResult:66, 0.0
org.apache.commons.math.stat.descriptive.moment.VectorialMean:getResult:70, 0.0
org.apache.commons.math.stat.descriptive.moment.VectorialMean:getResult:68, 0.0
org.apache.commons.math.stat.descriptive.summary.Product:copy:220, 0.0
org.apache.commons.math.stat.descriptive.summary.Product:copy:218, 0.0
org.apache.commons.math.stat.descriptive.summary.Product:copy:219, 0.0
org.apache.commons.math.stat.descriptive.summary.Product:copy:205, 0.0
org.apache.commons.math.stat.descriptive.summary.Product:copy:204, 0.0
org.apache.commons.math.stat.descriptive.summary.Product:copy:206, 0.0
org.apache.commons.math.stat.descriptive.rank.Percentile:copy:275, 0.0
org.apache.commons.math.stat.descriptive.rank.Percentile:copy:276, 0.0
org.apache.commons.math.stat.descriptive.rank.Median:<init>:42, 0.0
org.apache.commons.math.stat.descriptive.rank.Median:<init>:43, 0.0
org.apache.commons.math.stat.descriptive.rank.Percentile:copy:262, 0.0
org.apache.commons.math.stat.descriptive.rank.Percentile:copy:263, 0.0
org.apache.commons.math.stat.descriptive.rank.Percentile:copy:261, 0.0
org.apache.commons.math.stat.descriptive.rank.Percentile:evaluate:223, 0.0
org.apache.commons.math.optimization.direct.MultiDirectional:evaluateNewSimplex:129, 0.0
org.apache.commons.math.optimization.direct.MultiDirectional:evaluateNewSimplex:128, 0.0
org.apache.commons.math.optimization.direct.MultiDirectional:evaluateNewSimplex:125, 0.0
org.apache.commons.math.optimization.direct.MultiDirectional:evaluateNewSimplex:130, 0.0
org.apache.commons.math.optimization.direct.MultiDirectional:evaluateNewSimplex:124, 0.0
org.apache.commons.math.optimization.direct.MultiDirectional:evaluateNewSimplex:133, 0.0
org.apache.commons.math.optimization.direct.MultiDirectional:evaluateNewSimplex:134, 0.0
org.apache.commons.math.optimization.direct.DirectSearchOptimizer:getConvergenceChecker:260, 0.0
org.apache.commons.math.optimization.direct.MultiDirectional:iterateSimplex:106, 0.0
org.apache.commons.math.optimization.direct.MultiDirectional:iterateSimplex:99, 0.0
org.apache.commons.math.optimization.direct.MultiDirectional:iterateSimplex:91, 0.0
org.apache.commons.math.optimization.direct.MultiDirectional:iterateSimplex:90, 0.0
org.apache.commons.math.optimization.direct.MultiDirectional:iterateSimplex:100, 0.0
org.apache.commons.math.optimization.direct.MultiDirectional:iterateSimplex:64, 0.0
org.apache.commons.math.optimization.direct.MultiDirectional:evaluateNewSimplex:131, 0.0
org.apache.commons.math.optimization.direct.MultiDirectional:evaluateNewSimplex:132, 0.0
org.apache.commons.math.optimization.direct.MultiDirectional:evaluateNewSimplex:141, 0.0
org.apache.commons.math.optimization.direct.MultiDirectional:evaluateNewSimplex:140, 0.0
org.apache.commons.math.optimization.direct.MultiDirectional:iterateSimplex:70, 0.0
org.apache.commons.math.optimization.direct.MultiDirectional:iterateSimplex:71, 0.0
org.apache.commons.math.optimization.direct.MultiDirectional:iterateSimplex:74, 0.0
org.apache.commons.math.optimization.direct.MultiDirectional:iterateSimplex:75, 0.0
org.apache.commons.math.optimization.direct.MultiDirectional:iterateSimplex:67, 0.0
org.apache.commons.math.optimization.direct.MultiDirectional:iterateSimplex:102, 0.0
org.apache.commons.math.optimization.direct.MultiDirectional:<init>:48, 0.0
org.apache.commons.math.optimization.direct.MultiDirectional:<init>:46, 0.0
org.apache.commons.math.optimization.direct.MultiDirectional:<init>:47, 0.0
org.apache.commons.math.optimization.direct.MultiDirectional:<init>:45, 0.0
org.apache.commons.math.optimization.direct.MultiDirectional:evaluateNewSimplex:136, 0.0
org.apache.commons.math.optimization.direct.MultiDirectional:iterateSimplex:98, 0.0
org.apache.commons.math.optimization.direct.MultiDirectional:iterateSimplex:97, 0.0
org.apache.commons.math.optimization.direct.MultiDirectional:iterateSimplex:103, 0.0
org.apache.commons.math.optimization.direct.MultiDirectional:iterateSimplex:93, 0.0
org.apache.commons.math.optimization.direct.MultiDirectional:iterateSimplex:85, 0.0
org.apache.commons.math.optimization.direct.MultiDirectional:iterateSimplex:78, 0.0
org.apache.commons.math.optimization.direct.MultiDirectional:iterateSimplex:79, 0.0
org.apache.commons.math.optimization.direct.MultiDirectional:iterateSimplex:80, 0.0
org.apache.commons.math.optimization.direct.MultiDirectional:iterateSimplex:82, 0.0
org.apache.commons.math.util.MathUtils:equals:478, 0.0
org.apache.commons.math.util.MathUtils:equals:481, 0.0
org.apache.commons.math.stat.Frequency:addValue:135, 0.0
org.apache.commons.math.stat.Frequency:getCumPct:522, 0.0
org.apache.commons.math.stat.Frequency:getPct:343, 0.0
org.apache.commons.math.stat.Frequency:getPct:332, 0.0
org.apache.commons.math.stat.Frequency:getPct:304, 0.0
org.apache.commons.math.stat.Frequency:toString:87, 0.0
org.apache.commons.math.stat.Frequency:toString:86, 0.0
org.apache.commons.math.stat.Frequency:toString:93, 0.0
org.apache.commons.math.stat.Frequency:toString:92, 0.0
org.apache.commons.math.stat.Frequency:toString:95, 0.0
org.apache.commons.math.stat.Frequency:toString:94, 0.0
org.apache.commons.math.stat.Frequency:toString:89, 0.0
org.apache.commons.math.stat.Frequency:toString:88, 0.0
org.apache.commons.math.stat.Frequency:toString:91, 0.0
org.apache.commons.math.stat.Frequency:toString:90, 0.0
org.apache.commons.math.stat.Frequency:toString:84, 0.0
org.apache.commons.math.stat.Frequency:toString:81, 0.0
org.apache.commons.math.stat.Frequency:toString:83, 0.0
org.apache.commons.math.stat.Frequency:toString:82, 0.0
org.apache.commons.math.stat.Frequency:toString:96, 0.0
org.apache.commons.math.stat.Frequency:toString:85, 0.0
org.apache.commons.math.util.MathUtils:factorialLog:578, 0.0
org.apache.commons.math.util.MathUtils:factorial:523, 0.0
org.apache.commons.math.util.MathUtils:factorialDouble:553, 0.0
org.apache.commons.math.util.ResizableDoubleArray:getElement:535, 0.0
org.apache.commons.math.util.ResizableDoubleArray:getElement:541, 0.0
org.apache.commons.math.MathRuntimeException$2:<init>:230, 0.0
org.apache.commons.math.MathRuntimeException:createArrayIndexOutOfBoundsException:230, 0.0
org.apache.commons.math.util.ResizableDoubleArray:expand:488, 0.0
org.apache.commons.math.special.Gamma:digamma:294, 0.0
org.apache.commons.math.special.Gamma:digamma:309, 0.0
org.apache.commons.math.special.Gamma:digamma:306, 0.0
org.apache.commons.math.special.Gamma:digamma:302, 0.0
org.apache.commons.math.special.Gamma:digamma:300, 0.0
org.apache.commons.math.special.Gamma:digamma:297, 0.0
org.apache.commons.math.special.Gamma:trigamma:323, 0.0
org.apache.commons.math.special.Gamma:trigamma:327, 0.0
org.apache.commons.math.special.Gamma:trigamma:336, 0.0
org.apache.commons.math.special.Gamma:trigamma:333, 0.0
org.apache.commons.math.special.Gamma:trigamma:328, 0.0
org.apache.commons.math.util.ResizableDoubleArray:equals:853, 0.0
org.apache.commons.math.util.ResizableDoubleArray:hashCode:885, 0.0
org.apache.commons.math.util.ResizableDoubleArray:hashCode:887, 0.0
org.apache.commons.math.util.ResizableDoubleArray:hashCode:886, 0.0
org.apache.commons.math.util.ResizableDoubleArray:hashCode:889, 0.0
org.apache.commons.math.util.ResizableDoubleArray:hashCode:888, 0.0
org.apache.commons.math.util.ResizableDoubleArray:hashCode:891, 0.0
org.apache.commons.math.util.ResizableDoubleArray:hashCode:890, 0.0
org.apache.commons.math.util.ResizableDoubleArray:hashCode:893, 0.0
org.apache.commons.math.util.ResizableDoubleArray:hashCode:892, 0.0
org.apache.commons.math.util.ResizableDoubleArray:equals:856, 0.0
org.apache.commons.math.util.ResizableDoubleArray:equals:869, 0.0
org.apache.commons.math.util.ResizableDoubleArray:setElement:681, 0.0
org.apache.commons.math.util.ResizableDoubleArray:setElement:680, 0.0
org.apache.commons.math.util.ResizableDoubleArray:setElement:674, 0.0
org.apache.commons.math.util.ResizableDoubleArray:setElement:678, 0.0
org.apache.commons.math.util.ResizableDoubleArray:setElement:670, 0.0
org.apache.commons.math.util.ResizableDoubleArray:setElement:677, 0.0
org.apache.commons.math.util.ResizableDoubleArray:setElement:669, 0.0
org.apache.commons.math.util.ResizableDoubleArray:setElement:675, 0.0
org.apache.commons.math.stat.clustering.EuclideanIntegerPoint:centroidOf:64, 0.0
org.apache.commons.math.stat.clustering.EuclideanIntegerPoint:centroidOf:63, 0.0
org.apache.commons.math.stat.clustering.EuclideanIntegerPoint:centroidOf:71, 0.0
org.apache.commons.math.stat.clustering.EuclideanIntegerPoint:centroidOf:62, 0.0
org.apache.commons.math.stat.clustering.EuclideanIntegerPoint:centroidOf:65, 0.0
org.apache.commons.math.stat.clustering.EuclideanIntegerPoint:centroidOf:68, 0.0
org.apache.commons.math.stat.clustering.EuclideanIntegerPoint:centroidOf:69, 0.0
org.apache.commons.math.util.MathUtils:distance:1758, 0.0
org.apache.commons.math.util.MathUtils:distance:1754, 0.0
org.apache.commons.math.util.MathUtils:distance:1755, 0.0
org.apache.commons.math.util.MathUtils:distance:1756, 0.0
org.apache.commons.math.stat.clustering.EuclideanIntegerPoint:distanceFrom:57, 0.0
org.apache.commons.math.util.MathUtils:distance:1753, 0.0
org.apache.commons.math.stat.clustering.KMeansPlusPlusClusterer:getNearestCluster:158, 0.0
org.apache.commons.math.stat.clustering.KMeansPlusPlusClusterer:getNearestCluster:159, 0.0
org.apache.commons.math.stat.clustering.KMeansPlusPlusClusterer:chooseInitialCenters:137, 0.0
org.apache.commons.math.stat.clustering.KMeansPlusPlusClusterer:chooseInitialCenters:119, 0.0
org.apache.commons.math.stat.clustering.KMeansPlusPlusClusterer:chooseInitialCenters:124, 0.0
org.apache.commons.math.stat.clustering.KMeansPlusPlusClusterer:chooseInitialCenters:123, 0.0
org.apache.commons.math.stat.clustering.KMeansPlusPlusClusterer:chooseInitialCenters:122, 0.0
org.apache.commons.math.stat.clustering.KMeansPlusPlusClusterer:chooseInitialCenters:121, 0.0
org.apache.commons.math.stat.clustering.KMeansPlusPlusClusterer:chooseInitialCenters:120, 0.0
org.apache.commons.math.stat.clustering.KMeansPlusPlusClusterer:cluster:64, 0.0
org.apache.commons.math.stat.clustering.KMeansPlusPlusClusterer:cluster:63, 0.0
org.apache.commons.math.stat.clustering.KMeansPlusPlusClusterer:cluster:62, 0.0
org.apache.commons.math.stat.clustering.KMeansPlusPlusClusterer:chooseInitialCenters:111, 0.0
org.apache.commons.math.stat.clustering.KMeansPlusPlusClusterer:chooseInitialCenters:108, 0.0
org.apache.commons.math.stat.clustering.KMeansPlusPlusClusterer:chooseInitialCenters:114, 0.0
org.apache.commons.math.stat.clustering.KMeansPlusPlusClusterer:chooseInitialCenters:107, 0.0
org.apache.commons.math.stat.clustering.KMeansPlusPlusClusterer:chooseInitialCenters:112, 0.0
org.apache.commons.math.stat.clustering.KMeansPlusPlusClusterer:cluster:67, 0.0
org.apache.commons.math.stat.clustering.Cluster:addPoint:56, 0.0
org.apache.commons.math.stat.clustering.Cluster:addPoint:55, 0.0
org.apache.commons.math.stat.clustering.KMeansPlusPlusClusterer:cluster:61, 0.0
org.apache.commons.math.stat.clustering.KMeansPlusPlusClusterer:cluster:74, 0.0
org.apache.commons.math.stat.clustering.KMeansPlusPlusClusterer:cluster:75, 0.0
org.apache.commons.math.stat.clustering.KMeansPlusPlusClusterer:assignPointsToClusters:93, 0.0
org.apache.commons.math.stat.clustering.KMeansPlusPlusClusterer:cluster:57, 0.0
org.apache.commons.math.stat.clustering.KMeansPlusPlusClusterer:cluster:56, 0.0
org.apache.commons.math.stat.clustering.KMeansPlusPlusClusterer:cluster:60, 0.0
org.apache.commons.math.stat.clustering.KMeansPlusPlusClusterer:chooseInitialCenters:130, 0.0
org.apache.commons.math.stat.clustering.KMeansPlusPlusClusterer:chooseInitialCenters:129, 0.0
org.apache.commons.math.stat.clustering.KMeansPlusPlusClusterer:chooseInitialCenters:115, 0.0
org.apache.commons.math.stat.clustering.KMeansPlusPlusClusterer:cluster:69, 0.0
org.apache.commons.math.stat.clustering.KMeansPlusPlusClusterer:cluster:70, 0.0
org.apache.commons.math.stat.clustering.KMeansPlusPlusClusterer:<init>:42, 0.0
org.apache.commons.math.stat.clustering.KMeansPlusPlusClusterer:<init>:40, 0.0
org.apache.commons.math.stat.clustering.KMeansPlusPlusClusterer:<init>:41, 0.0
org.apache.commons.math.stat.clustering.Cluster:getCenter:71, 0.0
org.apache.commons.math.stat.clustering.KMeansPlusPlusClusterer:assignPointsToClusters:92, 0.0
org.apache.commons.math.stat.clustering.KMeansPlusPlusClusterer:assignPointsToClusters:89, 0.0
org.apache.commons.math.stat.clustering.KMeansPlusPlusClusterer:assignPointsToClusters:91, 0.0
org.apache.commons.math.stat.clustering.KMeansPlusPlusClusterer:assignPointsToClusters:90, 0.0
org.apache.commons.math.stat.clustering.KMeansPlusPlusClusterer:getNearestCluster:155, 0.0
org.apache.commons.math.stat.clustering.KMeansPlusPlusClusterer:getNearestCluster:156, 0.0
org.apache.commons.math.stat.clustering.KMeansPlusPlusClusterer:getNearestCluster:157, 0.0
org.apache.commons.math.stat.clustering.KMeansPlusPlusClusterer:chooseInitialCenters:133, 0.0
org.apache.commons.math.stat.clustering.KMeansPlusPlusClusterer:chooseInitialCenters:132, 0.0
org.apache.commons.math.stat.clustering.KMeansPlusPlusClusterer:chooseInitialCenters:134, 0.0
org.apache.commons.math.stat.clustering.KMeansPlusPlusClusterer:chooseInitialCenters:118, 0.0
org.apache.commons.math.stat.clustering.KMeansPlusPlusClusterer:getNearestCluster:162, 0.0
org.apache.commons.math.stat.clustering.KMeansPlusPlusClusterer:cluster:71, 0.0
org.apache.commons.math.stat.clustering.KMeansPlusPlusClusterer:chooseInitialCenters:131, 0.0
org.apache.commons.math.stat.clustering.EuclideanIntegerPoint:equals:86, 0.0
org.apache.commons.math.stat.clustering.KMeansPlusPlusClusterer:chooseInitialCenters:139, 0.0
org.apache.commons.math.stat.clustering.KMeansPlusPlusClusterer:getNearestCluster:161, 0.0
org.apache.commons.math.stat.clustering.KMeansPlusPlusClusterer:cluster:72, 0.0
org.apache.commons.math.stat.clustering.Cluster:<init>:48, 0.0
org.apache.commons.math.stat.clustering.Cluster:<init>:46, 0.0
org.apache.commons.math.stat.clustering.Cluster:<init>:47, 0.0
org.apache.commons.math.stat.clustering.Cluster:<init>:45, 0.0
org.apache.commons.math.stat.clustering.Cluster:getPoints:63, 0.0
org.apache.commons.math.stat.clustering.KMeansPlusPlusClusterer:cluster:65, 0.0
org.apache.commons.math.stat.clustering.KMeansPlusPlusClusterer:cluster:66, 0.0
org.apache.commons.math.stat.clustering.KMeansPlusPlusClusterer:getNearestCluster:153, 0.0
org.apache.commons.math.stat.clustering.KMeansPlusPlusClusterer:getNearestCluster:154, 0.0
org.apache.commons.math.stat.clustering.KMeansPlusPlusClusterer:cluster:77, 0.0
org.apache.commons.math.util.TransformerMap:classes:119, 0.0
org.apache.commons.math.util.TransformerMap:containsClass:63, 0.0
org.apache.commons.math.util.TransformerMap:clear:111, 0.0
org.apache.commons.math.util.TransformerMap:clear:112, 0.0
org.apache.commons.math.util.TransformerMap:containsTransformer:72, 0.0
org.apache.commons.math.util.DefaultTransformer:equals:66, 0.0
org.apache.commons.math.util.TransformerMap:removeTransformer:104, 0.0
org.apache.commons.math.util.TransformerMap:transformers:128, 0.0
org.apache.commons.math.transform.FastHadamardTransformer:fht:187, 0.0
org.apache.commons.math.transform.FastHadamardTransformer:fht:220, 0.0
org.apache.commons.math.transform.FastHadamardTransformer:fht:221, 0.0
org.apache.commons.math.transform.FastHadamardTransformer:fht:224, 0.0
org.apache.commons.math.transform.FastHadamardTransformer:fht:170, 0.0
org.apache.commons.math.transform.FastHadamardTransformer:fht:169, 0.0
org.apache.commons.math.transform.FastHadamardTransformer:fht:173, 0.0
org.apache.commons.math.transform.FastHadamardTransformer:fht:238, 0.0
org.apache.commons.math.transform.FastHadamardTransformer:fht:184, 0.0
org.apache.commons.math.transform.FastHadamardTransformer:fht:185, 0.0
org.apache.commons.math.transform.FastHadamardTransformer:fht:181, 0.0
org.apache.commons.math.transform.FastHadamardTransformer:fht:242, 0.0
org.apache.commons.math.transform.FastHadamardTransformer:fht:241, 0.0
org.apache.commons.math.transform.FastHadamardTransformer:fht:196, 0.0
org.apache.commons.math.transform.FastHadamardTransformer:fht:229, 0.0
org.apache.commons.math.transform.FastHadamardTransformer:fht:228, 0.0
org.apache.commons.math.transform.FastHadamardTransformer:fht:227, 0.0
org.apache.commons.math.transform.FastHadamardTransformer:fht:232, 0.0
org.apache.commons.math.transform.FastHadamardTransformer:fht:212, 0.0
org.apache.commons.math.transform.FastHadamardTransformer:fht:208, 0.0
org.apache.commons.math.transform.FastHadamardTransformer:fht:209, 0.0
org.apache.commons.math.transform.FastHadamardTransformer:fht:178, 0.0
org.apache.commons.math.transform.FastHadamardTransformer:fht:176, 0.0
org.apache.commons.math.transform.FastHadamardTransformer:fht:177, 0.0
org.apache.commons.math.transform.FastHadamardTransformer:fht:236, 0.0
org.apache.commons.math.transform.FastHadamardTransformer:fht:235, 0.0
org.apache.commons.math.transform.FastHadamardTransformer:fht:247, 0.0
org.apache.commons.math.transform.FastHadamardTransformer:fht:190, 0.0
org.apache.commons.math.transform.FastHadamardTransformer:fht:191, 0.0
org.apache.commons.math.transform.FastHadamardTransformer:transform:74, 0.0
org.apache.commons.math.transform.FastHadamardTransformer:inversetransform:52, 0.0
org.apache.commons.math.util.BigReal:equals:272, 0.0
org.apache.commons.math.util.BigRealField:<init>:40, 0.0
org.apache.commons.math.util.BigRealField:<init>:41, 0.0
org.apache.commons.math.util.BigRealField:<init>:33, 0.0
org.apache.commons.math.util.BigReal:<init>:56, 0.0
org.apache.commons.math.util.BigReal:<init>:63, 0.0
org.apache.commons.math.util.BigReal:<init>:62, 0.0
org.apache.commons.math.util.BigReal:<init>:53, 0.0
org.apache.commons.math.util.BigReal:<init>:61, 0.0
org.apache.commons.math.util.BigReal:equals:271, 0.0
org.apache.commons.math.util.BigReal:<clinit>:41, 0.0
org.apache.commons.math.util.BigReal:<clinit>:44, 0.0
org.apache.commons.math.util.BigRealField:getOne:52, 0.0
org.apache.commons.math.util.BigRealField$LazyHolder:<clinit>:66, 0.0
org.apache.commons.math.util.BigRealField:getZero:57, 0.0
org.apache.commons.math.util.BigReal:equals:278, 0.0
org.apache.commons.math.util.BigReal:equals:276, 0.0
org.apache.commons.math.util.BigReal:<init>:136, 0.0
org.apache.commons.math.util.BigReal:<init>:135, 0.0
org.apache.commons.math.util.BigReal:<init>:134, 0.0
org.apache.commons.math.util.BigReal:equals:275, 0.0
org.apache.commons.math.util.BigReal:hashCode:284, 0.0
org.apache.commons.math.util.BigReal:bigDecimalValue:265, 0.0
org.apache.commons.math.util.BigReal:<init>:93, 0.0
org.apache.commons.math.util.BigReal:<init>:95, 0.0
org.apache.commons.math.util.BigReal:<init>:94, 0.0
org.apache.commons.math.util.BigReal:<init>:68, 0.0
org.apache.commons.math.util.BigReal:<init>:69, 0.0
org.apache.commons.math.util.BigReal:<init>:70, 0.0
org.apache.commons.math.util.BigReal:<init>:157, 0.0
org.apache.commons.math.util.BigReal:<init>:158, 0.0
org.apache.commons.math.util.BigReal:<init>:159, 0.0
org.apache.commons.math.util.BigReal:<init>:110, 0.0
org.apache.commons.math.util.BigReal:<init>:111, 0.0
org.apache.commons.math.util.BigReal:<init>:109, 0.0
org.apache.commons.math.util.BigReal:<init>:166, 0.0
org.apache.commons.math.util.BigReal:<init>:165, 0.0
org.apache.commons.math.util.BigReal:<init>:164, 0.0
org.apache.commons.math.util.BigReal:doubleValue:258, 0.0
org.apache.commons.math.util.BigReal:<init>:119, 0.0
org.apache.commons.math.util.BigReal:<init>:121, 0.0
org.apache.commons.math.util.BigReal:<init>:120, 0.0
org.apache.commons.math.util.BigReal:<init>:76, 0.0
org.apache.commons.math.util.BigReal:<init>:77, 0.0
org.apache.commons.math.util.BigReal:<init>:78, 0.0
org.apache.commons.math.util.BigReal:<init>:102, 0.0
org.apache.commons.math.util.BigReal:<init>:100, 0.0
org.apache.commons.math.util.BigReal:<init>:101, 0.0
org.apache.commons.math.util.BigReal:<init>:129, 0.0
org.apache.commons.math.util.BigReal:<init>:127, 0.0
org.apache.commons.math.util.BigReal:<init>:128, 0.0
org.apache.commons.math.util.BigReal:<init>:85, 0.0
org.apache.commons.math.util.BigReal:<init>:87, 0.0
org.apache.commons.math.util.BigReal:<init>:86, 0.0
org.apache.commons.math.util.BigReal:<init>:179, 0.0
org.apache.commons.math.util.BigReal:<init>:180, 0.0
org.apache.commons.math.util.BigReal:<init>:181, 0.0
org.apache.commons.math.util.BigReal:<init>:187, 0.0
org.apache.commons.math.util.BigReal:<init>:188, 0.0
org.apache.commons.math.util.BigReal:<init>:189, 0.0
org.apache.commons.math.util.BigReal:<init>:174, 0.0
org.apache.commons.math.util.BigReal:<init>:173, 0.0
org.apache.commons.math.util.BigReal:<init>:172, 0.0
org.apache.commons.math.util.BigReal:<init>:149, 0.0
org.apache.commons.math.util.BigReal:<init>:150, 0.0
org.apache.commons.math.util.BigReal:<init>:151, 0.0
org.apache.commons.math.util.BigReal:<init>:144, 0.0
org.apache.commons.math.util.BigReal:<init>:143, 0.0
org.apache.commons.math.util.BigReal:<init>:142, 0.0
org.apache.commons.math.util.BigReal:compareTo:251, 0.0
org.apache.commons.math.util.MathUtils:addAndCheck:142, 0.0
org.apache.commons.math.util.MathUtils:addAndCheck:143, 0.0
org.apache.commons.math.util.MathUtils:addAndCheck:145, 0.0
org.apache.commons.math.util.MathUtils:addAndCheck:140, 0.0
org.apache.commons.math.util.MathUtils:addAndCheck:149, 0.0
org.apache.commons.math.util.MathUtils:equals:453, 0.0
org.apache.commons.math.util.MathUtils:equals:452, 0.0
org.apache.commons.math.util.MathUtils:equals:456, 0.0
org.apache.commons.math.util.MathUtils:equals:459, 0.0
org.apache.commons.math.util.MathUtils:equals:463, 0.0
org.apache.commons.math.util.MathUtils:equals:450, 0.0
org.apache.commons.math.util.MathUtils:equals:457, 0.0
org.apache.commons.math.util.MathUtils:equals:460, 0.0
org.apache.commons.math.util.MathUtils:indicator:794, 0.0
org.apache.commons.math.util.MathUtils:indicator:833, 0.0
org.apache.commons.math.util.MathUtils:indicator:843, 0.0
org.apache.commons.math.util.MathUtils:indicator:854, 0.0
org.apache.commons.math.util.MathUtils:distance1:1711, 0.0
org.apache.commons.math.util.MathUtils:distance1:1708, 0.0
org.apache.commons.math.util.MathUtils:distance1:1707, 0.0
org.apache.commons.math.util.MathUtils:distance1:1709, 0.0
org.apache.commons.math.util.MathUtils:distance1:1724, 0.0
org.apache.commons.math.util.MathUtils:distance1:1723, 0.0
org.apache.commons.math.util.MathUtils:distance1:1726, 0.0
org.apache.commons.math.util.MathUtils:distance1:1722, 0.0
org.apache.commons.math.util.MathUtils:distance:1738, 0.0
org.apache.commons.math.util.MathUtils:distance:1737, 0.0
org.apache.commons.math.util.MathUtils:distance:1742, 0.0
org.apache.commons.math.util.MathUtils:distance:1739, 0.0
org.apache.commons.math.util.MathUtils:distance:1740, 0.0
org.apache.commons.math.util.MathUtils:distanceInf:1770, 0.0
org.apache.commons.math.util.MathUtils:distanceInf:1769, 0.0
org.apache.commons.math.util.MathUtils:distanceInf:1773, 0.0
org.apache.commons.math.util.MathUtils:distanceInf:1771, 0.0
org.apache.commons.math.util.MathUtils:distanceInf:1784, 0.0
org.apache.commons.math.util.MathUtils:distanceInf:1785, 0.0
org.apache.commons.math.util.MathUtils:distanceInf:1788, 0.0
org.apache.commons.math.util.MathUtils:distanceInf:1786, 0.0
org.apache.commons.math.util.MathUtils:log:945, 0.0
org.apache.commons.math.util.MathUtils:mulAndCheck:989, 0.0
org.apache.commons.math.util.MathUtils:mulAndCheck:1015, 0.0
org.apache.commons.math.util.MathUtils:mulAndCheck:996, 0.0
org.apache.commons.math.util.MathUtils:mulAndCheck:1001, 0.0
org.apache.commons.math.util.MathUtils:nextAfter:1058, 0.0
org.apache.commons.math.util.MathUtils:nextAfter:1067, 0.0
org.apache.commons.math.util.MathUtils:scalb:1091, 0.0
org.apache.commons.math.util.MathUtils:scalb:1100, 0.0
org.apache.commons.math.util.MathUtils:scalb:1101, 0.0
org.apache.commons.math.util.MathUtils:scalb:1095, 0.0
org.apache.commons.math.util.MathUtils:scalb:1096, 0.0
org.apache.commons.math.util.MathUtils:scalb:1097, 0.0
org.apache.commons.math.util.MathUtils:scalb:1090, 0.0
org.apache.commons.math.util.MathUtils:sign:1361, 0.0
org.apache.commons.math.util.MathUtils:sign:1426, 0.0
org.apache.commons.math.util.MathUtils:sign:1441, 0.0
org.apache.commons.math.util.MathUtils:subAndCheck:1496, 0.0
org.apache.commons.math.util.MathUtils:subAndCheck:1494, 0.0
org.apache.commons.math.util.MathUtils:subAndCheck:1488, 0.0
org.apache.commons.math.util.MathUtils:subAndCheck:1490, 0.0
org.apache.commons.math.util.MathUtils:subAndCheck:1486, 0.0
org.apache.commons.math.util.MathUtils:subAndCheck:1485, 0.0
org.apache.commons.math.util.MathUtils:subAndCheck:1487, 0.0
