CodeElement, SuspiciousScore
com.google.javascript.jscomp.TypeCheck#visitNew(com.google.javascript.jscomp.NodeTraversal,com.google.javascript.rhino.Node):1662, 7.6496572135955
com.google.javascript.jscomp.TypeCheck#visitNew(com.google.javascript.jscomp.NodeTraversal,com.google.javascript.rhino.Node):1663, 7.6496572135955
com.google.javascript.jscomp.TypeCheck#visitNew(com.google.javascript.jscomp.NodeTraversal,com.google.javascript.rhino.Node):1660, 7.649654115591685
com.google.javascript.jscomp.TypeCheck#visitNew(com.google.javascript.jscomp.NodeTraversal,com.google.javascript.rhino.Node):1661, 7.649654115591685
com.google.javascript.jscomp.TypeCheck#visitNew(com.google.javascript.jscomp.NodeTraversal,com.google.javascript.rhino.Node):1657, 7.649640730492254
com.google.javascript.jscomp.TypeCheck#visitNew(com.google.javascript.jscomp.NodeTraversal,com.google.javascript.rhino.Node):1658, 7.649640730492254
com.google.javascript.jscomp.TypeCheck#visitNew(com.google.javascript.jscomp.NodeTraversal,com.google.javascript.rhino.Node):1659, 7.649640730492254
com.google.javascript.jscomp.TypeCheck#visitNew(com.google.javascript.jscomp.NodeTraversal,com.google.javascript.rhino.Node):1665, 7.64921
com.google.javascript.jscomp.TypeCheck#visitNew(com.google.javascript.jscomp.NodeTraversal,com.google.javascript.rhino.Node):1667, 7.64921
com.google.javascript.jscomp.TypeCheck#visitNew(com.google.javascript.jscomp.NodeTraversal,com.google.javascript.rhino.Node):1668, 7.64921
com.google.javascript.jscomp.TypeCheck#visitNew(com.google.javascript.jscomp.NodeTraversal,com.google.javascript.rhino.Node):1669, 7.64921
com.google.javascript.jscomp.TypeCheck#visitNew(com.google.javascript.jscomp.NodeTraversal,com.google.javascript.rhino.Node):1671, 7.64921
com.google.javascript.jscomp.JSModule#add(com.google.javascript.jscomp.CompilerInput):104, 6.873037744032577
com.google.javascript.jscomp.JSModule#add(com.google.javascript.jscomp.CompilerInput):105, 6.873037744032577
com.google.javascript.jscomp.JSModule#add(com.google.javascript.jscomp.CompilerInput):106, 6.873037744032577
com.google.javascript.rhino.jstype.FunctionType#supAndInfHelper(com.google.javascript.rhino.jstype.FunctionType,boolean):790, 6.3683640925533895
com.google.javascript.rhino.jstype.FunctionType#supAndInfHelper(com.google.javascript.rhino.jstype.FunctionType,boolean):792, 6.3683640925533895
com.google.javascript.rhino.jstype.FunctionType#supAndInfHelper(com.google.javascript.rhino.jstype.FunctionType,boolean):794, 6.3683640925533895
com.google.javascript.rhino.jstype.FunctionType#supAndInfHelper(com.google.javascript.rhino.jstype.FunctionType,boolean):780, 6.368335978352085
com.google.javascript.rhino.jstype.FunctionType#supAndInfHelper(com.google.javascript.rhino.jstype.FunctionType,boolean):776, 6.36831
com.google.javascript.rhino.jstype.FunctionType#supAndInfHelper(com.google.javascript.rhino.jstype.FunctionType,boolean):778, 6.36831
com.google.javascript.rhino.jstype.FunctionType#supAndInfHelper(com.google.javascript.rhino.jstype.FunctionType,boolean):753, 6.368254911182523
com.google.javascript.rhino.jstype.FunctionType#supAndInfHelper(com.google.javascript.rhino.jstype.FunctionType,boolean):743, 6.3681870580193065
com.google.javascript.rhino.jstype.FunctionType#supAndInfHelper(com.google.javascript.rhino.jstype.FunctionType,boolean):745, 6.3681870580193065
com.google.javascript.rhino.jstype.FunctionType#supAndInfHelper(com.google.javascript.rhino.jstype.FunctionType,boolean):746, 6.36731
com.google.javascript.rhino.jstype.FunctionType#supAndInfHelper(com.google.javascript.rhino.jstype.FunctionType,boolean):759, 6.36731
com.google.javascript.rhino.jstype.FunctionType#supAndInfHelper(com.google.javascript.rhino.jstype.FunctionType,boolean):760, 6.36731
com.google.javascript.rhino.jstype.FunctionType#supAndInfHelper(com.google.javascript.rhino.jstype.FunctionType,boolean):761, 6.36731
com.google.javascript.rhino.jstype.FunctionType#supAndInfHelper(com.google.javascript.rhino.jstype.FunctionType,boolean):762, 6.36731
com.google.javascript.rhino.jstype.FunctionType#supAndInfHelper(com.google.javascript.rhino.jstype.FunctionType,boolean):763, 6.36731
com.google.javascript.rhino.jstype.FunctionType#supAndInfHelper(com.google.javascript.rhino.jstype.FunctionType,boolean):764, 6.36731
com.google.javascript.rhino.jstype.FunctionType#supAndInfHelper(com.google.javascript.rhino.jstype.FunctionType,boolean):768, 6.36731
com.google.javascript.rhino.jstype.FunctionType#supAndInfHelper(com.google.javascript.rhino.jstype.FunctionType,boolean):769, 6.36731
com.google.javascript.rhino.jstype.FunctionType#supAndInfHelper(com.google.javascript.rhino.jstype.FunctionType,boolean):770, 6.36731
com.google.javascript.rhino.jstype.FunctionType#supAndInfHelper(com.google.javascript.rhino.jstype.FunctionType,boolean):779, 6.36731
com.google.javascript.rhino.jstype.FunctionType#supAndInfHelper(com.google.javascript.rhino.jstype.FunctionType,boolean):781, 6.36731
com.google.javascript.jscomp.type.SemanticReverseAbstractInterpreter#getPreciserScopeKnowingConditionOutcome(com.google.javascript.rhino.Node,com.google.javascript.jscomp.type.FlowScope,boolean):202, 6.315182277660169
com.google.javascript.jscomp.type.SemanticReverseAbstractInterpreter#getPreciserScopeKnowingConditionOutcome(com.google.javascript.rhino.Node,com.google.javascript.jscomp.type.FlowScope,boolean):203, 6.315182277660169
com.google.javascript.jscomp.type.SemanticReverseAbstractInterpreter#getPreciserScopeKnowingConditionOutcome(com.google.javascript.rhino.Node,com.google.javascript.jscomp.type.FlowScope,boolean):205, 6.315182277660169
com.google.javascript.jscomp.type.SemanticReverseAbstractInterpreter#getPreciserScopeKnowingConditionOutcome(com.google.javascript.rhino.Node,com.google.javascript.jscomp.type.FlowScope,boolean):149, 6.313056951694731
com.google.javascript.jscomp.type.SemanticReverseAbstractInterpreter#getPreciserScopeKnowingConditionOutcome(com.google.javascript.rhino.Node,com.google.javascript.jscomp.type.FlowScope,boolean):140, 6.312936698497029
com.google.javascript.jscomp.type.SemanticReverseAbstractInterpreter#getPreciserScopeKnowingConditionOutcome(com.google.javascript.rhino.Node,com.google.javascript.jscomp.type.FlowScope,boolean):141, 6.312936698497029
com.google.javascript.jscomp.type.SemanticReverseAbstractInterpreter#getPreciserScopeKnowingConditionOutcome(com.google.javascript.rhino.Node,com.google.javascript.jscomp.type.FlowScope,boolean):136, 6.312862151921067
com.google.javascript.jscomp.type.SemanticReverseAbstractInterpreter#getPreciserScopeKnowingConditionOutcome(com.google.javascript.rhino.Node,com.google.javascript.jscomp.type.FlowScope,boolean):144, 6.312862151921067
com.google.javascript.jscomp.type.SemanticReverseAbstractInterpreter#getPreciserScopeKnowingConditionOutcome(com.google.javascript.rhino.Node,com.google.javascript.jscomp.type.FlowScope,boolean):145, 6.312862151921067
com.google.javascript.jscomp.type.SemanticReverseAbstractInterpreter#getPreciserScopeKnowingConditionOutcome(com.google.javascript.rhino.Node,com.google.javascript.jscomp.type.FlowScope,boolean):146, 6.312862151921067
com.google.javascript.jscomp.type.SemanticReverseAbstractInterpreter#getPreciserScopeKnowingConditionOutcome(com.google.javascript.rhino.Node,com.google.javascript.jscomp.type.FlowScope,boolean):154, 6.312862151921067
com.google.javascript.jscomp.type.SemanticReverseAbstractInterpreter#getPreciserScopeKnowingConditionOutcome(com.google.javascript.rhino.Node,com.google.javascript.jscomp.type.FlowScope,boolean):168, 6.312465877962068
com.google.javascript.jscomp.type.SemanticReverseAbstractInterpreter#getPreciserScopeKnowingConditionOutcome(com.google.javascript.rhino.Node,com.google.javascript.jscomp.type.FlowScope,boolean):127, 6.312450331482912
com.google.javascript.jscomp.type.SemanticReverseAbstractInterpreter#getPreciserScopeKnowingConditionOutcome(com.google.javascript.rhino.Node,com.google.javascript.jscomp.type.FlowScope,boolean):128, 6.312450331482912
com.google.javascript.jscomp.type.SemanticReverseAbstractInterpreter#getPreciserScopeKnowingConditionOutcome(com.google.javascript.rhino.Node,com.google.javascript.jscomp.type.FlowScope,boolean):137, 6.31202
com.google.javascript.jscomp.type.SemanticReverseAbstractInterpreter#getPreciserScopeKnowingConditionOutcome(com.google.javascript.rhino.Node,com.google.javascript.jscomp.type.FlowScope,boolean):138, 6.31202
com.google.javascript.jscomp.type.SemanticReverseAbstractInterpreter#getPreciserScopeKnowingConditionOutcome(com.google.javascript.rhino.Node,com.google.javascript.jscomp.type.FlowScope,boolean):147, 6.31202
com.google.javascript.jscomp.type.SemanticReverseAbstractInterpreter#getPreciserScopeKnowingConditionOutcome(com.google.javascript.rhino.Node,com.google.javascript.jscomp.type.FlowScope,boolean):148, 6.31202
com.google.javascript.jscomp.type.SemanticReverseAbstractInterpreter#getPreciserScopeKnowingConditionOutcome(com.google.javascript.rhino.Node,com.google.javascript.jscomp.type.FlowScope,boolean):151, 6.31202
com.google.javascript.jscomp.type.SemanticReverseAbstractInterpreter#getPreciserScopeKnowingConditionOutcome(com.google.javascript.rhino.Node,com.google.javascript.jscomp.type.FlowScope,boolean):152, 6.31202
com.google.javascript.jscomp.type.SemanticReverseAbstractInterpreter#getPreciserScopeKnowingConditionOutcome(com.google.javascript.rhino.Node,com.google.javascript.jscomp.type.FlowScope,boolean):155, 6.31202
com.google.javascript.jscomp.type.SemanticReverseAbstractInterpreter#getPreciserScopeKnowingConditionOutcome(com.google.javascript.rhino.Node,com.google.javascript.jscomp.type.FlowScope,boolean):156, 6.31202
com.google.javascript.jscomp.type.SemanticReverseAbstractInterpreter#getPreciserScopeKnowingConditionOutcome(com.google.javascript.rhino.Node,com.google.javascript.jscomp.type.FlowScope,boolean):157, 6.31202
com.google.javascript.jscomp.type.SemanticReverseAbstractInterpreter#getPreciserScopeKnowingConditionOutcome(com.google.javascript.rhino.Node,com.google.javascript.jscomp.type.FlowScope,boolean):158, 6.31202
com.google.javascript.jscomp.type.SemanticReverseAbstractInterpreter#getPreciserScopeKnowingConditionOutcome(com.google.javascript.rhino.Node,com.google.javascript.jscomp.type.FlowScope,boolean):160, 6.31202
com.google.javascript.jscomp.type.SemanticReverseAbstractInterpreter#getPreciserScopeKnowingConditionOutcome(com.google.javascript.rhino.Node,com.google.javascript.jscomp.type.FlowScope,boolean):161, 6.31202
com.google.javascript.jscomp.type.SemanticReverseAbstractInterpreter#getPreciserScopeKnowingConditionOutcome(com.google.javascript.rhino.Node,com.google.javascript.jscomp.type.FlowScope,boolean):163, 6.31202
com.google.javascript.jscomp.type.SemanticReverseAbstractInterpreter#getPreciserScopeKnowingConditionOutcome(com.google.javascript.rhino.Node,com.google.javascript.jscomp.type.FlowScope,boolean):170, 6.31202
com.google.javascript.jscomp.type.SemanticReverseAbstractInterpreter#getPreciserScopeKnowingConditionOutcome(com.google.javascript.rhino.Node,com.google.javascript.jscomp.type.FlowScope,boolean):171, 6.31202
com.google.javascript.jscomp.type.SemanticReverseAbstractInterpreter#getPreciserScopeKnowingConditionOutcome(com.google.javascript.rhino.Node,com.google.javascript.jscomp.type.FlowScope,boolean):174, 6.31202
com.google.javascript.jscomp.type.SemanticReverseAbstractInterpreter#getPreciserScopeKnowingConditionOutcome(com.google.javascript.rhino.Node,com.google.javascript.jscomp.type.FlowScope,boolean):179, 6.31202
com.google.javascript.jscomp.type.SemanticReverseAbstractInterpreter#getPreciserScopeKnowingConditionOutcome(com.google.javascript.rhino.Node,com.google.javascript.jscomp.type.FlowScope,boolean):180, 6.31202
com.google.javascript.jscomp.type.SemanticReverseAbstractInterpreter#getPreciserScopeKnowingConditionOutcome(com.google.javascript.rhino.Node,com.google.javascript.jscomp.type.FlowScope,boolean):183, 6.31202
com.google.javascript.jscomp.type.SemanticReverseAbstractInterpreter#getPreciserScopeKnowingConditionOutcome(com.google.javascript.rhino.Node,com.google.javascript.jscomp.type.FlowScope,boolean):188, 6.31202
com.google.javascript.jscomp.type.SemanticReverseAbstractInterpreter#getPreciserScopeKnowingConditionOutcome(com.google.javascript.rhino.Node,com.google.javascript.jscomp.type.FlowScope,boolean):189, 6.31202
com.google.javascript.jscomp.type.SemanticReverseAbstractInterpreter#getPreciserScopeKnowingConditionOutcome(com.google.javascript.rhino.Node,com.google.javascript.jscomp.type.FlowScope,boolean):191, 6.31202
com.google.javascript.jscomp.type.SemanticReverseAbstractInterpreter#getPreciserScopeKnowingConditionOutcome(com.google.javascript.rhino.Node,com.google.javascript.jscomp.type.FlowScope,boolean):195, 6.31202
com.google.javascript.jscomp.type.SemanticReverseAbstractInterpreter#getPreciserScopeKnowingConditionOutcome(com.google.javascript.rhino.Node,com.google.javascript.jscomp.type.FlowScope,boolean):196, 6.31202
com.google.javascript.jscomp.type.SemanticReverseAbstractInterpreter#getPreciserScopeKnowingConditionOutcome(com.google.javascript.rhino.Node,com.google.javascript.jscomp.type.FlowScope,boolean):198, 6.31202
com.google.javascript.jscomp.type.SemanticReverseAbstractInterpreter#getPreciserScopeKnowingConditionOutcome(com.google.javascript.rhino.Node,com.google.javascript.jscomp.type.FlowScope,boolean):209, 6.31202
com.google.javascript.jscomp.type.SemanticReverseAbstractInterpreter#getPreciserScopeKnowingConditionOutcome(com.google.javascript.rhino.Node,com.google.javascript.jscomp.type.FlowScope,boolean):210, 6.31202
com.google.javascript.jscomp.type.SemanticReverseAbstractInterpreter#getPreciserScopeKnowingConditionOutcome(com.google.javascript.rhino.Node,com.google.javascript.jscomp.type.FlowScope,boolean):212, 6.31202
com.google.javascript.jscomp.type.SemanticReverseAbstractInterpreter#getPreciserScopeKnowingConditionOutcome(com.google.javascript.rhino.Node,com.google.javascript.jscomp.type.FlowScope,boolean):217, 6.31202
com.google.javascript.jscomp.type.SemanticReverseAbstractInterpreter#getPreciserScopeKnowingConditionOutcome(com.google.javascript.rhino.Node,com.google.javascript.jscomp.type.FlowScope,boolean):220, 6.31202
com.google.javascript.jscomp.type.SemanticReverseAbstractInterpreter#getPreciserScopeKnowingConditionOutcome(com.google.javascript.rhino.Node,com.google.javascript.jscomp.type.FlowScope,boolean):227, 6.31202
com.google.javascript.jscomp.type.SemanticReverseAbstractInterpreter#getPreciserScopeKnowingConditionOutcome(com.google.javascript.rhino.Node,com.google.javascript.jscomp.type.FlowScope,boolean):234, 6.31202
com.google.javascript.jscomp.type.SemanticReverseAbstractInterpreter#getPreciserScopeKnowingConditionOutcome(com.google.javascript.rhino.Node,com.google.javascript.jscomp.type.FlowScope,boolean):235, 6.31202
com.google.javascript.jscomp.type.SemanticReverseAbstractInterpreter#getPreciserScopeKnowingConditionOutcome(com.google.javascript.rhino.Node,com.google.javascript.jscomp.type.FlowScope,boolean):240, 6.31202
com.google.javascript.jscomp.type.SemanticReverseAbstractInterpreter#getPreciserScopeKnowingConditionOutcome(com.google.javascript.rhino.Node,com.google.javascript.jscomp.type.FlowScope,boolean):245, 6.31202
com.google.javascript.jscomp.type.SemanticReverseAbstractInterpreter#getPreciserScopeKnowingConditionOutcome(com.google.javascript.rhino.Node,com.google.javascript.jscomp.type.FlowScope,boolean):246, 6.31202
com.google.javascript.jscomp.type.SemanticReverseAbstractInterpreter#getPreciserScopeKnowingConditionOutcome(com.google.javascript.rhino.Node,com.google.javascript.jscomp.type.FlowScope,boolean):252, 6.31202
com.google.javascript.jscomp.type.SemanticReverseAbstractInterpreter#getPreciserScopeKnowingConditionOutcome(com.google.javascript.rhino.Node,com.google.javascript.jscomp.type.FlowScope,boolean):254, 6.31202
com.google.javascript.jscomp.type.SemanticReverseAbstractInterpreter#getPreciserScopeKnowingConditionOutcome(com.google.javascript.rhino.Node,com.google.javascript.jscomp.type.FlowScope,boolean):255, 6.31202
com.google.javascript.jscomp.type.SemanticReverseAbstractInterpreter#getPreciserScopeKnowingConditionOutcome(com.google.javascript.rhino.Node,com.google.javascript.jscomp.type.FlowScope,boolean):256, 6.31202
com.google.javascript.jscomp.type.SemanticReverseAbstractInterpreter#getPreciserScopeKnowingConditionOutcome(com.google.javascript.rhino.Node,com.google.javascript.jscomp.type.FlowScope,boolean):258, 6.31202
com.google.javascript.jscomp.type.SemanticReverseAbstractInterpreter#getPreciserScopeKnowingConditionOutcome(com.google.javascript.rhino.Node,com.google.javascript.jscomp.type.FlowScope,boolean):261, 6.31202
com.google.javascript.jscomp.type.SemanticReverseAbstractInterpreter#caseEquality(com.google.javascript.rhino.Node,com.google.javascript.rhino.Node,com.google.javascript.jscomp.type.FlowScope,com.google.common.base.Function):287, 6.299861737618886
com.google.javascript.jscomp.type.SemanticReverseAbstractInterpreter#caseEquality(com.google.javascript.rhino.Node,com.google.javascript.rhino.Node,com.google.javascript.jscomp.type.FlowScope,com.google.common.base.Function):277, 6.29930503781526
com.google.javascript.jscomp.type.SemanticReverseAbstractInterpreter#caseEquality(com.google.javascript.rhino.Node,com.google.javascript.rhino.Node,com.google.javascript.jscomp.type.FlowScope,com.google.common.base.Function):298, 6.299201669634668
com.google.javascript.jscomp.type.SemanticReverseAbstractInterpreter#caseEquality(com.google.javascript.rhino.Node,com.google.javascript.rhino.Node,com.google.javascript.jscomp.type.FlowScope,com.google.common.base.Function):274, 6.299198026510134
com.google.javascript.jscomp.type.SemanticReverseAbstractInterpreter#caseEquality(com.google.javascript.rhino.Node,com.google.javascript.rhino.Node,com.google.javascript.jscomp.type.FlowScope,com.google.common.base.Function):276, 6.299198026510134
com.google.javascript.jscomp.type.SemanticReverseAbstractInterpreter#caseEquality(com.google.javascript.rhino.Node,com.google.javascript.rhino.Node,com.google.javascript.jscomp.type.FlowScope,com.google.common.base.Function):284, 6.299198026510134
com.google.javascript.jscomp.type.SemanticReverseAbstractInterpreter#caseEquality(com.google.javascript.rhino.Node,com.google.javascript.rhino.Node,com.google.javascript.jscomp.type.FlowScope,com.google.common.base.Function):286, 6.299198026510134
com.google.javascript.jscomp.type.SemanticReverseAbstractInterpreter#caseEquality(com.google.javascript.rhino.Node,com.google.javascript.rhino.Node,com.google.javascript.jscomp.type.FlowScope,com.google.common.base.Function):294, 6.299198026510134
com.google.javascript.jscomp.type.SemanticReverseAbstractInterpreter#caseEquality(com.google.javascript.rhino.Node,com.google.javascript.rhino.Node,com.google.javascript.jscomp.type.FlowScope,com.google.common.base.Function):297, 6.299198026510134
com.google.javascript.jscomp.type.SemanticReverseAbstractInterpreter#caseEquality(com.google.javascript.rhino.Node,com.google.javascript.rhino.Node,com.google.javascript.jscomp.type.FlowScope,com.google.common.base.Function):279, 6.2983
com.google.javascript.jscomp.type.SemanticReverseAbstractInterpreter#caseEquality(com.google.javascript.rhino.Node,com.google.javascript.rhino.Node,com.google.javascript.jscomp.type.FlowScope,com.google.common.base.Function):280, 6.2983
com.google.javascript.jscomp.type.SemanticReverseAbstractInterpreter#caseEquality(com.google.javascript.rhino.Node,com.google.javascript.rhino.Node,com.google.javascript.jscomp.type.FlowScope,com.google.common.base.Function):289, 6.2983
com.google.javascript.jscomp.type.SemanticReverseAbstractInterpreter#caseEquality(com.google.javascript.rhino.Node,com.google.javascript.rhino.Node,com.google.javascript.jscomp.type.FlowScope,com.google.common.base.Function):290, 6.2983
com.google.javascript.jscomp.type.SemanticReverseAbstractInterpreter#caseEquality(com.google.javascript.rhino.Node,com.google.javascript.rhino.Node,com.google.javascript.jscomp.type.FlowScope,com.google.common.base.Function):303, 6.2983
com.google.javascript.jscomp.type.SemanticReverseAbstractInterpreter.3#apply(com.google.javascript.rhino.jstype.JSType.TypePair):83, 6.282574985851425
com.google.javascript.jscomp.type.SemanticReverseAbstractInterpreter.3#apply(com.google.javascript.rhino.jstype.JSType.TypePair):80, 6.282550308509457
com.google.javascript.jscomp.type.SemanticReverseAbstractInterpreter.3#apply(com.google.javascript.rhino.jstype.JSType.TypePair):81, 6.28086
com.google.javascript.rhino.jstype.JSType#getGreatestSubtype(com.google.javascript.rhino.jstype.JSType,com.google.javascript.rhino.jstype.JSType):958, 6.25704
com.google.javascript.rhino.jstype.JSType#getGreatestSubtype(com.google.javascript.rhino.jstype.JSType,com.google.javascript.rhino.jstype.JSType):952, 6.25550676002801
com.google.javascript.rhino.jstype.JSType#getGreatestSubtype(com.google.javascript.rhino.jstype.JSType,com.google.javascript.rhino.jstype.JSType):960, 6.25504
com.google.javascript.rhino.jstype.JSType#getGreatestSubtype(com.google.javascript.rhino.jstype.JSType,com.google.javascript.rhino.jstype.JSType):961, 6.25504
com.google.javascript.rhino.jstype.JSType#getGreatestSubtype(com.google.javascript.rhino.jstype.JSType,com.google.javascript.rhino.jstype.JSType):962, 6.25504
com.google.javascript.rhino.jstype.JSType#getGreatestSubtype(com.google.javascript.rhino.jstype.JSType,com.google.javascript.rhino.jstype.JSType):965, 6.25504
com.google.javascript.rhino.jstype.JSType#getGreatestSubtype(com.google.javascript.rhino.jstype.JSType,com.google.javascript.rhino.jstype.JSType):967, 6.25504
com.google.javascript.rhino.jstype.JSType#getGreatestSubtype(com.google.javascript.rhino.jstype.JSType,com.google.javascript.rhino.jstype.JSType):968, 6.25504
com.google.javascript.rhino.jstype.JSType#getGreatestSubtype(com.google.javascript.rhino.jstype.JSType,com.google.javascript.rhino.jstype.JSType):969, 6.25504
com.google.javascript.rhino.jstype.JSType#getGreatestSubtype(com.google.javascript.rhino.jstype.JSType,com.google.javascript.rhino.jstype.JSType):970, 6.25504
com.google.javascript.rhino.jstype.JSType#getGreatestSubtype(com.google.javascript.rhino.jstype.JSType,com.google.javascript.rhino.jstype.JSType):971, 6.25504
com.google.javascript.rhino.jstype.JSType#getGreatestSubtype(com.google.javascript.rhino.jstype.JSType,com.google.javascript.rhino.jstype.JSType):972, 6.25504
com.google.javascript.rhino.jstype.JSType#getGreatestSubtype(com.google.javascript.rhino.jstype.JSType,com.google.javascript.rhino.jstype.JSType):974, 6.25504
com.google.javascript.rhino.jstype.JSType#getGreatestSubtype(com.google.javascript.rhino.jstype.JSType,com.google.javascript.rhino.jstype.JSType):975, 6.25504
com.google.javascript.rhino.jstype.JSType#getGreatestSubtype(com.google.javascript.rhino.jstype.JSType,com.google.javascript.rhino.jstype.JSType):977, 6.25504
com.google.javascript.rhino.jstype.JSType#getGreatestSubtype(com.google.javascript.rhino.jstype.JSType,com.google.javascript.rhino.jstype.JSType):978, 6.25504
com.google.javascript.rhino.jstype.JSType#getGreatestSubtype(com.google.javascript.rhino.jstype.JSType,com.google.javascript.rhino.jstype.JSType):979, 6.25504
com.google.javascript.rhino.jstype.JSType#getGreatestSubtype(com.google.javascript.rhino.jstype.JSType,com.google.javascript.rhino.jstype.JSType):980, 6.25504
com.google.javascript.rhino.jstype.JSType#getGreatestSubtype(com.google.javascript.rhino.jstype.JSType,com.google.javascript.rhino.jstype.JSType):981, 6.25504
com.google.javascript.rhino.jstype.JSType#getGreatestSubtype(com.google.javascript.rhino.jstype.JSType,com.google.javascript.rhino.jstype.JSType):982, 6.25504
com.google.javascript.rhino.jstype.JSType#getGreatestSubtype(com.google.javascript.rhino.jstype.JSType,com.google.javascript.rhino.jstype.JSType):983, 6.25504
com.google.javascript.rhino.jstype.JSType#getGreatestSubtype(com.google.javascript.rhino.jstype.JSType,com.google.javascript.rhino.jstype.JSType):984, 6.25504
com.google.javascript.rhino.jstype.JSType#getGreatestSubtype(com.google.javascript.rhino.jstype.JSType,com.google.javascript.rhino.jstype.JSType):987, 6.25504
com.google.javascript.rhino.jstype.JSType#getGreatestSubtype(com.google.javascript.rhino.jstype.JSType,com.google.javascript.rhino.jstype.JSType):988, 6.25504
com.google.javascript.rhino.jstype.JSType#getGreatestSubtype(com.google.javascript.rhino.jstype.JSType,com.google.javascript.rhino.jstype.JSType):989, 6.25504
com.google.javascript.rhino.jstype.JSType#getGreatestSubtype(com.google.javascript.rhino.jstype.JSType,com.google.javascript.rhino.jstype.JSType):990, 6.25504
com.google.javascript.rhino.jstype.JSType#getGreatestSubtype(com.google.javascript.rhino.jstype.JSType,com.google.javascript.rhino.jstype.JSType):992, 6.25504
com.google.javascript.rhino.jstype.JSType#getGreatestSubtype(com.google.javascript.rhino.jstype.JSType,com.google.javascript.rhino.jstype.JSType):993, 6.25504
com.google.javascript.rhino.jstype.JSType#getGreatestSubtype(com.google.javascript.rhino.jstype.JSType,com.google.javascript.rhino.jstype.JSType):994, 6.25504
com.google.javascript.rhino.jstype.JSType#getGreatestSubtype(com.google.javascript.rhino.jstype.JSType,com.google.javascript.rhino.jstype.JSType):995, 6.25504
com.google.javascript.rhino.jstype.JSType#getGreatestSubtype(com.google.javascript.rhino.jstype.JSType,com.google.javascript.rhino.jstype.JSType):999, 6.25504
com.google.javascript.rhino.jstype.JSType#getGreatestSubtype(com.google.javascript.rhino.jstype.JSType,com.google.javascript.rhino.jstype.JSType):1000, 6.25504
com.google.javascript.rhino.jstype.JSType#getGreatestSubtype(com.google.javascript.rhino.jstype.JSType,com.google.javascript.rhino.jstype.JSType):1002, 6.25504
com.google.javascript.jscomp.type.SemanticReverseAbstractInterpreter#maybeRestrictTwoNames(com.google.javascript.jscomp.type.FlowScope,com.google.javascript.rhino.Node,com.google.javascript.rhino.jstype.JSType,com.google.javascript.rhino.jstype.JSType,com.google.javascript.rhino.Node,com.google.javascript.rhino.jstype.JSType,com.google.javascript.rhino.jstype.JSType):423, 6.23202124145232
com.google.javascript.jscomp.type.SemanticReverseAbstractInterpreter#maybeRestrictTwoNames(com.google.javascript.jscomp.type.FlowScope,com.google.javascript.rhino.Node,com.google.javascript.rhino.jstype.JSType,com.google.javascript.rhino.jstype.JSType,com.google.javascript.rhino.Node,com.google.javascript.rhino.jstype.JSType,com.google.javascript.rhino.jstype.JSType):420, 6.231192678125182
com.google.javascript.jscomp.type.SemanticReverseAbstractInterpreter#maybeRestrictTwoNames(com.google.javascript.jscomp.type.FlowScope,com.google.javascript.rhino.Node,com.google.javascript.rhino.jstype.JSType,com.google.javascript.rhino.jstype.JSType,com.google.javascript.rhino.Node,com.google.javascript.rhino.jstype.JSType,com.google.javascript.rhino.jstype.JSType):418, 6.231142476387438
com.google.javascript.jscomp.type.SemanticReverseAbstractInterpreter#maybeRestrictTwoNames(com.google.javascript.jscomp.type.FlowScope,com.google.javascript.rhino.Node,com.google.javascript.rhino.jstype.JSType,com.google.javascript.rhino.jstype.JSType,com.google.javascript.rhino.Node,com.google.javascript.rhino.jstype.JSType,com.google.javascript.rhino.jstype.JSType):419, 6.231142476387438
com.google.javascript.jscomp.type.SemanticReverseAbstractInterpreter#maybeRestrictTwoNames(com.google.javascript.jscomp.type.FlowScope,com.google.javascript.rhino.Node,com.google.javascript.rhino.jstype.JSType,com.google.javascript.rhino.jstype.JSType,com.google.javascript.rhino.Node,com.google.javascript.rhino.jstype.JSType,com.google.javascript.rhino.jstype.JSType):422, 6.231142476387438
com.google.javascript.jscomp.type.SemanticReverseAbstractInterpreter#maybeRestrictTwoNames(com.google.javascript.jscomp.type.FlowScope,com.google.javascript.rhino.Node,com.google.javascript.rhino.jstype.JSType,com.google.javascript.rhino.jstype.JSType,com.google.javascript.rhino.Node,com.google.javascript.rhino.jstype.JSType,com.google.javascript.rhino.jstype.JSType):425, 6.231142476387438
com.google.javascript.jscomp.type.SemanticReverseAbstractInterpreter#maybeRestrictTwoNames(com.google.javascript.jscomp.type.FlowScope,com.google.javascript.rhino.Node,com.google.javascript.rhino.jstype.JSType,com.google.javascript.rhino.jstype.JSType,com.google.javascript.rhino.Node,com.google.javascript.rhino.jstype.JSType,com.google.javascript.rhino.jstype.JSType):427, 6.231058327732034
com.google.javascript.jscomp.type.SemanticReverseAbstractInterpreter#maybeRestrictTwoNames(com.google.javascript.jscomp.type.FlowScope,com.google.javascript.rhino.Node,com.google.javascript.rhino.jstype.JSType,com.google.javascript.rhino.jstype.JSType,com.google.javascript.rhino.Node,com.google.javascript.rhino.jstype.JSType,com.google.javascript.rhino.jstype.JSType):413, 6.230819181358297
com.google.javascript.jscomp.type.SemanticReverseAbstractInterpreter#maybeRestrictTwoNames(com.google.javascript.jscomp.type.FlowScope,com.google.javascript.rhino.Node,com.google.javascript.rhino.jstype.JSType,com.google.javascript.rhino.jstype.JSType,com.google.javascript.rhino.Node,com.google.javascript.rhino.jstype.JSType,com.google.javascript.rhino.jstype.JSType):415, 6.230819181358297
com.google.javascript.jscomp.type.SemanticReverseAbstractInterpreter#maybeRestrictTwoNames(com.google.javascript.jscomp.type.FlowScope,com.google.javascript.rhino.Node,com.google.javascript.rhino.jstype.JSType,com.google.javascript.rhino.jstype.JSType,com.google.javascript.rhino.Node,com.google.javascript.rhino.jstype.JSType,com.google.javascript.rhino.jstype.JSType):417, 6.230819181358297
com.google.javascript.rhino.jstype.JSType#getTypesUnderShallowEquality(com.google.javascript.rhino.jstype.JSType):1164, 6.171590308509457
com.google.javascript.rhino.jstype.JSType#getTypesUnderShallowEquality(com.google.javascript.rhino.jstype.JSType):1165, 6.171590308509457
com.google.javascript.jscomp.TypeInference#traverseNew(com.google.javascript.rhino.Node,com.google.javascript.jscomp.type.FlowScope):1205, 6.079795227399268
com.google.javascript.jscomp.TypeInference#traverseNew(com.google.javascript.rhino.Node,com.google.javascript.jscomp.type.FlowScope):1206, 6.079795227399268
com.google.javascript.jscomp.TypeInference#traverseNew(com.google.javascript.rhino.Node,com.google.javascript.jscomp.type.FlowScope):1212, 6.079795227399268
com.google.javascript.jscomp.TypeInference#traverseNew(com.google.javascript.rhino.Node,com.google.javascript.jscomp.type.FlowScope):1201, 6.079793096192385
com.google.javascript.jscomp.TypeInference#traverseNew(com.google.javascript.rhino.Node,com.google.javascript.jscomp.type.FlowScope):1202, 6.079793096192385
com.google.javascript.jscomp.TypeInference#traverseNew(com.google.javascript.rhino.Node,com.google.javascript.jscomp.type.FlowScope):1195, 6.079792744171706
com.google.javascript.jscomp.TypeInference#traverseNew(com.google.javascript.rhino.Node,com.google.javascript.jscomp.type.FlowScope):1197, 6.079792744171706
com.google.javascript.jscomp.TypeInference#traverseNew(com.google.javascript.rhino.Node,com.google.javascript.jscomp.type.FlowScope):1198, 6.079792744171706
com.google.javascript.jscomp.TypeInference#traverseNew(com.google.javascript.rhino.Node,com.google.javascript.jscomp.type.FlowScope):1199, 6.079792744171706
com.google.javascript.jscomp.TypeInference#traverseNew(com.google.javascript.rhino.Node,com.google.javascript.jscomp.type.FlowScope):1200, 6.079792744171706
com.google.javascript.jscomp.TypeInference#traverseNew(com.google.javascript.rhino.Node,com.google.javascript.jscomp.type.FlowScope):1228, 6.079792744171706
com.google.javascript.jscomp.TypeInference#traverseNew(com.google.javascript.rhino.Node,com.google.javascript.jscomp.type.FlowScope):1229, 6.079792744171706
com.google.javascript.jscomp.TypeInference#traverseNew(com.google.javascript.rhino.Node,com.google.javascript.jscomp.type.FlowScope):1203, 6.07938
com.google.javascript.jscomp.TypeInference#traverseNew(com.google.javascript.rhino.Node,com.google.javascript.jscomp.type.FlowScope):1210, 6.07938
com.google.javascript.jscomp.TypeInference#traverseNew(com.google.javascript.rhino.Node,com.google.javascript.jscomp.type.FlowScope):1213, 6.07938
com.google.javascript.jscomp.TypeInference#traverseNew(com.google.javascript.rhino.Node,com.google.javascript.jscomp.type.FlowScope):1217, 6.07938
com.google.javascript.jscomp.TypeInference#traverseNew(com.google.javascript.rhino.Node,com.google.javascript.jscomp.type.FlowScope):1218, 6.07938
com.google.javascript.jscomp.TypeInference#traverseNew(com.google.javascript.rhino.Node,com.google.javascript.jscomp.type.FlowScope):1220, 6.07938
com.google.javascript.jscomp.TypeInference#traverseNew(com.google.javascript.rhino.Node,com.google.javascript.jscomp.type.FlowScope):1221, 6.07938
com.google.javascript.jscomp.TypeInference#traverseNew(com.google.javascript.rhino.Node,com.google.javascript.jscomp.type.FlowScope):1223, 6.07938
com.google.javascript.jscomp.ControlFlowAnalysis#handleIf(com.google.javascript.rhino.Node):363, 6.063118844233302
com.google.javascript.jscomp.ControlFlowAnalysis#handleIf(com.google.javascript.rhino.Node):358, 6.063039760143904
com.google.javascript.jscomp.ControlFlowAnalysis#handleIf(com.google.javascript.rhino.Node):359, 6.063039760143904
com.google.javascript.jscomp.ControlFlowAnalysis#handleIf(com.google.javascript.rhino.Node):360, 6.063039760143904
com.google.javascript.jscomp.ControlFlowAnalysis#handleIf(com.google.javascript.rhino.Node):362, 6.063039760143904
com.google.javascript.jscomp.ControlFlowAnalysis#handleIf(com.google.javascript.rhino.Node):368, 6.063039760143904
com.google.javascript.jscomp.ControlFlowAnalysis#handleIf(com.google.javascript.rhino.Node):370, 6.063039760143904
com.google.javascript.jscomp.ControlFlowAnalysis#handleIf(com.google.javascript.rhino.Node):366, 6.06244
com.google.javascript.jscomp.type.ChainableReverseAbstractInterpreter#declareNameInScope(com.google.javascript.jscomp.type.FlowScope,com.google.javascript.rhino.Node,com.google.javascript.rhino.jstype.JSType):161, 5.995807047977124
com.google.javascript.jscomp.type.ChainableReverseAbstractInterpreter#declareNameInScope(com.google.javascript.jscomp.type.FlowScope,com.google.javascript.rhino.Node,com.google.javascript.rhino.jstype.JSType):162, 5.995807047977124
com.google.javascript.jscomp.type.ChainableReverseAbstractInterpreter#declareNameInScope(com.google.javascript.jscomp.type.FlowScope,com.google.javascript.rhino.Node,com.google.javascript.rhino.jstype.JSType):159, 5.995755026202625
com.google.javascript.jscomp.type.ChainableReverseAbstractInterpreter#declareNameInScope(com.google.javascript.jscomp.type.FlowScope,com.google.javascript.rhino.Node,com.google.javascript.rhino.jstype.JSType):181, 5.995755026202625
com.google.javascript.jscomp.type.ChainableReverseAbstractInterpreter#declareNameInScope(com.google.javascript.jscomp.type.FlowScope,com.google.javascript.rhino.Node,com.google.javascript.rhino.jstype.JSType):165, 5.99524
com.google.javascript.jscomp.type.ChainableReverseAbstractInterpreter#declareNameInScope(com.google.javascript.jscomp.type.FlowScope,com.google.javascript.rhino.Node,com.google.javascript.rhino.jstype.JSType):166, 5.99524
com.google.javascript.jscomp.type.ChainableReverseAbstractInterpreter#declareNameInScope(com.google.javascript.jscomp.type.FlowScope,com.google.javascript.rhino.Node,com.google.javascript.rhino.jstype.JSType):168, 5.99524
com.google.javascript.jscomp.type.ChainableReverseAbstractInterpreter#declareNameInScope(com.google.javascript.jscomp.type.FlowScope,com.google.javascript.rhino.Node,com.google.javascript.rhino.jstype.JSType):169, 5.99524
com.google.javascript.jscomp.type.ChainableReverseAbstractInterpreter#declareNameInScope(com.google.javascript.jscomp.type.FlowScope,com.google.javascript.rhino.Node,com.google.javascript.rhino.jstype.JSType):170, 5.99524
com.google.javascript.jscomp.type.ChainableReverseAbstractInterpreter#declareNameInScope(com.google.javascript.jscomp.type.FlowScope,com.google.javascript.rhino.Node,com.google.javascript.rhino.jstype.JSType):171, 5.99524
com.google.javascript.jscomp.type.ChainableReverseAbstractInterpreter#declareNameInScope(com.google.javascript.jscomp.type.FlowScope,com.google.javascript.rhino.Node,com.google.javascript.rhino.jstype.JSType):175, 5.99524
com.google.javascript.jscomp.type.ChainableReverseAbstractInterpreter#declareNameInScope(com.google.javascript.jscomp.type.FlowScope,com.google.javascript.rhino.Node,com.google.javascript.rhino.jstype.JSType):178, 5.99524
com.google.javascript.jscomp.type.ChainableReverseAbstractInterpreter#getTypeIfRefinable(com.google.javascript.rhino.Node,com.google.javascript.jscomp.type.FlowScope):124, 5.982881473187183
com.google.javascript.jscomp.type.ChainableReverseAbstractInterpreter#getTypeIfRefinable(com.google.javascript.rhino.Node,com.google.javascript.jscomp.type.FlowScope):125, 5.982881473187183
com.google.javascript.jscomp.type.ChainableReverseAbstractInterpreter#getTypeIfRefinable(com.google.javascript.rhino.Node,com.google.javascript.jscomp.type.FlowScope):128, 5.982881473187183
com.google.javascript.jscomp.type.ChainableReverseAbstractInterpreter#getTypeIfRefinable(com.google.javascript.rhino.Node,com.google.javascript.jscomp.type.FlowScope):122, 5.982876792383511
com.google.javascript.jscomp.type.ChainableReverseAbstractInterpreter#getTypeIfRefinable(com.google.javascript.rhino.Node,com.google.javascript.jscomp.type.FlowScope):123, 5.982876792383511
com.google.javascript.jscomp.type.ChainableReverseAbstractInterpreter#getTypeIfRefinable(com.google.javascript.rhino.Node,com.google.javascript.jscomp.type.FlowScope):120, 5.982827269469446
com.google.javascript.jscomp.type.ChainableReverseAbstractInterpreter#getTypeIfRefinable(com.google.javascript.rhino.Node,com.google.javascript.jscomp.type.FlowScope):126, 5.98239
com.google.javascript.jscomp.type.ChainableReverseAbstractInterpreter#getTypeIfRefinable(com.google.javascript.rhino.Node,com.google.javascript.jscomp.type.FlowScope):130, 5.98239
com.google.javascript.jscomp.type.ChainableReverseAbstractInterpreter#getTypeIfRefinable(com.google.javascript.rhino.Node,com.google.javascript.jscomp.type.FlowScope):133, 5.98239
com.google.javascript.jscomp.type.ChainableReverseAbstractInterpreter#getTypeIfRefinable(com.google.javascript.rhino.Node,com.google.javascript.jscomp.type.FlowScope):134, 5.98239
com.google.javascript.jscomp.type.ChainableReverseAbstractInterpreter#getTypeIfRefinable(com.google.javascript.rhino.Node,com.google.javascript.jscomp.type.FlowScope):135, 5.98239
com.google.javascript.jscomp.type.ChainableReverseAbstractInterpreter#getTypeIfRefinable(com.google.javascript.rhino.Node,com.google.javascript.jscomp.type.FlowScope):137, 5.98239
com.google.javascript.jscomp.type.ChainableReverseAbstractInterpreter#getTypeIfRefinable(com.google.javascript.rhino.Node,com.google.javascript.jscomp.type.FlowScope):138, 5.98239
com.google.javascript.jscomp.type.ChainableReverseAbstractInterpreter#getTypeIfRefinable(com.google.javascript.rhino.Node,com.google.javascript.jscomp.type.FlowScope):139, 5.98239
com.google.javascript.jscomp.type.ChainableReverseAbstractInterpreter#getTypeIfRefinable(com.google.javascript.rhino.Node,com.google.javascript.jscomp.type.FlowScope):140, 5.98239
com.google.javascript.jscomp.type.ChainableReverseAbstractInterpreter#getTypeIfRefinable(com.google.javascript.rhino.Node,com.google.javascript.jscomp.type.FlowScope):142, 5.98239
com.google.javascript.jscomp.type.ChainableReverseAbstractInterpreter#getTypeIfRefinable(com.google.javascript.rhino.Node,com.google.javascript.jscomp.type.FlowScope):143, 5.98239
com.google.javascript.jscomp.type.ChainableReverseAbstractInterpreter#getTypeIfRefinable(com.google.javascript.rhino.Node,com.google.javascript.jscomp.type.FlowScope):145, 5.98239
com.google.javascript.jscomp.type.ChainableReverseAbstractInterpreter#getTypeIfRefinable(com.google.javascript.rhino.Node,com.google.javascript.jscomp.type.FlowScope):146, 5.98239
com.google.javascript.jscomp.type.ChainableReverseAbstractInterpreter#getTypeIfRefinable(com.google.javascript.rhino.Node,com.google.javascript.jscomp.type.FlowScope):148, 5.98239
com.google.javascript.jscomp.type.ChainableReverseAbstractInterpreter#getTypeIfRefinable(com.google.javascript.rhino.Node,com.google.javascript.jscomp.type.FlowScope):150, 5.98239
com.google.javascript.rhino.jstype.FunctionType#checkFunctionEquivalenceHelper(com.google.javascript.rhino.jstype.FunctionType,com.google.javascript.rhino.jstype.EquivalenceMethod):901, 5.945614985703326
com.google.javascript.rhino.jstype.FunctionType#checkFunctionEquivalenceHelper(com.google.javascript.rhino.jstype.FunctionType,com.google.javascript.rhino.jstype.EquivalenceMethod):899, 5.944870868809443
com.google.javascript.rhino.jstype.FunctionType#checkFunctionEquivalenceHelper(com.google.javascript.rhino.jstype.FunctionType,com.google.javascript.rhino.jstype.EquivalenceMethod):898, 5.94481547625011
com.google.javascript.rhino.jstype.FunctionType#checkFunctionEquivalenceHelper(com.google.javascript.rhino.jstype.FunctionType,com.google.javascript.rhino.jstype.EquivalenceMethod):909, 5.944309740420144
com.google.javascript.rhino.jstype.FunctionType#checkFunctionEquivalenceHelper(com.google.javascript.rhino.jstype.FunctionType,com.google.javascript.rhino.jstype.EquivalenceMethod):913, 5.944309740420144
com.google.javascript.rhino.jstype.FunctionType#checkFunctionEquivalenceHelper(com.google.javascript.rhino.jstype.FunctionType,com.google.javascript.rhino.jstype.EquivalenceMethod):903, 5.944309475640654
com.google.javascript.rhino.jstype.FunctionType#checkFunctionEquivalenceHelper(com.google.javascript.rhino.jstype.FunctionType,com.google.javascript.rhino.jstype.EquivalenceMethod):897, 5.9443045211600705
com.google.javascript.rhino.jstype.FunctionType#checkFunctionEquivalenceHelper(com.google.javascript.rhino.jstype.FunctionType,com.google.javascript.rhino.jstype.EquivalenceMethod):904, 5.94409
com.google.javascript.rhino.jstype.FunctionType#checkFunctionEquivalenceHelper(com.google.javascript.rhino.jstype.FunctionType,com.google.javascript.rhino.jstype.EquivalenceMethod):905, 5.94409
com.google.javascript.rhino.jstype.FunctionType#checkFunctionEquivalenceHelper(com.google.javascript.rhino.jstype.FunctionType,com.google.javascript.rhino.jstype.EquivalenceMethod):907, 5.94409
com.google.javascript.rhino.jstype.FunctionType#checkFunctionEquivalenceHelper(com.google.javascript.rhino.jstype.FunctionType,com.google.javascript.rhino.jstype.EquivalenceMethod):910, 5.94409
com.google.javascript.jscomp.type.SemanticReverseAbstractInterpreter#caseEquality(com.google.javascript.rhino.Node,com.google.javascript.jscomp.type.FlowScope,com.google.common.base.Function):267, 5.9148967364890455
com.google.javascript.jscomp.TypeInference#isUnflowable(com.google.javascript.jscomp.Scope.Var):1563, 5.866113895517833
com.google.javascript.jscomp.TypeCheck#visit(com.google.javascript.jscomp.NodeTraversal,com.google.javascript.rhino.Node,com.google.javascript.rhino.Node):678, 5.854552612419124
com.google.javascript.jscomp.TypeCheck#visit(com.google.javascript.jscomp.NodeTraversal,com.google.javascript.rhino.Node,com.google.javascript.rhino.Node):651, 5.852865329278164
com.google.javascript.jscomp.TypeCheck#visit(com.google.javascript.jscomp.NodeTraversal,com.google.javascript.rhino.Node,com.google.javascript.rhino.Node):644, 5.852737492925713
com.google.javascript.jscomp.TypeCheck#visit(com.google.javascript.jscomp.NodeTraversal,com.google.javascript.rhino.Node,com.google.javascript.rhino.Node):645, 5.852737492925713
com.google.javascript.jscomp.TypeCheck#visit(com.google.javascript.jscomp.NodeTraversal,com.google.javascript.rhino.Node,com.google.javascript.rhino.Node):647, 5.852737492925713
com.google.javascript.jscomp.TypeCheck#visit(com.google.javascript.jscomp.NodeTraversal,com.google.javascript.rhino.Node,com.google.javascript.rhino.Node):655, 5.852737492925713
com.google.javascript.jscomp.TypeCheck#visit(com.google.javascript.jscomp.NodeTraversal,com.google.javascript.rhino.Node,com.google.javascript.rhino.Node):656, 5.852737492925713
com.google.javascript.jscomp.TypeCheck#visit(com.google.javascript.jscomp.NodeTraversal,com.google.javascript.rhino.Node,com.google.javascript.rhino.Node):667, 5.852737492925713
com.google.javascript.jscomp.TypeCheck#visit(com.google.javascript.jscomp.NodeTraversal,com.google.javascript.rhino.Node,com.google.javascript.rhino.Node):668, 5.852737492925713
com.google.javascript.jscomp.TypeCheck#visit(com.google.javascript.jscomp.NodeTraversal,com.google.javascript.rhino.Node,com.google.javascript.rhino.Node):670, 5.852737492925713
com.google.javascript.jscomp.TypeCheck#visit(com.google.javascript.jscomp.NodeTraversal,com.google.javascript.rhino.Node,com.google.javascript.rhino.Node):671, 5.852737492925713
com.google.javascript.jscomp.TypeCheck#visit(com.google.javascript.jscomp.NodeTraversal,com.google.javascript.rhino.Node,com.google.javascript.rhino.Node):685, 5.852737492925713
com.google.javascript.jscomp.TypeCheck#visit(com.google.javascript.jscomp.NodeTraversal,com.google.javascript.rhino.Node,com.google.javascript.rhino.Node):689, 5.852737492925713
com.google.javascript.jscomp.TypeCheck#visit(com.google.javascript.jscomp.NodeTraversal,com.google.javascript.rhino.Node,com.google.javascript.rhino.Node):690, 5.852737492925713
com.google.javascript.jscomp.TypeCheck#visit(com.google.javascript.jscomp.NodeTraversal,com.google.javascript.rhino.Node,com.google.javascript.rhino.Node):591, 5.852310730492254
com.google.javascript.jscomp.TypeCheck#visit(com.google.javascript.jscomp.NodeTraversal,com.google.javascript.rhino.Node,com.google.javascript.rhino.Node):748, 5.85208493696596
com.google.javascript.jscomp.TypeCheck#visit(com.google.javascript.jscomp.NodeTraversal,com.google.javascript.rhino.Node,com.google.javascript.rhino.Node):749, 5.85208493696596
com.google.javascript.jscomp.TypeCheck#visit(com.google.javascript.jscomp.NodeTraversal,com.google.javascript.rhino.Node,com.google.javascript.rhino.Node):750, 5.85208493696596
com.google.javascript.jscomp.TypeCheck#visit(com.google.javascript.jscomp.NodeTraversal,com.google.javascript.rhino.Node,com.google.javascript.rhino.Node):572, 5.852084039146626
com.google.javascript.jscomp.TypeCheck#visit(com.google.javascript.jscomp.NodeTraversal,com.google.javascript.rhino.Node,com.google.javascript.rhino.Node):573, 5.852084039146626
com.google.javascript.jscomp.TypeCheck#visit(com.google.javascript.jscomp.NodeTraversal,com.google.javascript.rhino.Node,com.google.javascript.rhino.Node):575, 5.852084039146626
com.google.javascript.jscomp.TypeCheck#visit(com.google.javascript.jscomp.NodeTraversal,com.google.javascript.rhino.Node,com.google.javascript.rhino.Node):551, 5.8520835313752535
com.google.javascript.jscomp.TypeCheck#visit(com.google.javascript.jscomp.NodeTraversal,com.google.javascript.rhino.Node,com.google.javascript.rhino.Node):552, 5.8520835313752535
com.google.javascript.jscomp.TypeCheck#visit(com.google.javascript.jscomp.NodeTraversal,com.google.javascript.rhino.Node,com.google.javascript.rhino.Node):586, 5.8520835313752535
com.google.javascript.jscomp.TypeCheck#visit(com.google.javascript.jscomp.NodeTraversal,com.google.javascript.rhino.Node,com.google.javascript.rhino.Node):587, 5.8520835313752535
com.google.javascript.jscomp.TypeCheck#visit(com.google.javascript.jscomp.NodeTraversal,com.google.javascript.rhino.Node,com.google.javascript.rhino.Node):588, 5.8520835313752535
com.google.javascript.jscomp.TypeCheck#visit(com.google.javascript.jscomp.NodeTraversal,com.google.javascript.rhino.Node,com.google.javascript.rhino.Node):526, 5.852080522036829
com.google.javascript.jscomp.TypeCheck#visit(com.google.javascript.jscomp.NodeTraversal,com.google.javascript.rhino.Node,com.google.javascript.rhino.Node):527, 5.852080522036829
com.google.javascript.jscomp.TypeCheck#visit(com.google.javascript.jscomp.NodeTraversal,com.google.javascript.rhino.Node,com.google.javascript.rhino.Node):800, 5.852080522036829
com.google.javascript.jscomp.TypeCheck#visit(com.google.javascript.jscomp.NodeTraversal,com.google.javascript.rhino.Node,com.google.javascript.rhino.Node):801, 5.852080522036829
com.google.javascript.jscomp.TypeCheck#visit(com.google.javascript.jscomp.NodeTraversal,com.google.javascript.rhino.Node,com.google.javascript.rhino.Node):872, 5.852080160192257
com.google.javascript.jscomp.TypeCheck#visit(com.google.javascript.jscomp.NodeTraversal,com.google.javascript.rhino.Node,com.google.javascript.rhino.Node):818, 5.852079283864819
com.google.javascript.jscomp.TypeCheck#visit(com.google.javascript.jscomp.NodeTraversal,com.google.javascript.rhino.Node,com.google.javascript.rhino.Node):819, 5.852079283864819
com.google.javascript.jscomp.TypeCheck#visit(com.google.javascript.jscomp.NodeTraversal,com.google.javascript.rhino.Node,com.google.javascript.rhino.Node):522, 5.852079204768223
com.google.javascript.jscomp.TypeCheck#visit(com.google.javascript.jscomp.NodeTraversal,com.google.javascript.rhino.Node,com.google.javascript.rhino.Node):523, 5.852079204768223
com.google.javascript.jscomp.TypeCheck#visit(com.google.javascript.jscomp.NodeTraversal,com.google.javascript.rhino.Node,com.google.javascript.rhino.Node):501, 5.852078889321044
com.google.javascript.jscomp.TypeCheck#visit(com.google.javascript.jscomp.NodeTraversal,com.google.javascript.rhino.Node,com.google.javascript.rhino.Node):503, 5.852078889321044
com.google.javascript.jscomp.TypeCheck#visit(com.google.javascript.jscomp.NodeTraversal,com.google.javascript.rhino.Node,com.google.javascript.rhino.Node):869, 5.852078889321044
com.google.javascript.jscomp.TypeCheck#visit(com.google.javascript.jscomp.NodeTraversal,com.google.javascript.rhino.Node,com.google.javascript.rhino.Node):871, 5.852078889321044
com.google.javascript.jscomp.TypeCheck#visit(com.google.javascript.jscomp.NodeTraversal,com.google.javascript.rhino.Node,com.google.javascript.rhino.Node):875, 5.852078889321044
com.google.javascript.jscomp.TypeCheck#visit(com.google.javascript.jscomp.NodeTraversal,com.google.javascript.rhino.Node,com.google.javascript.rhino.Node):876, 5.852078889321044
com.google.javascript.jscomp.TypeCheck#visit(com.google.javascript.jscomp.NodeTraversal,com.google.javascript.rhino.Node,com.google.javascript.rhino.Node):505, 5.85188
com.google.javascript.jscomp.TypeCheck#visit(com.google.javascript.jscomp.NodeTraversal,com.google.javascript.rhino.Node,com.google.javascript.rhino.Node):506, 5.85188
com.google.javascript.jscomp.TypeCheck#visit(com.google.javascript.jscomp.NodeTraversal,com.google.javascript.rhino.Node,com.google.javascript.rhino.Node):507, 5.85188
com.google.javascript.jscomp.TypeCheck#visit(com.google.javascript.jscomp.NodeTraversal,com.google.javascript.rhino.Node,com.google.javascript.rhino.Node):511, 5.85188
com.google.javascript.jscomp.TypeCheck#visit(com.google.javascript.jscomp.NodeTraversal,com.google.javascript.rhino.Node,com.google.javascript.rhino.Node):512, 5.85188
com.google.javascript.jscomp.TypeCheck#visit(com.google.javascript.jscomp.NodeTraversal,com.google.javascript.rhino.Node,com.google.javascript.rhino.Node):514, 5.85188
com.google.javascript.jscomp.TypeCheck#visit(com.google.javascript.jscomp.NodeTraversal,com.google.javascript.rhino.Node,com.google.javascript.rhino.Node):516, 5.85188
com.google.javascript.jscomp.TypeCheck#visit(com.google.javascript.jscomp.NodeTraversal,com.google.javascript.rhino.Node,com.google.javascript.rhino.Node):517, 5.85188
com.google.javascript.jscomp.TypeCheck#visit(com.google.javascript.jscomp.NodeTraversal,com.google.javascript.rhino.Node,com.google.javascript.rhino.Node):530, 5.85188
com.google.javascript.jscomp.TypeCheck#visit(com.google.javascript.jscomp.NodeTraversal,com.google.javascript.rhino.Node,com.google.javascript.rhino.Node):531, 5.85188
com.google.javascript.jscomp.TypeCheck#visit(com.google.javascript.jscomp.NodeTraversal,com.google.javascript.rhino.Node,com.google.javascript.rhino.Node):535, 5.85188
com.google.javascript.jscomp.TypeCheck#visit(com.google.javascript.jscomp.NodeTraversal,com.google.javascript.rhino.Node,com.google.javascript.rhino.Node):536, 5.85188
com.google.javascript.jscomp.TypeCheck#visit(com.google.javascript.jscomp.NodeTraversal,com.google.javascript.rhino.Node,com.google.javascript.rhino.Node):539, 5.85188
com.google.javascript.jscomp.TypeCheck#visit(com.google.javascript.jscomp.NodeTraversal,com.google.javascript.rhino.Node,com.google.javascript.rhino.Node):540, 5.85188
com.google.javascript.jscomp.TypeCheck#visit(com.google.javascript.jscomp.NodeTraversal,com.google.javascript.rhino.Node,com.google.javascript.rhino.Node):543, 5.85188
com.google.javascript.jscomp.TypeCheck#visit(com.google.javascript.jscomp.NodeTraversal,com.google.javascript.rhino.Node,com.google.javascript.rhino.Node):544, 5.85188
com.google.javascript.jscomp.TypeCheck#visit(com.google.javascript.jscomp.NodeTraversal,com.google.javascript.rhino.Node,com.google.javascript.rhino.Node):547, 5.85188
com.google.javascript.jscomp.TypeCheck#visit(com.google.javascript.jscomp.NodeTraversal,com.google.javascript.rhino.Node,com.google.javascript.rhino.Node):548, 5.85188
com.google.javascript.jscomp.TypeCheck#visit(com.google.javascript.jscomp.NodeTraversal,com.google.javascript.rhino.Node,com.google.javascript.rhino.Node):555, 5.85188
com.google.javascript.jscomp.TypeCheck#visit(com.google.javascript.jscomp.NodeTraversal,com.google.javascript.rhino.Node,com.google.javascript.rhino.Node):556, 5.85188
com.google.javascript.jscomp.TypeCheck#visit(com.google.javascript.jscomp.NodeTraversal,com.google.javascript.rhino.Node,com.google.javascript.rhino.Node):561, 5.85188
com.google.javascript.jscomp.TypeCheck#visit(com.google.javascript.jscomp.NodeTraversal,com.google.javascript.rhino.Node,com.google.javascript.rhino.Node):564, 5.85188
com.google.javascript.jscomp.TypeCheck#visit(com.google.javascript.jscomp.NodeTraversal,com.google.javascript.rhino.Node,com.google.javascript.rhino.Node):565, 5.85188
com.google.javascript.jscomp.TypeCheck#visit(com.google.javascript.jscomp.NodeTraversal,com.google.javascript.rhino.Node,com.google.javascript.rhino.Node):568, 5.85188
com.google.javascript.jscomp.TypeCheck#visit(com.google.javascript.jscomp.NodeTraversal,com.google.javascript.rhino.Node,com.google.javascript.rhino.Node):569, 5.85188
com.google.javascript.jscomp.TypeCheck#visit(com.google.javascript.jscomp.NodeTraversal,com.google.javascript.rhino.Node,com.google.javascript.rhino.Node):578, 5.85188
com.google.javascript.jscomp.TypeCheck#visit(com.google.javascript.jscomp.NodeTraversal,com.google.javascript.rhino.Node,com.google.javascript.rhino.Node):582, 5.85188
com.google.javascript.jscomp.TypeCheck#visit(com.google.javascript.jscomp.NodeTraversal,com.google.javascript.rhino.Node,com.google.javascript.rhino.Node):583, 5.85188
com.google.javascript.jscomp.TypeCheck#visit(com.google.javascript.jscomp.NodeTraversal,com.google.javascript.rhino.Node,com.google.javascript.rhino.Node):592, 5.85188
com.google.javascript.jscomp.TypeCheck#visit(com.google.javascript.jscomp.NodeTraversal,com.google.javascript.rhino.Node,com.google.javascript.rhino.Node):595, 5.85188
com.google.javascript.jscomp.TypeCheck#visit(com.google.javascript.jscomp.NodeTraversal,com.google.javascript.rhino.Node,com.google.javascript.rhino.Node):596, 5.85188
com.google.javascript.jscomp.TypeCheck#visit(com.google.javascript.jscomp.NodeTraversal,com.google.javascript.rhino.Node,com.google.javascript.rhino.Node):597, 5.85188
com.google.javascript.jscomp.TypeCheck#visit(com.google.javascript.jscomp.NodeTraversal,com.google.javascript.rhino.Node,com.google.javascript.rhino.Node):600, 5.85188
com.google.javascript.jscomp.TypeCheck#visit(com.google.javascript.jscomp.NodeTraversal,com.google.javascript.rhino.Node,com.google.javascript.rhino.Node):601, 5.85188
com.google.javascript.jscomp.TypeCheck#visit(com.google.javascript.jscomp.NodeTraversal,com.google.javascript.rhino.Node,com.google.javascript.rhino.Node):602, 5.85188
com.google.javascript.jscomp.TypeCheck#visit(com.google.javascript.jscomp.NodeTraversal,com.google.javascript.rhino.Node,com.google.javascript.rhino.Node):606, 5.85188
com.google.javascript.jscomp.TypeCheck#visit(com.google.javascript.jscomp.NodeTraversal,com.google.javascript.rhino.Node,com.google.javascript.rhino.Node):607, 5.85188
com.google.javascript.jscomp.TypeCheck#visit(com.google.javascript.jscomp.NodeTraversal,com.google.javascript.rhino.Node,com.google.javascript.rhino.Node):608, 5.85188
com.google.javascript.jscomp.TypeCheck#visit(com.google.javascript.jscomp.NodeTraversal,com.google.javascript.rhino.Node,com.google.javascript.rhino.Node):609, 5.85188
com.google.javascript.jscomp.TypeCheck#visit(com.google.javascript.jscomp.NodeTraversal,com.google.javascript.rhino.Node,com.google.javascript.rhino.Node):610, 5.85188
com.google.javascript.jscomp.TypeCheck#visit(com.google.javascript.jscomp.NodeTraversal,com.google.javascript.rhino.Node,com.google.javascript.rhino.Node):613, 5.85188
com.google.javascript.jscomp.TypeCheck#visit(com.google.javascript.jscomp.NodeTraversal,com.google.javascript.rhino.Node,com.google.javascript.rhino.Node):614, 5.85188
com.google.javascript.jscomp.TypeCheck#visit(com.google.javascript.jscomp.NodeTraversal,com.google.javascript.rhino.Node,com.google.javascript.rhino.Node):617, 5.85188
com.google.javascript.jscomp.TypeCheck#visit(com.google.javascript.jscomp.NodeTraversal,com.google.javascript.rhino.Node,com.google.javascript.rhino.Node):618, 5.85188
com.google.javascript.jscomp.TypeCheck#visit(com.google.javascript.jscomp.NodeTraversal,com.google.javascript.rhino.Node,com.google.javascript.rhino.Node):621, 5.85188
com.google.javascript.jscomp.TypeCheck#visit(com.google.javascript.jscomp.NodeTraversal,com.google.javascript.rhino.Node,com.google.javascript.rhino.Node):622, 5.85188
com.google.javascript.jscomp.TypeCheck#visit(com.google.javascript.jscomp.NodeTraversal,com.google.javascript.rhino.Node,com.google.javascript.rhino.Node):625, 5.85188
com.google.javascript.jscomp.TypeCheck#visit(com.google.javascript.jscomp.NodeTraversal,com.google.javascript.rhino.Node,com.google.javascript.rhino.Node):626, 5.85188
com.google.javascript.jscomp.TypeCheck#visit(com.google.javascript.jscomp.NodeTraversal,com.google.javascript.rhino.Node,com.google.javascript.rhino.Node):627, 5.85188
com.google.javascript.jscomp.TypeCheck#visit(com.google.javascript.jscomp.NodeTraversal,com.google.javascript.rhino.Node,com.google.javascript.rhino.Node):630, 5.85188
com.google.javascript.jscomp.TypeCheck#visit(com.google.javascript.jscomp.NodeTraversal,com.google.javascript.rhino.Node,com.google.javascript.rhino.Node):631, 5.85188
com.google.javascript.jscomp.TypeCheck#visit(com.google.javascript.jscomp.NodeTraversal,com.google.javascript.rhino.Node,com.google.javascript.rhino.Node):635, 5.85188
com.google.javascript.jscomp.TypeCheck#visit(com.google.javascript.jscomp.NodeTraversal,com.google.javascript.rhino.Node,com.google.javascript.rhino.Node):636, 5.85188
com.google.javascript.jscomp.TypeCheck#visit(com.google.javascript.jscomp.NodeTraversal,com.google.javascript.rhino.Node,com.google.javascript.rhino.Node):637, 5.85188
com.google.javascript.jscomp.TypeCheck#visit(com.google.javascript.jscomp.NodeTraversal,com.google.javascript.rhino.Node,com.google.javascript.rhino.Node):638, 5.85188
com.google.javascript.jscomp.TypeCheck#visit(com.google.javascript.jscomp.NodeTraversal,com.google.javascript.rhino.Node,com.google.javascript.rhino.Node):648, 5.85188
com.google.javascript.jscomp.TypeCheck#visit(com.google.javascript.jscomp.NodeTraversal,com.google.javascript.rhino.Node,com.google.javascript.rhino.Node):649, 5.85188
com.google.javascript.jscomp.TypeCheck#visit(com.google.javascript.jscomp.NodeTraversal,com.google.javascript.rhino.Node,com.google.javascript.rhino.Node):652, 5.85188
com.google.javascript.jscomp.TypeCheck#visit(com.google.javascript.jscomp.NodeTraversal,com.google.javascript.rhino.Node,com.google.javascript.rhino.Node):672, 5.85188
com.google.javascript.jscomp.TypeCheck#visit(com.google.javascript.jscomp.NodeTraversal,com.google.javascript.rhino.Node,com.google.javascript.rhino.Node):673, 5.85188
com.google.javascript.jscomp.TypeCheck#visit(com.google.javascript.jscomp.NodeTraversal,com.google.javascript.rhino.Node,com.google.javascript.rhino.Node):674, 5.85188
com.google.javascript.jscomp.TypeCheck#visit(com.google.javascript.jscomp.NodeTraversal,com.google.javascript.rhino.Node,com.google.javascript.rhino.Node):680, 5.85188
com.google.javascript.jscomp.TypeCheck#visit(com.google.javascript.jscomp.NodeTraversal,com.google.javascript.rhino.Node,com.google.javascript.rhino.Node):686, 5.85188
com.google.javascript.jscomp.TypeCheck#visit(com.google.javascript.jscomp.NodeTraversal,com.google.javascript.rhino.Node,com.google.javascript.rhino.Node):697, 5.85188
com.google.javascript.jscomp.TypeCheck#visit(com.google.javascript.jscomp.NodeTraversal,com.google.javascript.rhino.Node,com.google.javascript.rhino.Node):698, 5.85188
com.google.javascript.jscomp.TypeCheck#visit(com.google.javascript.jscomp.NodeTraversal,com.google.javascript.rhino.Node,com.google.javascript.rhino.Node):699, 5.85188
com.google.javascript.jscomp.TypeCheck#visit(com.google.javascript.jscomp.NodeTraversal,com.google.javascript.rhino.Node,com.google.javascript.rhino.Node):700, 5.85188
com.google.javascript.jscomp.TypeCheck#visit(com.google.javascript.jscomp.NodeTraversal,com.google.javascript.rhino.Node,com.google.javascript.rhino.Node):702, 5.85188
com.google.javascript.jscomp.TypeCheck#visit(com.google.javascript.jscomp.NodeTraversal,com.google.javascript.rhino.Node,com.google.javascript.rhino.Node):703, 5.85188
com.google.javascript.jscomp.TypeCheck#visit(com.google.javascript.jscomp.NodeTraversal,com.google.javascript.rhino.Node,com.google.javascript.rhino.Node):705, 5.85188
com.google.javascript.jscomp.TypeCheck#visit(com.google.javascript.jscomp.NodeTraversal,com.google.javascript.rhino.Node,com.google.javascript.rhino.Node):712, 5.85188
com.google.javascript.jscomp.TypeCheck#visit(com.google.javascript.jscomp.NodeTraversal,com.google.javascript.rhino.Node,com.google.javascript.rhino.Node):713, 5.85188
com.google.javascript.jscomp.TypeCheck#visit(com.google.javascript.jscomp.NodeTraversal,com.google.javascript.rhino.Node,com.google.javascript.rhino.Node):714, 5.85188
com.google.javascript.jscomp.TypeCheck#visit(com.google.javascript.jscomp.NodeTraversal,com.google.javascript.rhino.Node,com.google.javascript.rhino.Node):716, 5.85188
com.google.javascript.jscomp.TypeCheck#visit(com.google.javascript.jscomp.NodeTraversal,com.google.javascript.rhino.Node,com.google.javascript.rhino.Node):717, 5.85188
com.google.javascript.jscomp.TypeCheck#visit(com.google.javascript.jscomp.NodeTraversal,com.google.javascript.rhino.Node,com.google.javascript.rhino.Node):718, 5.85188
com.google.javascript.jscomp.TypeCheck#visit(com.google.javascript.jscomp.NodeTraversal,com.google.javascript.rhino.Node,com.google.javascript.rhino.Node):721, 5.85188
com.google.javascript.jscomp.TypeCheck#visit(com.google.javascript.jscomp.NodeTraversal,com.google.javascript.rhino.Node,com.google.javascript.rhino.Node):722, 5.85188
com.google.javascript.jscomp.TypeCheck#visit(com.google.javascript.jscomp.NodeTraversal,com.google.javascript.rhino.Node,com.google.javascript.rhino.Node):725, 5.85188
com.google.javascript.jscomp.TypeCheck#visit(com.google.javascript.jscomp.NodeTraversal,com.google.javascript.rhino.Node,com.google.javascript.rhino.Node):726, 5.85188
com.google.javascript.jscomp.TypeCheck#visit(com.google.javascript.jscomp.NodeTraversal,com.google.javascript.rhino.Node,com.google.javascript.rhino.Node):727, 5.85188
com.google.javascript.jscomp.TypeCheck#visit(com.google.javascript.jscomp.NodeTraversal,com.google.javascript.rhino.Node,com.google.javascript.rhino.Node):728, 5.85188
com.google.javascript.jscomp.TypeCheck#visit(com.google.javascript.jscomp.NodeTraversal,com.google.javascript.rhino.Node,com.google.javascript.rhino.Node):729, 5.85188
com.google.javascript.jscomp.TypeCheck#visit(com.google.javascript.jscomp.NodeTraversal,com.google.javascript.rhino.Node,com.google.javascript.rhino.Node):730, 5.85188
com.google.javascript.jscomp.TypeCheck#visit(com.google.javascript.jscomp.NodeTraversal,com.google.javascript.rhino.Node,com.google.javascript.rhino.Node):731, 5.85188
com.google.javascript.jscomp.TypeCheck#visit(com.google.javascript.jscomp.NodeTraversal,com.google.javascript.rhino.Node,com.google.javascript.rhino.Node):733, 5.85188
com.google.javascript.jscomp.TypeCheck#visit(com.google.javascript.jscomp.NodeTraversal,com.google.javascript.rhino.Node,com.google.javascript.rhino.Node):734, 5.85188
com.google.javascript.jscomp.TypeCheck#visit(com.google.javascript.jscomp.NodeTraversal,com.google.javascript.rhino.Node,com.google.javascript.rhino.Node):737, 5.85188
com.google.javascript.jscomp.TypeCheck#visit(com.google.javascript.jscomp.NodeTraversal,com.google.javascript.rhino.Node,com.google.javascript.rhino.Node):738, 5.85188
com.google.javascript.jscomp.TypeCheck#visit(com.google.javascript.jscomp.NodeTraversal,com.google.javascript.rhino.Node,com.google.javascript.rhino.Node):739, 5.85188
com.google.javascript.jscomp.TypeCheck#visit(com.google.javascript.jscomp.NodeTraversal,com.google.javascript.rhino.Node,com.google.javascript.rhino.Node):740, 5.85188
com.google.javascript.jscomp.TypeCheck#visit(com.google.javascript.jscomp.NodeTraversal,com.google.javascript.rhino.Node,com.google.javascript.rhino.Node):742, 5.85188
com.google.javascript.jscomp.TypeCheck#visit(com.google.javascript.jscomp.NodeTraversal,com.google.javascript.rhino.Node,com.google.javascript.rhino.Node):744, 5.85188
com.google.javascript.jscomp.TypeCheck#visit(com.google.javascript.jscomp.NodeTraversal,com.google.javascript.rhino.Node,com.google.javascript.rhino.Node):745, 5.85188
com.google.javascript.jscomp.TypeCheck#visit(com.google.javascript.jscomp.NodeTraversal,com.google.javascript.rhino.Node,com.google.javascript.rhino.Node):763, 5.85188
com.google.javascript.jscomp.TypeCheck#visit(com.google.javascript.jscomp.NodeTraversal,com.google.javascript.rhino.Node,com.google.javascript.rhino.Node):777, 5.85188
com.google.javascript.jscomp.TypeCheck#visit(com.google.javascript.jscomp.NodeTraversal,com.google.javascript.rhino.Node,com.google.javascript.rhino.Node):778, 5.85188
com.google.javascript.jscomp.TypeCheck#visit(com.google.javascript.jscomp.NodeTraversal,com.google.javascript.rhino.Node,com.google.javascript.rhino.Node):781, 5.85188
com.google.javascript.jscomp.TypeCheck#visit(com.google.javascript.jscomp.NodeTraversal,com.google.javascript.rhino.Node,com.google.javascript.rhino.Node):782, 5.85188
com.google.javascript.jscomp.TypeCheck#visit(com.google.javascript.jscomp.NodeTraversal,com.google.javascript.rhino.Node,com.google.javascript.rhino.Node):785, 5.85188
com.google.javascript.jscomp.TypeCheck#visit(com.google.javascript.jscomp.NodeTraversal,com.google.javascript.rhino.Node,com.google.javascript.rhino.Node):786, 5.85188
com.google.javascript.jscomp.TypeCheck#visit(com.google.javascript.jscomp.NodeTraversal,com.google.javascript.rhino.Node,com.google.javascript.rhino.Node):787, 5.85188
com.google.javascript.jscomp.TypeCheck#visit(com.google.javascript.jscomp.NodeTraversal,com.google.javascript.rhino.Node,com.google.javascript.rhino.Node):788, 5.85188
com.google.javascript.jscomp.TypeCheck#visit(com.google.javascript.jscomp.NodeTraversal,com.google.javascript.rhino.Node,com.google.javascript.rhino.Node):789, 5.85188
com.google.javascript.jscomp.TypeCheck#visit(com.google.javascript.jscomp.NodeTraversal,com.google.javascript.rhino.Node,com.google.javascript.rhino.Node):792, 5.85188
com.google.javascript.jscomp.TypeCheck#visit(com.google.javascript.jscomp.NodeTraversal,com.google.javascript.rhino.Node,com.google.javascript.rhino.Node):793, 5.85188
com.google.javascript.jscomp.TypeCheck#visit(com.google.javascript.jscomp.NodeTraversal,com.google.javascript.rhino.Node,com.google.javascript.rhino.Node):794, 5.85188
com.google.javascript.jscomp.TypeCheck#visit(com.google.javascript.jscomp.NodeTraversal,com.google.javascript.rhino.Node,com.google.javascript.rhino.Node):795, 5.85188
com.google.javascript.jscomp.TypeCheck#visit(com.google.javascript.jscomp.NodeTraversal,com.google.javascript.rhino.Node,com.google.javascript.rhino.Node):796, 5.85188
com.google.javascript.jscomp.TypeCheck#visit(com.google.javascript.jscomp.NodeTraversal,com.google.javascript.rhino.Node,com.google.javascript.rhino.Node):825, 5.85188
com.google.javascript.jscomp.TypeCheck#visit(com.google.javascript.jscomp.NodeTraversal,com.google.javascript.rhino.Node,com.google.javascript.rhino.Node):826, 5.85188
com.google.javascript.jscomp.TypeCheck#visit(com.google.javascript.jscomp.NodeTraversal,com.google.javascript.rhino.Node,com.google.javascript.rhino.Node):829, 5.85188
com.google.javascript.jscomp.TypeCheck#visit(com.google.javascript.jscomp.NodeTraversal,com.google.javascript.rhino.Node,com.google.javascript.rhino.Node):830, 5.85188
com.google.javascript.jscomp.TypeCheck#visit(com.google.javascript.jscomp.NodeTraversal,com.google.javascript.rhino.Node,com.google.javascript.rhino.Node):831, 5.85188
com.google.javascript.jscomp.TypeCheck#visit(com.google.javascript.jscomp.NodeTraversal,com.google.javascript.rhino.Node,com.google.javascript.rhino.Node):832, 5.85188
com.google.javascript.jscomp.TypeCheck#visit(com.google.javascript.jscomp.NodeTraversal,com.google.javascript.rhino.Node,com.google.javascript.rhino.Node):835, 5.85188
com.google.javascript.jscomp.TypeCheck#visit(com.google.javascript.jscomp.NodeTraversal,com.google.javascript.rhino.Node,com.google.javascript.rhino.Node):836, 5.85188
com.google.javascript.jscomp.TypeCheck#visit(com.google.javascript.jscomp.NodeTraversal,com.google.javascript.rhino.Node,com.google.javascript.rhino.Node):843, 5.85188
com.google.javascript.jscomp.TypeCheck#visit(com.google.javascript.jscomp.NodeTraversal,com.google.javascript.rhino.Node,com.google.javascript.rhino.Node):844, 5.85188
com.google.javascript.jscomp.TypeCheck#visit(com.google.javascript.jscomp.NodeTraversal,com.google.javascript.rhino.Node,com.google.javascript.rhino.Node):847, 5.85188
com.google.javascript.jscomp.TypeCheck#visit(com.google.javascript.jscomp.NodeTraversal,com.google.javascript.rhino.Node,com.google.javascript.rhino.Node):849, 5.85188
com.google.javascript.jscomp.TypeCheck#visit(com.google.javascript.jscomp.NodeTraversal,com.google.javascript.rhino.Node,com.google.javascript.rhino.Node):851, 5.85188
com.google.javascript.jscomp.TypeCheck#visit(com.google.javascript.jscomp.NodeTraversal,com.google.javascript.rhino.Node,com.google.javascript.rhino.Node):854, 5.85188
com.google.javascript.jscomp.TypeCheck#visit(com.google.javascript.jscomp.NodeTraversal,com.google.javascript.rhino.Node,com.google.javascript.rhino.Node):855, 5.85188
com.google.javascript.jscomp.TypeCheck#visit(com.google.javascript.jscomp.NodeTraversal,com.google.javascript.rhino.Node,com.google.javascript.rhino.Node):856, 5.85188
com.google.javascript.jscomp.TypeCheck#visit(com.google.javascript.jscomp.NodeTraversal,com.google.javascript.rhino.Node,com.google.javascript.rhino.Node):857, 5.85188
com.google.javascript.jscomp.TypeCheck#visit(com.google.javascript.jscomp.NodeTraversal,com.google.javascript.rhino.Node,com.google.javascript.rhino.Node):858, 5.85188
com.google.javascript.jscomp.TypeCheck#visit(com.google.javascript.jscomp.NodeTraversal,com.google.javascript.rhino.Node,com.google.javascript.rhino.Node):859, 5.85188
com.google.javascript.jscomp.TypeCheck#visit(com.google.javascript.jscomp.NodeTraversal,com.google.javascript.rhino.Node,com.google.javascript.rhino.Node):863, 5.85188
com.google.javascript.jscomp.TypeCheck#visit(com.google.javascript.jscomp.NodeTraversal,com.google.javascript.rhino.Node,com.google.javascript.rhino.Node):864, 5.85188
com.google.javascript.jscomp.parsing.IRFactory.TransformDispatcher#processNewExpression(com.google.javascript.rhino.head.ast.NewExpression):926, 5.774085128044382
com.google.javascript.jscomp.parsing.IRFactory.TransformDispatcher#processNewExpression(com.google.javascript.rhino.head.ast.NewExpression):929, 5.774085128044382
com.google.javascript.jscomp.parsing.IRFactory.TransformDispatcher#processNewExpression(com.google.javascript.rhino.head.ast.NewExpression):932, 5.774085128044382
com.google.javascript.jscomp.parsing.IRFactory.TransformDispatcher#processNewExpression(com.google.javascript.rhino.head.ast.NewExpression):933, 5.774085128044382
com.google.javascript.jscomp.parsing.IRFactory.TransformDispatcher#processNewExpression(com.google.javascript.rhino.head.ast.NewExpression):934, 5.774085128044382
com.google.javascript.jscomp.parsing.IRFactory.TransformDispatcher#processNewExpression(com.google.javascript.rhino.head.ast.NewExpression):935, 5.774085128044382
com.google.javascript.jscomp.parsing.IRFactory.TransformDispatcher#processNewExpression(com.google.javascript.rhino.head.ast.NewExpression):930, 5.77376
com.google.javascript.jscomp.parsing.IRFactory.TransformDispatcher#processNewExpression(com.google.javascript.rhino.head.ast.NewExpression):931, 5.77376
com.google.javascript.rhino.jstype.FunctionType#getInstanceType():1071, 5.769960560705543
com.google.javascript.rhino.jstype.FunctionType#getInstanceType():1072, 5.769960560705543
com.google.javascript.jscomp.TypeInference#branchedFlowThrough(com.google.javascript.rhino.Node,com.google.javascript.jscomp.type.FlowScope):289, 5.768538203723552
com.google.javascript.jscomp.TypeInference#branchedFlowThrough(com.google.javascript.rhino.Node,com.google.javascript.jscomp.type.FlowScope):288, 5.768511369766002
com.google.javascript.jscomp.TypeInference#branchedFlowThrough(com.google.javascript.rhino.Node,com.google.javascript.jscomp.type.FlowScope):292, 5.768511369766002
com.google.javascript.jscomp.TypeInference#branchedFlowThrough(com.google.javascript.rhino.Node,com.google.javascript.jscomp.type.FlowScope):258, 5.768487614304668
com.google.javascript.jscomp.TypeInference#branchedFlowThrough(com.google.javascript.rhino.Node,com.google.javascript.jscomp.type.FlowScope):211, 5.768479255650989
com.google.javascript.jscomp.TypeInference#branchedFlowThrough(com.google.javascript.rhino.Node,com.google.javascript.jscomp.type.FlowScope):243, 5.768479255650989
com.google.javascript.jscomp.TypeInference#branchedFlowThrough(com.google.javascript.rhino.Node,com.google.javascript.jscomp.type.FlowScope):244, 5.768479255650989
com.google.javascript.jscomp.TypeInference#branchedFlowThrough(com.google.javascript.rhino.Node,com.google.javascript.jscomp.type.FlowScope):245, 5.768479255650989
com.google.javascript.jscomp.TypeInference#branchedFlowThrough(com.google.javascript.rhino.Node,com.google.javascript.jscomp.type.FlowScope):257, 5.768479255650989
com.google.javascript.jscomp.TypeInference#branchedFlowThrough(com.google.javascript.rhino.Node,com.google.javascript.jscomp.type.FlowScope):198, 5.7680790835584155
com.google.javascript.jscomp.TypeInference#branchedFlowThrough(com.google.javascript.rhino.Node,com.google.javascript.jscomp.type.FlowScope):199, 5.7680790835584155
com.google.javascript.jscomp.TypeInference#branchedFlowThrough(com.google.javascript.rhino.Node,com.google.javascript.jscomp.type.FlowScope):200, 5.7680790835584155
com.google.javascript.jscomp.TypeInference#branchedFlowThrough(com.google.javascript.rhino.Node,com.google.javascript.jscomp.type.FlowScope):201, 5.7680790835584155
com.google.javascript.jscomp.TypeInference#branchedFlowThrough(com.google.javascript.rhino.Node,com.google.javascript.jscomp.type.FlowScope):203, 5.7680790835584155
com.google.javascript.jscomp.TypeInference#branchedFlowThrough(com.google.javascript.rhino.Node,com.google.javascript.jscomp.type.FlowScope):204, 5.7680790835584155
com.google.javascript.jscomp.TypeInference#branchedFlowThrough(com.google.javascript.rhino.Node,com.google.javascript.jscomp.type.FlowScope):205, 5.7680790835584155
com.google.javascript.jscomp.TypeInference#branchedFlowThrough(com.google.javascript.rhino.Node,com.google.javascript.jscomp.type.FlowScope):206, 5.7680790835584155
com.google.javascript.jscomp.TypeInference#branchedFlowThrough(com.google.javascript.rhino.Node,com.google.javascript.jscomp.type.FlowScope):207, 5.7680790835584155
com.google.javascript.jscomp.TypeInference#branchedFlowThrough(com.google.javascript.rhino.Node,com.google.javascript.jscomp.type.FlowScope):209, 5.7680790835584155
com.google.javascript.jscomp.TypeInference#branchedFlowThrough(com.google.javascript.rhino.Node,com.google.javascript.jscomp.type.FlowScope):300, 5.7680790835584155
com.google.javascript.jscomp.TypeInference#branchedFlowThrough(com.google.javascript.rhino.Node,com.google.javascript.jscomp.type.FlowScope):301, 5.7680790835584155
com.google.javascript.jscomp.TypeInference#branchedFlowThrough(com.google.javascript.rhino.Node,com.google.javascript.jscomp.type.FlowScope):302, 5.7680790835584155
com.google.javascript.jscomp.TypeInference#branchedFlowThrough(com.google.javascript.rhino.Node,com.google.javascript.jscomp.type.FlowScope):213, 5.76789
com.google.javascript.jscomp.TypeInference#branchedFlowThrough(com.google.javascript.rhino.Node,com.google.javascript.jscomp.type.FlowScope):214, 5.76789
com.google.javascript.jscomp.TypeInference#branchedFlowThrough(com.google.javascript.rhino.Node,com.google.javascript.jscomp.type.FlowScope):216, 5.76789
com.google.javascript.jscomp.TypeInference#branchedFlowThrough(com.google.javascript.rhino.Node,com.google.javascript.jscomp.type.FlowScope):218, 5.76789
com.google.javascript.jscomp.TypeInference#branchedFlowThrough(com.google.javascript.rhino.Node,com.google.javascript.jscomp.type.FlowScope):219, 5.76789
com.google.javascript.jscomp.TypeInference#branchedFlowThrough(com.google.javascript.rhino.Node,com.google.javascript.jscomp.type.FlowScope):221, 5.76789
com.google.javascript.jscomp.TypeInference#branchedFlowThrough(com.google.javascript.rhino.Node,com.google.javascript.jscomp.type.FlowScope):222, 5.76789
com.google.javascript.jscomp.TypeInference#branchedFlowThrough(com.google.javascript.rhino.Node,com.google.javascript.jscomp.type.FlowScope):223, 5.76789
com.google.javascript.jscomp.TypeInference#branchedFlowThrough(com.google.javascript.rhino.Node,com.google.javascript.jscomp.type.FlowScope):224, 5.76789
com.google.javascript.jscomp.TypeInference#branchedFlowThrough(com.google.javascript.rhino.Node,com.google.javascript.jscomp.type.FlowScope):227, 5.76789
com.google.javascript.jscomp.TypeInference#branchedFlowThrough(com.google.javascript.rhino.Node,com.google.javascript.jscomp.type.FlowScope):228, 5.76789
com.google.javascript.jscomp.TypeInference#branchedFlowThrough(com.google.javascript.rhino.Node,com.google.javascript.jscomp.type.FlowScope):230, 5.76789
com.google.javascript.jscomp.TypeInference#branchedFlowThrough(com.google.javascript.rhino.Node,com.google.javascript.jscomp.type.FlowScope):231, 5.76789
com.google.javascript.jscomp.TypeInference#branchedFlowThrough(com.google.javascript.rhino.Node,com.google.javascript.jscomp.type.FlowScope):234, 5.76789
com.google.javascript.jscomp.TypeInference#branchedFlowThrough(com.google.javascript.rhino.Node,com.google.javascript.jscomp.type.FlowScope):236, 5.76789
com.google.javascript.jscomp.TypeInference#branchedFlowThrough(com.google.javascript.rhino.Node,com.google.javascript.jscomp.type.FlowScope):237, 5.76789
com.google.javascript.jscomp.TypeInference#branchedFlowThrough(com.google.javascript.rhino.Node,com.google.javascript.jscomp.type.FlowScope):246, 5.76789
com.google.javascript.jscomp.TypeInference#branchedFlowThrough(com.google.javascript.rhino.Node,com.google.javascript.jscomp.type.FlowScope):250, 5.76789
com.google.javascript.jscomp.TypeInference#branchedFlowThrough(com.google.javascript.rhino.Node,com.google.javascript.jscomp.type.FlowScope):251, 5.76789
com.google.javascript.jscomp.TypeInference#branchedFlowThrough(com.google.javascript.rhino.Node,com.google.javascript.jscomp.type.FlowScope):274, 5.76789
com.google.javascript.jscomp.TypeInference#branchedFlowThrough(com.google.javascript.rhino.Node,com.google.javascript.jscomp.type.FlowScope):275, 5.76789
com.google.javascript.jscomp.TypeInference#branchedFlowThrough(com.google.javascript.rhino.Node,com.google.javascript.jscomp.type.FlowScope):279, 5.76789
com.google.javascript.rhino.jstype.JSType#getGreatestSubtype(com.google.javascript.rhino.jstype.JSType):944, 5.742697269313516
com.google.javascript.jscomp.ControlFlowAnalysis#computeFollowNode(com.google.javascript.rhino.Node,com.google.javascript.rhino.Node,com.google.javascript.jscomp.ControlFlowAnalysis):722, 5.726588844233302
com.google.javascript.jscomp.ControlFlowAnalysis#computeFollowNode(com.google.javascript.rhino.Node,com.google.javascript.rhino.Node,com.google.javascript.jscomp.ControlFlowAnalysis):780, 5.726120119276543
com.google.javascript.jscomp.ControlFlowAnalysis#computeFollowNode(com.google.javascript.rhino.Node,com.google.javascript.rhino.Node,com.google.javascript.jscomp.ControlFlowAnalysis):784, 5.726089779366324
com.google.javascript.jscomp.ControlFlowAnalysis#computeFollowNode(com.google.javascript.rhino.Node,com.google.javascript.rhino.Node,com.google.javascript.jscomp.ControlFlowAnalysis):787, 5.726086942656869
com.google.javascript.jscomp.ControlFlowAnalysis#computeFollowNode(com.google.javascript.rhino.Node,com.google.javascript.rhino.Node,com.google.javascript.jscomp.ControlFlowAnalysis):715, 5.726086887284419
com.google.javascript.jscomp.ControlFlowAnalysis#computeFollowNode(com.google.javascript.rhino.Node,com.google.javascript.rhino.Node,com.google.javascript.jscomp.ControlFlowAnalysis):776, 5.7260863638258455
com.google.javascript.jscomp.ControlFlowAnalysis#computeFollowNode(com.google.javascript.rhino.Node,com.google.javascript.rhino.Node,com.google.javascript.jscomp.ControlFlowAnalysis):779, 5.7260863638258455
com.google.javascript.jscomp.ControlFlowAnalysis#computeFollowNode(com.google.javascript.rhino.Node,com.google.javascript.rhino.Node,com.google.javascript.jscomp.ControlFlowAnalysis):783, 5.7260863638258455
com.google.javascript.jscomp.ControlFlowAnalysis#computeFollowNode(com.google.javascript.rhino.Node,com.google.javascript.rhino.Node,com.google.javascript.jscomp.ControlFlowAnalysis):719, 5.726086336403965
com.google.javascript.jscomp.ControlFlowAnalysis#computeFollowNode(com.google.javascript.rhino.Node,com.google.javascript.rhino.Node,com.google.javascript.jscomp.ControlFlowAnalysis):712, 5.726086199486168
com.google.javascript.jscomp.ControlFlowAnalysis#computeFollowNode(com.google.javascript.rhino.Node,com.google.javascript.rhino.Node,com.google.javascript.jscomp.ControlFlowAnalysis):713, 5.726086199486168
com.google.javascript.jscomp.ControlFlowAnalysis#computeFollowNode(com.google.javascript.rhino.Node,com.google.javascript.rhino.Node,com.google.javascript.jscomp.ControlFlowAnalysis):727, 5.72591
com.google.javascript.jscomp.ControlFlowAnalysis#computeFollowNode(com.google.javascript.rhino.Node,com.google.javascript.rhino.Node,com.google.javascript.jscomp.ControlFlowAnalysis):728, 5.72591
com.google.javascript.jscomp.ControlFlowAnalysis#computeFollowNode(com.google.javascript.rhino.Node,com.google.javascript.rhino.Node,com.google.javascript.jscomp.ControlFlowAnalysis):729, 5.72591
com.google.javascript.jscomp.ControlFlowAnalysis#computeFollowNode(com.google.javascript.rhino.Node,com.google.javascript.rhino.Node,com.google.javascript.jscomp.ControlFlowAnalysis):730, 5.72591
com.google.javascript.jscomp.ControlFlowAnalysis#computeFollowNode(com.google.javascript.rhino.Node,com.google.javascript.rhino.Node,com.google.javascript.jscomp.ControlFlowAnalysis):731, 5.72591
com.google.javascript.jscomp.ControlFlowAnalysis#computeFollowNode(com.google.javascript.rhino.Node,com.google.javascript.rhino.Node,com.google.javascript.jscomp.ControlFlowAnalysis):733, 5.72591
com.google.javascript.jscomp.ControlFlowAnalysis#computeFollowNode(com.google.javascript.rhino.Node,com.google.javascript.rhino.Node,com.google.javascript.jscomp.ControlFlowAnalysis):736, 5.72591
com.google.javascript.jscomp.ControlFlowAnalysis#computeFollowNode(com.google.javascript.rhino.Node,com.google.javascript.rhino.Node,com.google.javascript.jscomp.ControlFlowAnalysis):740, 5.72591
com.google.javascript.jscomp.ControlFlowAnalysis#computeFollowNode(com.google.javascript.rhino.Node,com.google.javascript.rhino.Node,com.google.javascript.jscomp.ControlFlowAnalysis):741, 5.72591
com.google.javascript.jscomp.ControlFlowAnalysis#computeFollowNode(com.google.javascript.rhino.Node,com.google.javascript.rhino.Node,com.google.javascript.jscomp.ControlFlowAnalysis):743, 5.72591
com.google.javascript.jscomp.ControlFlowAnalysis#computeFollowNode(com.google.javascript.rhino.Node,com.google.javascript.rhino.Node,com.google.javascript.jscomp.ControlFlowAnalysis):747, 5.72591
com.google.javascript.jscomp.ControlFlowAnalysis#computeFollowNode(com.google.javascript.rhino.Node,com.google.javascript.rhino.Node,com.google.javascript.jscomp.ControlFlowAnalysis):750, 5.72591
com.google.javascript.jscomp.ControlFlowAnalysis#computeFollowNode(com.google.javascript.rhino.Node,com.google.javascript.rhino.Node,com.google.javascript.jscomp.ControlFlowAnalysis):751, 5.72591
com.google.javascript.jscomp.ControlFlowAnalysis#computeFollowNode(com.google.javascript.rhino.Node,com.google.javascript.rhino.Node,com.google.javascript.jscomp.ControlFlowAnalysis):752, 5.72591
com.google.javascript.jscomp.ControlFlowAnalysis#computeFollowNode(com.google.javascript.rhino.Node,com.google.javascript.rhino.Node,com.google.javascript.jscomp.ControlFlowAnalysis):754, 5.72591
com.google.javascript.jscomp.ControlFlowAnalysis#computeFollowNode(com.google.javascript.rhino.Node,com.google.javascript.rhino.Node,com.google.javascript.jscomp.ControlFlowAnalysis):757, 5.72591
com.google.javascript.jscomp.ControlFlowAnalysis#computeFollowNode(com.google.javascript.rhino.Node,com.google.javascript.rhino.Node,com.google.javascript.jscomp.ControlFlowAnalysis):758, 5.72591
com.google.javascript.jscomp.ControlFlowAnalysis#computeFollowNode(com.google.javascript.rhino.Node,com.google.javascript.rhino.Node,com.google.javascript.jscomp.ControlFlowAnalysis):759, 5.72591
com.google.javascript.jscomp.ControlFlowAnalysis#computeFollowNode(com.google.javascript.rhino.Node,com.google.javascript.rhino.Node,com.google.javascript.jscomp.ControlFlowAnalysis):761, 5.72591
com.google.javascript.jscomp.ControlFlowAnalysis#computeFollowNode(com.google.javascript.rhino.Node,com.google.javascript.rhino.Node,com.google.javascript.jscomp.ControlFlowAnalysis):764, 5.72591
com.google.javascript.jscomp.ControlFlowAnalysis#computeFollowNode(com.google.javascript.rhino.Node,com.google.javascript.rhino.Node,com.google.javascript.jscomp.ControlFlowAnalysis):765, 5.72591
com.google.javascript.jscomp.ControlFlowAnalysis#computeFollowNode(com.google.javascript.rhino.Node,com.google.javascript.rhino.Node,com.google.javascript.jscomp.ControlFlowAnalysis):766, 5.72591
com.google.javascript.jscomp.ControlFlowAnalysis#computeFollowNode(com.google.javascript.rhino.Node,com.google.javascript.rhino.Node,com.google.javascript.jscomp.ControlFlowAnalysis):767, 5.72591
com.google.javascript.jscomp.ControlFlowAnalysis#computeFollowNode(com.google.javascript.rhino.Node,com.google.javascript.rhino.Node,com.google.javascript.jscomp.ControlFlowAnalysis):768, 5.72591
com.google.javascript.jscomp.ControlFlowAnalysis#computeFollowNode(com.google.javascript.rhino.Node,com.google.javascript.rhino.Node,com.google.javascript.jscomp.ControlFlowAnalysis):770, 5.72591
com.google.javascript.jscomp.TypeInference#traverse(com.google.javascript.rhino.Node,com.google.javascript.jscomp.type.FlowScope):418, 5.709620281336101
com.google.javascript.jscomp.TypeInference#traverse(com.google.javascript.rhino.Node,com.google.javascript.jscomp.type.FlowScope):419, 5.709620281336101
com.google.javascript.jscomp.TypeInference#traverse(com.google.javascript.rhino.Node,com.google.javascript.jscomp.type.FlowScope):420, 5.709620281336101
com.google.javascript.jscomp.TypeInference#traverse(com.google.javascript.rhino.Node,com.google.javascript.jscomp.type.FlowScope):342, 5.709442744171707
com.google.javascript.jscomp.TypeInference#traverse(com.google.javascript.rhino.Node,com.google.javascript.jscomp.type.FlowScope):343, 5.709442744171707
com.google.javascript.jscomp.TypeInference#traverse(com.google.javascript.rhino.Node,com.google.javascript.jscomp.type.FlowScope):429, 5.709240212105917
com.google.javascript.jscomp.TypeInference#traverse(com.google.javascript.rhino.Node,com.google.javascript.jscomp.type.FlowScope):316, 5.709228379900215
com.google.javascript.jscomp.TypeInference#traverse(com.google.javascript.rhino.Node,com.google.javascript.jscomp.type.FlowScope):317, 5.709228379900215
com.google.javascript.jscomp.TypeInference#traverse(com.google.javascript.rhino.Node,com.google.javascript.jscomp.type.FlowScope):308, 5.7092282628964295
com.google.javascript.jscomp.TypeInference#traverse(com.google.javascript.rhino.Node,com.google.javascript.jscomp.type.FlowScope):309, 5.7092282628964295
com.google.javascript.jscomp.TypeInference#traverse(com.google.javascript.rhino.Node,com.google.javascript.jscomp.type.FlowScope):443, 5.709225217202361
com.google.javascript.jscomp.TypeInference#traverse(com.google.javascript.rhino.Node,com.google.javascript.jscomp.type.FlowScope):444, 5.709225217202361
com.google.javascript.jscomp.TypeInference#traverse(com.google.javascript.rhino.Node,com.google.javascript.jscomp.type.FlowScope):427, 5.709224257172472
com.google.javascript.jscomp.TypeInference#traverse(com.google.javascript.rhino.Node,com.google.javascript.jscomp.type.FlowScope):428, 5.709224257172472
com.google.javascript.jscomp.TypeInference#traverse(com.google.javascript.rhino.Node,com.google.javascript.jscomp.type.FlowScope):312, 5.709220140184994
com.google.javascript.jscomp.TypeInference#traverse(com.google.javascript.rhino.Node,com.google.javascript.jscomp.type.FlowScope):313, 5.709220140184994
com.google.javascript.jscomp.TypeInference#traverse(com.google.javascript.rhino.Node,com.google.javascript.jscomp.type.FlowScope):306, 5.709219083558415
com.google.javascript.jscomp.TypeInference#traverse(com.google.javascript.rhino.Node,com.google.javascript.jscomp.type.FlowScope):459, 5.709219083558415
com.google.javascript.jscomp.TypeInference#traverse(com.google.javascript.rhino.Node,com.google.javascript.jscomp.type.FlowScope):320, 5.70903
com.google.javascript.jscomp.TypeInference#traverse(com.google.javascript.rhino.Node,com.google.javascript.jscomp.type.FlowScope):322, 5.70903
com.google.javascript.jscomp.TypeInference#traverse(com.google.javascript.rhino.Node,com.google.javascript.jscomp.type.FlowScope):325, 5.70903
com.google.javascript.jscomp.TypeInference#traverse(com.google.javascript.rhino.Node,com.google.javascript.jscomp.type.FlowScope):327, 5.70903
com.google.javascript.jscomp.TypeInference#traverse(com.google.javascript.rhino.Node,com.google.javascript.jscomp.type.FlowScope):330, 5.70903
com.google.javascript.jscomp.TypeInference#traverse(com.google.javascript.rhino.Node,com.google.javascript.jscomp.type.FlowScope):331, 5.70903
com.google.javascript.jscomp.TypeInference#traverse(com.google.javascript.rhino.Node,com.google.javascript.jscomp.type.FlowScope):334, 5.70903
com.google.javascript.jscomp.TypeInference#traverse(com.google.javascript.rhino.Node,com.google.javascript.jscomp.type.FlowScope):335, 5.70903
com.google.javascript.jscomp.TypeInference#traverse(com.google.javascript.rhino.Node,com.google.javascript.jscomp.type.FlowScope):338, 5.70903
com.google.javascript.jscomp.TypeInference#traverse(com.google.javascript.rhino.Node,com.google.javascript.jscomp.type.FlowScope):339, 5.70903
com.google.javascript.jscomp.TypeInference#traverse(com.google.javascript.rhino.Node,com.google.javascript.jscomp.type.FlowScope):347, 5.70903
com.google.javascript.jscomp.TypeInference#traverse(com.google.javascript.rhino.Node,com.google.javascript.jscomp.type.FlowScope):348, 5.70903
com.google.javascript.jscomp.TypeInference#traverse(com.google.javascript.rhino.Node,com.google.javascript.jscomp.type.FlowScope):352, 5.70903
com.google.javascript.jscomp.TypeInference#traverse(com.google.javascript.rhino.Node,com.google.javascript.jscomp.type.FlowScope):353, 5.70903
com.google.javascript.jscomp.TypeInference#traverse(com.google.javascript.rhino.Node,com.google.javascript.jscomp.type.FlowScope):354, 5.70903
com.google.javascript.jscomp.TypeInference#traverse(com.google.javascript.rhino.Node,com.google.javascript.jscomp.type.FlowScope):357, 5.70903
com.google.javascript.jscomp.TypeInference#traverse(com.google.javascript.rhino.Node,com.google.javascript.jscomp.type.FlowScope):358, 5.70903
com.google.javascript.jscomp.TypeInference#traverse(com.google.javascript.rhino.Node,com.google.javascript.jscomp.type.FlowScope):361, 5.70903
com.google.javascript.jscomp.TypeInference#traverse(com.google.javascript.rhino.Node,com.google.javascript.jscomp.type.FlowScope):362, 5.70903
com.google.javascript.jscomp.TypeInference#traverse(com.google.javascript.rhino.Node,com.google.javascript.jscomp.type.FlowScope):387, 5.70903
com.google.javascript.jscomp.TypeInference#traverse(com.google.javascript.rhino.Node,com.google.javascript.jscomp.type.FlowScope):388, 5.70903
com.google.javascript.jscomp.TypeInference#traverse(com.google.javascript.rhino.Node,com.google.javascript.jscomp.type.FlowScope):389, 5.70903
com.google.javascript.jscomp.TypeInference#traverse(com.google.javascript.rhino.Node,com.google.javascript.jscomp.type.FlowScope):392, 5.70903
com.google.javascript.jscomp.TypeInference#traverse(com.google.javascript.rhino.Node,com.google.javascript.jscomp.type.FlowScope):393, 5.70903
com.google.javascript.jscomp.TypeInference#traverse(com.google.javascript.rhino.Node,com.google.javascript.jscomp.type.FlowScope):394, 5.70903
com.google.javascript.jscomp.TypeInference#traverse(com.google.javascript.rhino.Node,com.google.javascript.jscomp.type.FlowScope):397, 5.70903
com.google.javascript.jscomp.TypeInference#traverse(com.google.javascript.rhino.Node,com.google.javascript.jscomp.type.FlowScope):398, 5.70903
com.google.javascript.jscomp.TypeInference#traverse(com.google.javascript.rhino.Node,com.google.javascript.jscomp.type.FlowScope):399, 5.70903
com.google.javascript.jscomp.TypeInference#traverse(com.google.javascript.rhino.Node,com.google.javascript.jscomp.type.FlowScope):402, 5.70903
com.google.javascript.jscomp.TypeInference#traverse(com.google.javascript.rhino.Node,com.google.javascript.jscomp.type.FlowScope):403, 5.70903
com.google.javascript.jscomp.TypeInference#traverse(com.google.javascript.rhino.Node,com.google.javascript.jscomp.type.FlowScope):404, 5.70903
com.google.javascript.jscomp.TypeInference#traverse(com.google.javascript.rhino.Node,com.google.javascript.jscomp.type.FlowScope):423, 5.70903
com.google.javascript.jscomp.TypeInference#traverse(com.google.javascript.rhino.Node,com.google.javascript.jscomp.type.FlowScope):424, 5.70903
com.google.javascript.jscomp.TypeInference#traverse(com.google.javascript.rhino.Node,com.google.javascript.jscomp.type.FlowScope):434, 5.70903
com.google.javascript.jscomp.TypeInference#traverse(com.google.javascript.rhino.Node,com.google.javascript.jscomp.type.FlowScope):435, 5.70903
com.google.javascript.jscomp.TypeInference#traverse(com.google.javascript.rhino.Node,com.google.javascript.jscomp.type.FlowScope):438, 5.70903
com.google.javascript.jscomp.TypeInference#traverse(com.google.javascript.rhino.Node,com.google.javascript.jscomp.type.FlowScope):439, 5.70903
com.google.javascript.jscomp.TypeInference#traverse(com.google.javascript.rhino.Node,com.google.javascript.jscomp.type.FlowScope):447, 5.70903
com.google.javascript.jscomp.TypeInference#traverse(com.google.javascript.rhino.Node,com.google.javascript.jscomp.type.FlowScope):448, 5.70903
com.google.javascript.jscomp.TypeInference#traverse(com.google.javascript.rhino.Node,com.google.javascript.jscomp.type.FlowScope):451, 5.70903
com.google.javascript.jscomp.TypeInference#traverse(com.google.javascript.rhino.Node,com.google.javascript.jscomp.type.FlowScope):452, 5.70903
com.google.javascript.jscomp.TypeInference#traverse(com.google.javascript.rhino.Node,com.google.javascript.jscomp.type.FlowScope):453, 5.70903
com.google.javascript.jscomp.TypeInference#traverse(com.google.javascript.rhino.Node,com.google.javascript.jscomp.type.FlowScope):454, 5.70903
com.google.javascript.jscomp.LinkedFlowScope#inferSlotType(java.lang.String,com.google.javascript.rhino.jstype.JSType):105, 5.6902671722499365
com.google.javascript.jscomp.LinkedFlowScope#inferSlotType(java.lang.String,com.google.javascript.rhino.jstype.JSType):106, 5.6902671722499365
com.google.javascript.jscomp.LinkedFlowScope#inferSlotType(java.lang.String,com.google.javascript.rhino.jstype.JSType):107, 5.6902671722499365
com.google.javascript.jscomp.LinkedFlowScope#inferSlotType(java.lang.String,com.google.javascript.rhino.jstype.JSType):108, 5.6902671722499365
com.google.javascript.jscomp.LinkedFlowScope#inferSlotType(java.lang.String,com.google.javascript.rhino.jstype.JSType):109, 5.6902671722499365
com.google.javascript.jscomp.TypeInference#traverseName(com.google.javascript.rhino.Node,com.google.javascript.jscomp.type.FlowScope):693, 5.683987661481035
com.google.javascript.jscomp.TypeInference#traverseName(com.google.javascript.rhino.Node,com.google.javascript.jscomp.type.FlowScope):694, 5.683987661481035
com.google.javascript.jscomp.TypeInference#traverseName(com.google.javascript.rhino.Node,com.google.javascript.jscomp.type.FlowScope):662, 5.683786556836361
com.google.javascript.jscomp.TypeInference#traverseName(com.google.javascript.rhino.Node,com.google.javascript.jscomp.type.FlowScope):663, 5.683786556836361
com.google.javascript.jscomp.TypeInference#traverseName(com.google.javascript.rhino.Node,com.google.javascript.jscomp.type.FlowScope):665, 5.683786556836361
com.google.javascript.jscomp.TypeInference#traverseName(com.google.javascript.rhino.Node,com.google.javascript.jscomp.type.FlowScope):701, 5.683731811779216
com.google.javascript.jscomp.TypeInference#traverseName(com.google.javascript.rhino.Node,com.google.javascript.jscomp.type.FlowScope):702, 5.683731811779216
com.google.javascript.jscomp.TypeInference#traverseName(com.google.javascript.rhino.Node,com.google.javascript.jscomp.type.FlowScope):674, 5.683731741247212
com.google.javascript.jscomp.TypeInference#traverseName(com.google.javascript.rhino.Node,com.google.javascript.jscomp.type.FlowScope):675, 5.683731741247212
com.google.javascript.jscomp.TypeInference#traverseName(com.google.javascript.rhino.Node,com.google.javascript.jscomp.type.FlowScope):691, 5.683731741247212
com.google.javascript.jscomp.TypeInference#traverseName(com.google.javascript.rhino.Node,com.google.javascript.jscomp.type.FlowScope):692, 5.683731741247212
com.google.javascript.jscomp.TypeInference#traverseName(com.google.javascript.rhino.Node,com.google.javascript.jscomp.type.FlowScope):700, 5.683731741247212
com.google.javascript.jscomp.TypeInference#traverseName(com.google.javascript.rhino.Node,com.google.javascript.jscomp.type.FlowScope):667, 5.68373121472563
com.google.javascript.jscomp.TypeInference#traverseName(com.google.javascript.rhino.Node,com.google.javascript.jscomp.type.FlowScope):668, 5.68373121472563
com.google.javascript.jscomp.TypeInference#traverseName(com.google.javascript.rhino.Node,com.google.javascript.jscomp.type.FlowScope):708, 5.68373121472563
com.google.javascript.jscomp.TypeInference#traverseName(com.google.javascript.rhino.Node,com.google.javascript.jscomp.type.FlowScope):709, 5.68373121472563
com.google.javascript.jscomp.TypeInference#traverseName(com.google.javascript.rhino.Node,com.google.javascript.jscomp.type.FlowScope):658, 5.683730140184993
com.google.javascript.jscomp.TypeInference#traverseName(com.google.javascript.rhino.Node,com.google.javascript.jscomp.type.FlowScope):659, 5.683730140184993
com.google.javascript.jscomp.TypeInference#traverseName(com.google.javascript.rhino.Node,com.google.javascript.jscomp.type.FlowScope):660, 5.683730140184993
com.google.javascript.jscomp.TypeInference#traverseName(com.google.javascript.rhino.Node,com.google.javascript.jscomp.type.FlowScope):661, 5.683730140184993
com.google.javascript.jscomp.TypeInference#traverseName(com.google.javascript.rhino.Node,com.google.javascript.jscomp.type.FlowScope):696, 5.68354
com.google.javascript.jscomp.TypeInference#traverseName(com.google.javascript.rhino.Node,com.google.javascript.jscomp.type.FlowScope):703, 5.68354
com.google.javascript.jscomp.ControlFlowAnalysis#visit(com.google.javascript.jscomp.NodeTraversal,com.google.javascript.rhino.Node,com.google.javascript.rhino.Node):298, 5.6710197601439045
com.google.javascript.jscomp.ControlFlowAnalysis#visit(com.google.javascript.jscomp.NodeTraversal,com.google.javascript.rhino.Node,com.google.javascript.rhino.Node):299, 5.6710197601439045
com.google.javascript.jscomp.ControlFlowAnalysis#visit(com.google.javascript.jscomp.NodeTraversal,com.google.javascript.rhino.Node,com.google.javascript.rhino.Node):323, 5.6706047107155735
com.google.javascript.jscomp.ControlFlowAnalysis#visit(com.google.javascript.jscomp.NodeTraversal,com.google.javascript.rhino.Node,com.google.javascript.rhino.Node):324, 5.6706047107155735
com.google.javascript.jscomp.ControlFlowAnalysis#visit(com.google.javascript.jscomp.NodeTraversal,com.google.javascript.rhino.Node,com.google.javascript.rhino.Node):326, 5.6706040525434585
com.google.javascript.jscomp.ControlFlowAnalysis#visit(com.google.javascript.jscomp.NodeTraversal,com.google.javascript.rhino.Node,com.google.javascript.rhino.Node):327, 5.6706040525434585
com.google.javascript.jscomp.ControlFlowAnalysis#visit(com.google.javascript.jscomp.NodeTraversal,com.google.javascript.rhino.Node,com.google.javascript.rhino.Node):352, 5.670603493960854
com.google.javascript.jscomp.ControlFlowAnalysis#visit(com.google.javascript.jscomp.NodeTraversal,com.google.javascript.rhino.Node,com.google.javascript.rhino.Node):353, 5.670603493960854
com.google.javascript.jscomp.ControlFlowAnalysis#visit(com.google.javascript.jscomp.NodeTraversal,com.google.javascript.rhino.Node,com.google.javascript.rhino.Node):296, 5.6705968043231305
com.google.javascript.jscomp.ControlFlowAnalysis#visit(com.google.javascript.jscomp.NodeTraversal,com.google.javascript.rhino.Node,com.google.javascript.rhino.Node):320, 5.6705968043231305
com.google.javascript.jscomp.ControlFlowAnalysis#visit(com.google.javascript.jscomp.NodeTraversal,com.google.javascript.rhino.Node,com.google.javascript.rhino.Node):321, 5.6705968043231305
com.google.javascript.jscomp.ControlFlowAnalysis#visit(com.google.javascript.jscomp.NodeTraversal,com.google.javascript.rhino.Node,com.google.javascript.rhino.Node):301, 5.67042
com.google.javascript.jscomp.ControlFlowAnalysis#visit(com.google.javascript.jscomp.NodeTraversal,com.google.javascript.rhino.Node,com.google.javascript.rhino.Node):302, 5.67042
com.google.javascript.jscomp.ControlFlowAnalysis#visit(com.google.javascript.jscomp.NodeTraversal,com.google.javascript.rhino.Node,com.google.javascript.rhino.Node):304, 5.67042
com.google.javascript.jscomp.ControlFlowAnalysis#visit(com.google.javascript.jscomp.NodeTraversal,com.google.javascript.rhino.Node,com.google.javascript.rhino.Node):305, 5.67042
com.google.javascript.jscomp.ControlFlowAnalysis#visit(com.google.javascript.jscomp.NodeTraversal,com.google.javascript.rhino.Node,com.google.javascript.rhino.Node):307, 5.67042
com.google.javascript.jscomp.ControlFlowAnalysis#visit(com.google.javascript.jscomp.NodeTraversal,com.google.javascript.rhino.Node,com.google.javascript.rhino.Node):308, 5.67042
com.google.javascript.jscomp.ControlFlowAnalysis#visit(com.google.javascript.jscomp.NodeTraversal,com.google.javascript.rhino.Node,com.google.javascript.rhino.Node):310, 5.67042
com.google.javascript.jscomp.ControlFlowAnalysis#visit(com.google.javascript.jscomp.NodeTraversal,com.google.javascript.rhino.Node,com.google.javascript.rhino.Node):311, 5.67042
com.google.javascript.jscomp.ControlFlowAnalysis#visit(com.google.javascript.jscomp.NodeTraversal,com.google.javascript.rhino.Node,com.google.javascript.rhino.Node):313, 5.67042
com.google.javascript.jscomp.ControlFlowAnalysis#visit(com.google.javascript.jscomp.NodeTraversal,com.google.javascript.rhino.Node,com.google.javascript.rhino.Node):314, 5.67042
com.google.javascript.jscomp.ControlFlowAnalysis#visit(com.google.javascript.jscomp.NodeTraversal,com.google.javascript.rhino.Node,com.google.javascript.rhino.Node):316, 5.67042
com.google.javascript.jscomp.ControlFlowAnalysis#visit(com.google.javascript.jscomp.NodeTraversal,com.google.javascript.rhino.Node,com.google.javascript.rhino.Node):317, 5.67042
com.google.javascript.jscomp.ControlFlowAnalysis#visit(com.google.javascript.jscomp.NodeTraversal,com.google.javascript.rhino.Node,com.google.javascript.rhino.Node):329, 5.67042
com.google.javascript.jscomp.ControlFlowAnalysis#visit(com.google.javascript.jscomp.NodeTraversal,com.google.javascript.rhino.Node,com.google.javascript.rhino.Node):330, 5.67042
com.google.javascript.jscomp.ControlFlowAnalysis#visit(com.google.javascript.jscomp.NodeTraversal,com.google.javascript.rhino.Node,com.google.javascript.rhino.Node):332, 5.67042
com.google.javascript.jscomp.ControlFlowAnalysis#visit(com.google.javascript.jscomp.NodeTraversal,com.google.javascript.rhino.Node,com.google.javascript.rhino.Node):333, 5.67042
com.google.javascript.jscomp.ControlFlowAnalysis#visit(com.google.javascript.jscomp.NodeTraversal,com.google.javascript.rhino.Node,com.google.javascript.rhino.Node):335, 5.67042
com.google.javascript.jscomp.ControlFlowAnalysis#visit(com.google.javascript.jscomp.NodeTraversal,com.google.javascript.rhino.Node,com.google.javascript.rhino.Node):336, 5.67042
com.google.javascript.jscomp.ControlFlowAnalysis#visit(com.google.javascript.jscomp.NodeTraversal,com.google.javascript.rhino.Node,com.google.javascript.rhino.Node):338, 5.67042
com.google.javascript.jscomp.ControlFlowAnalysis#visit(com.google.javascript.jscomp.NodeTraversal,com.google.javascript.rhino.Node,com.google.javascript.rhino.Node):339, 5.67042
com.google.javascript.jscomp.ControlFlowAnalysis#visit(com.google.javascript.jscomp.NodeTraversal,com.google.javascript.rhino.Node,com.google.javascript.rhino.Node):341, 5.67042
com.google.javascript.jscomp.ControlFlowAnalysis#visit(com.google.javascript.jscomp.NodeTraversal,com.google.javascript.rhino.Node,com.google.javascript.rhino.Node):342, 5.67042
com.google.javascript.jscomp.ControlFlowAnalysis#visit(com.google.javascript.jscomp.NodeTraversal,com.google.javascript.rhino.Node,com.google.javascript.rhino.Node):344, 5.67042
com.google.javascript.jscomp.ControlFlowAnalysis#visit(com.google.javascript.jscomp.NodeTraversal,com.google.javascript.rhino.Node,com.google.javascript.rhino.Node):345, 5.67042
com.google.javascript.jscomp.ControlFlowAnalysis#visit(com.google.javascript.jscomp.NodeTraversal,com.google.javascript.rhino.Node,com.google.javascript.rhino.Node):347, 5.67042
com.google.javascript.jscomp.ControlFlowAnalysis#visit(com.google.javascript.jscomp.NodeTraversal,com.google.javascript.rhino.Node,com.google.javascript.rhino.Node):348, 5.67042
com.google.javascript.jscomp.ControlFlowAnalysis#visit(com.google.javascript.jscomp.NodeTraversal,com.google.javascript.rhino.Node,com.google.javascript.rhino.Node):350, 5.67042
com.google.javascript.jscomp.LinkedFlowScope#getSlot(java.lang.String):148, 5.664225126745831
com.google.javascript.jscomp.LinkedFlowScope#getSlot(java.lang.String):147, 5.6642232657448375
com.google.javascript.jscomp.LinkedFlowScope#getSlot(java.lang.String):145, 5.664219937863686
com.google.javascript.jscomp.LinkedFlowScope#getSlot(java.lang.String):146, 5.664219937863686
com.google.javascript.jscomp.LinkedFlowScope#getSlot(java.lang.String):152, 5.6641010750508665
com.google.javascript.jscomp.LinkedFlowScope#getSlot(java.lang.String):144, 5.664098545049501
com.google.javascript.jscomp.ControlFlowAnalysis#shouldTraverse(com.google.javascript.jscomp.NodeTraversal,com.google.javascript.rhino.Node,com.google.javascript.rhino.Node):260, 5.663599802882298
com.google.javascript.jscomp.ControlFlowAnalysis#shouldTraverse(com.google.javascript.jscomp.NodeTraversal,com.google.javascript.rhino.Node,com.google.javascript.rhino.Node):228, 5.663229402686571
com.google.javascript.jscomp.ControlFlowAnalysis#shouldTraverse(com.google.javascript.jscomp.NodeTraversal,com.google.javascript.rhino.Node,com.google.javascript.rhino.Node):225, 5.6632147107155735
com.google.javascript.jscomp.ControlFlowAnalysis#shouldTraverse(com.google.javascript.jscomp.NodeTraversal,com.google.javascript.rhino.Node,com.google.javascript.rhino.Node):226, 5.6632147107155735
com.google.javascript.jscomp.ControlFlowAnalysis#shouldTraverse(com.google.javascript.jscomp.NodeTraversal,com.google.javascript.rhino.Node,com.google.javascript.rhino.Node):270, 5.6632147107155735
com.google.javascript.jscomp.ControlFlowAnalysis#shouldTraverse(com.google.javascript.jscomp.NodeTraversal,com.google.javascript.rhino.Node,com.google.javascript.rhino.Node):224, 5.663214647728116
com.google.javascript.jscomp.ControlFlowAnalysis#shouldTraverse(com.google.javascript.jscomp.NodeTraversal,com.google.javascript.rhino.Node,com.google.javascript.rhino.Node):277, 5.66320837246313
com.google.javascript.jscomp.ControlFlowAnalysis#shouldTraverse(com.google.javascript.jscomp.NodeTraversal,com.google.javascript.rhino.Node,com.google.javascript.rhino.Node):291, 5.663206831963922
com.google.javascript.jscomp.ControlFlowAnalysis#shouldTraverse(com.google.javascript.jscomp.NodeTraversal,com.google.javascript.rhino.Node,com.google.javascript.rhino.Node):220, 5.6632068043231305
com.google.javascript.jscomp.ControlFlowAnalysis#shouldTraverse(com.google.javascript.jscomp.NodeTraversal,com.google.javascript.rhino.Node,com.google.javascript.rhino.Node):222, 5.6632068043231305
com.google.javascript.jscomp.ControlFlowAnalysis#shouldTraverse(com.google.javascript.jscomp.NodeTraversal,com.google.javascript.rhino.Node,com.google.javascript.rhino.Node):250, 5.6632068043231305
com.google.javascript.jscomp.ControlFlowAnalysis#shouldTraverse(com.google.javascript.jscomp.NodeTraversal,com.google.javascript.rhino.Node,com.google.javascript.rhino.Node):251, 5.6632068043231305
com.google.javascript.jscomp.ControlFlowAnalysis#shouldTraverse(com.google.javascript.jscomp.NodeTraversal,com.google.javascript.rhino.Node,com.google.javascript.rhino.Node):230, 5.66303
com.google.javascript.jscomp.ControlFlowAnalysis#shouldTraverse(com.google.javascript.jscomp.NodeTraversal,com.google.javascript.rhino.Node,com.google.javascript.rhino.Node):231, 5.66303
com.google.javascript.jscomp.ControlFlowAnalysis#shouldTraverse(com.google.javascript.jscomp.NodeTraversal,com.google.javascript.rhino.Node,com.google.javascript.rhino.Node):254, 5.66303
com.google.javascript.jscomp.ControlFlowAnalysis#shouldTraverse(com.google.javascript.jscomp.NodeTraversal,com.google.javascript.rhino.Node,com.google.javascript.rhino.Node):262, 5.66303
com.google.javascript.jscomp.ControlFlowAnalysis#shouldTraverse(com.google.javascript.jscomp.NodeTraversal,com.google.javascript.rhino.Node,com.google.javascript.rhino.Node):268, 5.66303
com.google.javascript.jscomp.ControlFlowAnalysis#shouldTraverse(com.google.javascript.jscomp.NodeTraversal,com.google.javascript.rhino.Node,com.google.javascript.rhino.Node):285, 5.66303
com.google.javascript.jscomp.ControlFlowAnalysis#shouldTraverse(com.google.javascript.jscomp.NodeTraversal,com.google.javascript.rhino.Node,com.google.javascript.rhino.Node):286, 5.66303
com.google.javascript.jscomp.ControlFlowAnalysis#shouldTraverse(com.google.javascript.jscomp.NodeTraversal,com.google.javascript.rhino.Node,com.google.javascript.rhino.Node):287, 5.66303
com.google.javascript.jscomp.LinkedFlowScope.FlatFlowScopeCache#getSlot(java.lang.String):496, 5.553981249692208
com.google.javascript.jscomp.LinkedFlowScope.FlatFlowScopeCache#getSlot(java.lang.String):493, 5.553981075050867
com.google.javascript.jscomp.LinkedFlowScope.FlatFlowScopeCache#getSlot(java.lang.String):494, 5.55379
com.google.javascript.jscomp.NodeUtil#isForIn(com.google.javascript.rhino.Node):1621, 5.545373604832115
com.google.javascript.jscomp.ControlFlowAnalysis#handleFunction(com.google.javascript.rhino.Node):527, 5.518704710715573
com.google.javascript.jscomp.ControlFlowAnalysis#handleFunction(com.google.javascript.rhino.Node):528, 5.518704710715573
com.google.javascript.jscomp.ControlFlowAnalysis#handleFunction(com.google.javascript.rhino.Node):530, 5.518704710715573
com.google.javascript.jscomp.ControlFlowAnalysis#handleFunction(com.google.javascript.rhino.Node):531, 5.518704710715573
com.google.javascript.jscomp.ControlFlowAnalysis#handleFunction(com.google.javascript.rhino.Node):532, 5.518704710715573
com.google.javascript.jscomp.DataFlowAnalysis.BranchedForwardDataFlowAnalysis#joinInputs(com.google.javascript.jscomp.graph.DiGraph.DiGraphNode):459, 5.516219049766339
com.google.javascript.jscomp.DataFlowAnalysis.BranchedForwardDataFlowAnalysis#joinInputs(com.google.javascript.jscomp.graph.DiGraph.DiGraphNode):460, 5.516219049766339
com.google.javascript.jscomp.DataFlowAnalysis.BranchedForwardDataFlowAnalysis#joinInputs(com.google.javascript.jscomp.graph.DiGraph.DiGraphNode):462, 5.516219049766339
com.google.javascript.jscomp.DataFlowAnalysis.BranchedForwardDataFlowAnalysis#joinInputs(com.google.javascript.jscomp.graph.DiGraph.DiGraphNode):464, 5.516219049766339
com.google.javascript.jscomp.DataFlowAnalysis.BranchedForwardDataFlowAnalysis#joinInputs(com.google.javascript.jscomp.graph.DiGraph.DiGraphNode):465, 5.516219049766339
com.google.javascript.jscomp.DataFlowAnalysis.BranchedForwardDataFlowAnalysis#joinInputs(com.google.javascript.jscomp.graph.DiGraph.DiGraphNode):467, 5.516219049766339
com.google.javascript.jscomp.DataFlowAnalysis.BranchedForwardDataFlowAnalysis#joinInputs(com.google.javascript.jscomp.graph.DiGraph.DiGraphNode):470, 5.516219049766339
com.google.javascript.jscomp.DataFlowAnalysis.BranchedForwardDataFlowAnalysis#joinInputs(com.google.javascript.jscomp.graph.DiGraph.DiGraphNode):471, 5.516219049766339
com.google.javascript.jscomp.DataFlowAnalysis.BranchedForwardDataFlowAnalysis#joinInputs(com.google.javascript.jscomp.graph.DiGraph.DiGraphNode):472, 5.516219049766339
com.google.javascript.jscomp.DataFlowAnalysis.BranchedForwardDataFlowAnalysis#joinInputs(com.google.javascript.jscomp.graph.DiGraph.DiGraphNode):473, 5.516219049766339
com.google.javascript.jscomp.DataFlowAnalysis.BranchedForwardDataFlowAnalysis#joinInputs(com.google.javascript.jscomp.graph.DiGraph.DiGraphNode):474, 5.516219049766339
com.google.javascript.jscomp.DataFlowAnalysis.BranchedForwardDataFlowAnalysis#joinInputs(com.google.javascript.jscomp.graph.DiGraph.DiGraphNode):475, 5.516219049766339
com.google.javascript.jscomp.DataFlowAnalysis.BranchedForwardDataFlowAnalysis#joinInputs(com.google.javascript.jscomp.graph.DiGraph.DiGraphNode):477, 5.516219049766339
com.google.javascript.rhino.jstype.FunctionType#isOrdinaryFunction():204, 5.495499518868547
com.google.javascript.jscomp.TypeCheck#getJSType(com.google.javascript.rhino.Node):2038, 5.474190522036828
com.google.javascript.jscomp.TypeCheck#getJSType(com.google.javascript.rhino.Node):2039, 5.474190522036828
com.google.javascript.jscomp.TypeCheck#getJSType(com.google.javascript.rhino.Node):2046, 5.474190522036828
com.google.javascript.jscomp.TypeCheck#getJSType(com.google.javascript.rhino.Node):2044, 5.47399
com.google.javascript.rhino.jstype.JSType#getTypesUnderShallowInequality(com.google.javascript.rhino.jstype.JSType):1179, 5.468116666666667
com.google.javascript.rhino.jstype.JSType#getTypesUnderShallowInequality(com.google.javascript.rhino.jstype.JSType):1187, 5.468116666666667
com.google.javascript.rhino.jstype.JSType#getTypesUnderShallowInequality(com.google.javascript.rhino.jstype.JSType):1191, 5.468116666666667
com.google.javascript.rhino.jstype.JSType#getTypesUnderShallowInequality(com.google.javascript.rhino.jstype.JSType):1180, 5.46645
com.google.javascript.rhino.jstype.JSType#getTypesUnderShallowInequality(com.google.javascript.rhino.jstype.JSType):1181, 5.46645
com.google.javascript.rhino.jstype.JSType#getTypesUnderShallowInequality(com.google.javascript.rhino.jstype.JSType):1189, 5.46645
com.google.javascript.jscomp.TypeCheck#processForTesting(com.google.javascript.rhino.Node,com.google.javascript.rhino.Node):398, 5.4526036157405935
com.google.javascript.jscomp.TypeCheck#processForTesting(com.google.javascript.rhino.Node,com.google.javascript.rhino.Node):399, 5.4526036157405935
com.google.javascript.jscomp.TypeCheck#processForTesting(com.google.javascript.rhino.Node,com.google.javascript.rhino.Node):401, 5.4526036157405935
com.google.javascript.jscomp.TypeCheck#processForTesting(com.google.javascript.rhino.Node,com.google.javascript.rhino.Node):402, 5.4526036157405935
com.google.javascript.jscomp.TypeCheck#processForTesting(com.google.javascript.rhino.Node,com.google.javascript.rhino.Node):404, 5.4526036157405935
com.google.javascript.jscomp.TypeCheck#processForTesting(com.google.javascript.rhino.Node,com.google.javascript.rhino.Node):405, 5.4526036157405935
com.google.javascript.jscomp.TypeCheck#processForTesting(com.google.javascript.rhino.Node,com.google.javascript.rhino.Node):407, 5.4526036157405935
com.google.javascript.jscomp.TypeCheck#processForTesting(com.google.javascript.rhino.Node,com.google.javascript.rhino.Node):410, 5.4526036157405935
com.google.javascript.jscomp.TypeCheck#processForTesting(com.google.javascript.rhino.Node,com.google.javascript.rhino.Node):411, 5.4526036157405935
com.google.javascript.jscomp.TypeCheck#processForTesting(com.google.javascript.rhino.Node,com.google.javascript.rhino.Node):413, 5.4524
com.google.javascript.jscomp.TypeCheck#check(com.google.javascript.rhino.Node,boolean):424, 5.4480648509483425
com.google.javascript.jscomp.TypeCheck#check(com.google.javascript.rhino.Node,boolean):418, 5.448058889321044
com.google.javascript.jscomp.TypeCheck#check(com.google.javascript.rhino.Node,boolean):420, 5.448058889321044
com.google.javascript.jscomp.TypeCheck#check(com.google.javascript.rhino.Node,boolean):421, 5.448058889321044
com.google.javascript.jscomp.TypeCheck#check(com.google.javascript.rhino.Node,boolean):422, 5.448058889321044
com.google.javascript.jscomp.TypeCheck#check(com.google.javascript.rhino.Node,boolean):423, 5.448058889321044
com.google.javascript.jscomp.TypeCheck#check(com.google.javascript.rhino.Node,boolean):428, 5.448058889321044
com.google.javascript.jscomp.TypeCheck#check(com.google.javascript.rhino.Node,boolean):426, 5.44786
com.google.javascript.jscomp.TypeCheck#shouldTraverse(com.google.javascript.jscomp.NodeTraversal,com.google.javascript.rhino.Node,com.google.javascript.rhino.Node):465, 5.448060522036829
com.google.javascript.jscomp.TypeCheck#shouldTraverse(com.google.javascript.jscomp.NodeTraversal,com.google.javascript.rhino.Node,com.google.javascript.rhino.Node):466, 5.448060522036829
com.google.javascript.jscomp.TypeCheck#shouldTraverse(com.google.javascript.jscomp.NodeTraversal,com.google.javascript.rhino.Node,com.google.javascript.rhino.Node):467, 5.448060522036829
com.google.javascript.jscomp.TypeCheck#shouldTraverse(com.google.javascript.jscomp.NodeTraversal,com.google.javascript.rhino.Node,com.google.javascript.rhino.Node):461, 5.448058889321044
com.google.javascript.jscomp.TypeCheck#shouldTraverse(com.google.javascript.jscomp.NodeTraversal,com.google.javascript.rhino.Node,com.google.javascript.rhino.Node):462, 5.448058889321044
com.google.javascript.jscomp.TypeCheck#shouldTraverse(com.google.javascript.jscomp.NodeTraversal,com.google.javascript.rhino.Node,com.google.javascript.rhino.Node):482, 5.448058889321044
com.google.javascript.jscomp.TypeCheck#shouldTraverse(com.google.javascript.jscomp.NodeTraversal,com.google.javascript.rhino.Node,com.google.javascript.rhino.Node):474, 5.44786
com.google.javascript.jscomp.TypeCheck#process(com.google.javascript.rhino.Node,com.google.javascript.rhino.Node):391, 5.443054850948342
com.google.javascript.jscomp.TypeCheck#process(com.google.javascript.rhino.Node,com.google.javascript.rhino.Node):382, 5.443048889321044
com.google.javascript.jscomp.TypeCheck#process(com.google.javascript.rhino.Node,com.google.javascript.rhino.Node):383, 5.443048889321044
com.google.javascript.jscomp.TypeCheck#process(com.google.javascript.rhino.Node,com.google.javascript.rhino.Node):385, 5.443048889321044
com.google.javascript.jscomp.TypeCheck#process(com.google.javascript.rhino.Node,com.google.javascript.rhino.Node):386, 5.443048889321044
com.google.javascript.jscomp.TypeCheck#process(com.google.javascript.rhino.Node,com.google.javascript.rhino.Node):387, 5.443048889321044
com.google.javascript.jscomp.TypeCheck#process(com.google.javascript.rhino.Node,com.google.javascript.rhino.Node):390, 5.443048889321044
com.google.javascript.jscomp.TypeCheck#process(com.google.javascript.rhino.Node,com.google.javascript.rhino.Node):393, 5.443048889321044
com.google.javascript.jscomp.TypeCheck#process(com.google.javascript.rhino.Node,com.google.javascript.rhino.Node):394, 5.44285
com.google.javascript.rhino.jstype.JSType#canTestForShallowEqualityWith(com.google.javascript.rhino.jstype.JSType):877, 5.429263375672973
com.google.javascript.rhino.jstype.JSType#canTestForShallowEqualityWith(com.google.javascript.rhino.jstype.JSType):878, 5.429263375672973
com.google.javascript.rhino.jstype.JSType#canTestForShallowEqualityWith(com.google.javascript.rhino.jstype.JSType):873, 5.429156306209562
com.google.javascript.rhino.jstype.JSType#canTestForShallowEqualityWith(com.google.javascript.rhino.jstype.JSType):874, 5.42782
com.google.javascript.jscomp.TypeInferencePass#inferAllScopes(com.google.javascript.rhino.Node):101, 5.37933302285912
com.google.javascript.jscomp.TypeInferencePass#inferAllScopes(com.google.javascript.rhino.Node):105, 5.37933302285912
com.google.javascript.jscomp.TypeInferencePass#inferAllScopes(com.google.javascript.rhino.Node):106, 5.37933302285912
com.google.javascript.jscomp.TypeInferencePass#inferAllScopes(com.google.javascript.rhino.Node):107, 5.37933302285912
com.google.javascript.jscomp.TypeInferencePass#inferAllScopes(com.google.javascript.rhino.Node):109, 5.37933302285912
com.google.javascript.jscomp.TypeInferencePass#inferAllScopes(com.google.javascript.rhino.Node):112, 5.37933302285912
com.google.javascript.jscomp.TypeInferencePass#inferScope(com.google.javascript.rhino.Node,com.google.javascript.jscomp.Scope):115, 5.37933302285912
com.google.javascript.jscomp.TypeInferencePass#inferScope(com.google.javascript.rhino.Node,com.google.javascript.jscomp.Scope):120, 5.37933302285912
com.google.javascript.jscomp.TypeInferencePass#inferScope(com.google.javascript.rhino.Node,com.google.javascript.jscomp.Scope):123, 5.37933302285912
com.google.javascript.jscomp.TypeInferencePass#inferScope(com.google.javascript.rhino.Node,com.google.javascript.jscomp.Scope):127, 5.37933302285912
com.google.javascript.jscomp.TypeInferencePass#inferScope(com.google.javascript.rhino.Node,com.google.javascript.jscomp.Scope):128, 5.37933302285912
com.google.javascript.jscomp.TypeInferencePass#inferScope(com.google.javascript.rhino.Node,com.google.javascript.jscomp.Scope):125, 5.37914
com.google.javascript.jscomp.TypeInferencePass#inferScope(com.google.javascript.rhino.Node,com.google.javascript.jscomp.Scope):126, 5.37914
com.google.javascript.jscomp.parsing.IRFactory#transformTokenType(int):1360, 5.367840994448736
com.google.javascript.jscomp.parsing.IRFactory#transformTokenType(int):1334, 5.366875128044382
com.google.javascript.jscomp.parsing.IRFactory#transformTokenType(int):1383, 5.366695601906582
com.google.javascript.jscomp.parsing.IRFactory#transformTokenType(int):1447, 5.366680443413366
com.google.javascript.jscomp.parsing.IRFactory#transformTokenType(int):1452, 5.366676491106407
com.google.javascript.jscomp.parsing.IRFactory#transformTokenType(int):1288, 5.366670692346025
com.google.javascript.jscomp.parsing.IRFactory#transformTokenType(int):1290, 5.36655
com.google.javascript.jscomp.parsing.IRFactory#transformTokenType(int):1292, 5.36655
com.google.javascript.jscomp.parsing.IRFactory#transformTokenType(int):1294, 5.36655
com.google.javascript.jscomp.parsing.IRFactory#transformTokenType(int):1296, 5.36655
com.google.javascript.jscomp.parsing.IRFactory#transformTokenType(int):1298, 5.36655
com.google.javascript.jscomp.parsing.IRFactory#transformTokenType(int):1300, 5.36655
com.google.javascript.jscomp.parsing.IRFactory#transformTokenType(int):1302, 5.36655
com.google.javascript.jscomp.parsing.IRFactory#transformTokenType(int):1304, 5.36655
com.google.javascript.jscomp.parsing.IRFactory#transformTokenType(int):1306, 5.36655
com.google.javascript.jscomp.parsing.IRFactory#transformTokenType(int):1308, 5.36655
com.google.javascript.jscomp.parsing.IRFactory#transformTokenType(int):1310, 5.36655
com.google.javascript.jscomp.parsing.IRFactory#transformTokenType(int):1312, 5.36655
com.google.javascript.jscomp.parsing.IRFactory#transformTokenType(int):1314, 5.36655
com.google.javascript.jscomp.parsing.IRFactory#transformTokenType(int):1316, 5.36655
com.google.javascript.jscomp.parsing.IRFactory#transformTokenType(int):1318, 5.36655
com.google.javascript.jscomp.parsing.IRFactory#transformTokenType(int):1320, 5.36655
com.google.javascript.jscomp.parsing.IRFactory#transformTokenType(int):1322, 5.36655
com.google.javascript.jscomp.parsing.IRFactory#transformTokenType(int):1324, 5.36655
com.google.javascript.jscomp.parsing.IRFactory#transformTokenType(int):1326, 5.36655
com.google.javascript.jscomp.parsing.IRFactory#transformTokenType(int):1328, 5.36655
com.google.javascript.jscomp.parsing.IRFactory#transformTokenType(int):1330, 5.36655
com.google.javascript.jscomp.parsing.IRFactory#transformTokenType(int):1332, 5.36655
com.google.javascript.jscomp.parsing.IRFactory#transformTokenType(int):1336, 5.36655
com.google.javascript.jscomp.parsing.IRFactory#transformTokenType(int):1338, 5.36655
com.google.javascript.jscomp.parsing.IRFactory#transformTokenType(int):1340, 5.36655
com.google.javascript.jscomp.parsing.IRFactory#transformTokenType(int):1342, 5.36655
com.google.javascript.jscomp.parsing.IRFactory#transformTokenType(int):1344, 5.36655
com.google.javascript.jscomp.parsing.IRFactory#transformTokenType(int):1346, 5.36655
com.google.javascript.jscomp.parsing.IRFactory#transformTokenType(int):1348, 5.36655
com.google.javascript.jscomp.parsing.IRFactory#transformTokenType(int):1350, 5.36655
com.google.javascript.jscomp.parsing.IRFactory#transformTokenType(int):1352, 5.36655
com.google.javascript.jscomp.parsing.IRFactory#transformTokenType(int):1354, 5.36655
com.google.javascript.jscomp.parsing.IRFactory#transformTokenType(int):1356, 5.36655
com.google.javascript.jscomp.parsing.IRFactory#transformTokenType(int):1358, 5.36655
com.google.javascript.jscomp.parsing.IRFactory#transformTokenType(int):1362, 5.36655
com.google.javascript.jscomp.parsing.IRFactory#transformTokenType(int):1364, 5.36655
com.google.javascript.jscomp.parsing.IRFactory#transformTokenType(int):1366, 5.36655
com.google.javascript.jscomp.parsing.IRFactory#transformTokenType(int):1368, 5.36655
com.google.javascript.jscomp.parsing.IRFactory#transformTokenType(int):1370, 5.36655
com.google.javascript.jscomp.parsing.IRFactory#transformTokenType(int):1372, 5.36655
com.google.javascript.jscomp.parsing.IRFactory#transformTokenType(int):1374, 5.36655
com.google.javascript.jscomp.parsing.IRFactory#transformTokenType(int):1376, 5.36655
com.google.javascript.jscomp.parsing.IRFactory#transformTokenType(int):1379, 5.36655
com.google.javascript.jscomp.parsing.IRFactory#transformTokenType(int):1381, 5.36655
com.google.javascript.jscomp.parsing.IRFactory#transformTokenType(int):1385, 5.36655
com.google.javascript.jscomp.parsing.IRFactory#transformTokenType(int):1387, 5.36655
com.google.javascript.jscomp.parsing.IRFactory#transformTokenType(int):1389, 5.36655
com.google.javascript.jscomp.parsing.IRFactory#transformTokenType(int):1391, 5.36655
com.google.javascript.jscomp.parsing.IRFactory#transformTokenType(int):1393, 5.36655
com.google.javascript.jscomp.parsing.IRFactory#transformTokenType(int):1395, 5.36655
com.google.javascript.jscomp.parsing.IRFactory#transformTokenType(int):1397, 5.36655
com.google.javascript.jscomp.parsing.IRFactory#transformTokenType(int):1399, 5.36655
com.google.javascript.jscomp.parsing.IRFactory#transformTokenType(int):1401, 5.36655
com.google.javascript.jscomp.parsing.IRFactory#transformTokenType(int):1403, 5.36655
com.google.javascript.jscomp.parsing.IRFactory#transformTokenType(int):1405, 5.36655
com.google.javascript.jscomp.parsing.IRFactory#transformTokenType(int):1407, 5.36655
com.google.javascript.jscomp.parsing.IRFactory#transformTokenType(int):1409, 5.36655
com.google.javascript.jscomp.parsing.IRFactory#transformTokenType(int):1411, 5.36655
com.google.javascript.jscomp.parsing.IRFactory#transformTokenType(int):1413, 5.36655
com.google.javascript.jscomp.parsing.IRFactory#transformTokenType(int):1415, 5.36655
com.google.javascript.jscomp.parsing.IRFactory#transformTokenType(int):1417, 5.36655
com.google.javascript.jscomp.parsing.IRFactory#transformTokenType(int):1419, 5.36655
com.google.javascript.jscomp.parsing.IRFactory#transformTokenType(int):1421, 5.36655
com.google.javascript.jscomp.parsing.IRFactory#transformTokenType(int):1423, 5.36655
com.google.javascript.jscomp.parsing.IRFactory#transformTokenType(int):1425, 5.36655
com.google.javascript.jscomp.parsing.IRFactory#transformTokenType(int):1427, 5.36655
com.google.javascript.jscomp.parsing.IRFactory#transformTokenType(int):1429, 5.36655
com.google.javascript.jscomp.parsing.IRFactory#transformTokenType(int):1431, 5.36655
com.google.javascript.jscomp.parsing.IRFactory#transformTokenType(int):1433, 5.36655
com.google.javascript.jscomp.parsing.IRFactory#transformTokenType(int):1435, 5.36655
com.google.javascript.jscomp.parsing.IRFactory#transformTokenType(int):1437, 5.36655
com.google.javascript.jscomp.parsing.IRFactory#transformTokenType(int):1439, 5.36655
com.google.javascript.jscomp.parsing.IRFactory#transformTokenType(int):1441, 5.36655
com.google.javascript.jscomp.parsing.IRFactory#transformTokenType(int):1443, 5.36655
com.google.javascript.jscomp.parsing.IRFactory#transformTokenType(int):1445, 5.36655
com.google.javascript.jscomp.parsing.IRFactory#transformTokenType(int):1449, 5.36655
com.google.javascript.jscomp.parsing.IRFactory#transformTokenType(int):1454, 5.36655
com.google.javascript.jscomp.parsing.IRFactory#transformTokenType(int):1456, 5.36655
com.google.javascript.jscomp.parsing.IRFactory#transformTokenType(int):1458, 5.36655
com.google.javascript.jscomp.parsing.IRFactory#transformTokenType(int):1460, 5.36655
com.google.javascript.jscomp.parsing.IRFactory#transformTokenType(int):1462, 5.36655
com.google.javascript.jscomp.parsing.IRFactory#transformTokenType(int):1466, 5.36655
com.google.javascript.jscomp.TypeInferencePass#process(com.google.javascript.rhino.Node,com.google.javascript.rhino.Node):68, 5.354583022859121
com.google.javascript.jscomp.TypeInferencePass#process(com.google.javascript.rhino.Node,com.google.javascript.rhino.Node):69, 5.354583022859121
com.google.javascript.jscomp.TypeInferencePass#process(com.google.javascript.rhino.Node,com.google.javascript.rhino.Node):70, 5.354583022859121
com.google.javascript.jscomp.TypeInferencePass#process(com.google.javascript.rhino.Node,com.google.javascript.rhino.Node):73, 5.354583022859121
com.google.javascript.jscomp.TypeInferencePass#process(com.google.javascript.rhino.Node,com.google.javascript.rhino.Node):74, 5.354583022859121
com.google.javascript.jscomp.TypeInference#traverseChildren(com.google.javascript.rhino.Node,com.google.javascript.jscomp.type.FlowScope):1237, 5.340710277818153
com.google.javascript.jscomp.TypeInference#traverseChildren(com.google.javascript.rhino.Node,com.google.javascript.jscomp.type.FlowScope):1238, 5.340710277818153
com.google.javascript.jscomp.TypeInference#traverseChildren(com.google.javascript.rhino.Node,com.google.javascript.jscomp.type.FlowScope):1240, 5.340710277818153
com.google.javascript.rhino.JSDocInfo#getExtendedInterfaces():1368, 5.330277209780774
com.google.javascript.rhino.JSDocInfo#getExtendedInterfaces():1367, 5.330259815750749
com.google.javascript.rhino.JSDocInfo#getExtendedInterfaces():1370, 5.32954
com.google.javascript.jscomp.DataFlowAnalysis.BranchedForwardDataFlowAnalysis#flow(com.google.javascript.jscomp.graph.DiGraph.DiGraphNode):445, 5.329369049766339
com.google.javascript.jscomp.DataFlowAnalysis.BranchedForwardDataFlowAnalysis#flow(com.google.javascript.jscomp.graph.DiGraph.DiGraphNode):446, 5.329369049766339
com.google.javascript.jscomp.DataFlowAnalysis.BranchedForwardDataFlowAnalysis#flow(com.google.javascript.jscomp.graph.DiGraph.DiGraphNode):447, 5.329369049766339
com.google.javascript.jscomp.DataFlowAnalysis.BranchedForwardDataFlowAnalysis#flow(com.google.javascript.jscomp.graph.DiGraph.DiGraphNode):448, 5.329369049766339
com.google.javascript.jscomp.DataFlowAnalysis.BranchedForwardDataFlowAnalysis#flow(com.google.javascript.jscomp.graph.DiGraph.DiGraphNode):449, 5.329369049766339
com.google.javascript.jscomp.DataFlowAnalysis.BranchedForwardDataFlowAnalysis#flow(com.google.javascript.jscomp.graph.DiGraph.DiGraphNode):450, 5.329369049766339
com.google.javascript.jscomp.DataFlowAnalysis.BranchedForwardDataFlowAnalysis#flow(com.google.javascript.jscomp.graph.DiGraph.DiGraphNode):451, 5.329369049766339
com.google.javascript.jscomp.DataFlowAnalysis.BranchedForwardDataFlowAnalysis#flow(com.google.javascript.jscomp.graph.DiGraph.DiGraphNode):454, 5.32918
com.google.javascript.rhino.jstype.JSTypeRegistry#createInterfaceType(java.lang.String,com.google.javascript.rhino.Node,com.google.common.collect.ImmutableList):1510, 5.32212611487404
com.google.javascript.rhino.jstype.FunctionType#setExtendedInterfaces(java.util.List):582, 5.304516358364708
com.google.javascript.rhino.jstype.FunctionType#setExtendedInterfaces(java.util.List):583, 5.304516358364708
com.google.javascript.rhino.jstype.FunctionType#setExtendedInterfaces(java.util.List):584, 5.304516358364708
com.google.javascript.rhino.jstype.FunctionType#setExtendedInterfaces(java.util.List):587, 5.304516358364708
com.google.javascript.rhino.jstype.FunctionType#setExtendedInterfaces(java.util.List):591, 5.304516358364708
com.google.javascript.rhino.jstype.FunctionType#setExtendedInterfaces(java.util.List):585, 5.30397
com.google.javascript.rhino.jstype.FunctionType#setExtendedInterfaces(java.util.List):589, 5.30397
com.google.javascript.jscomp.ControlFlowAnalysis#prioritizeFromEntryNode(com.google.javascript.jscomp.graph.DiGraph.DiGraphNode):204, 5.295206769667338
com.google.javascript.jscomp.ControlFlowAnalysis#prioritizeFromEntryNode(com.google.javascript.jscomp.graph.DiGraph.DiGraphNode):197, 5.295096804323131
com.google.javascript.jscomp.ControlFlowAnalysis#prioritizeFromEntryNode(com.google.javascript.jscomp.graph.DiGraph.DiGraphNode):199, 5.295096804323131
com.google.javascript.jscomp.ControlFlowAnalysis#prioritizeFromEntryNode(com.google.javascript.jscomp.graph.DiGraph.DiGraphNode):201, 5.295096804323131
com.google.javascript.jscomp.ControlFlowAnalysis#prioritizeFromEntryNode(com.google.javascript.jscomp.graph.DiGraph.DiGraphNode):202, 5.295096804323131
com.google.javascript.jscomp.ControlFlowAnalysis#prioritizeFromEntryNode(com.google.javascript.jscomp.graph.DiGraph.DiGraphNode):203, 5.295096804323131
com.google.javascript.jscomp.ControlFlowAnalysis#prioritizeFromEntryNode(com.google.javascript.jscomp.graph.DiGraph.DiGraphNode):207, 5.295096804323131
com.google.javascript.jscomp.ControlFlowAnalysis#prioritizeFromEntryNode(com.google.javascript.jscomp.graph.DiGraph.DiGraphNode):209, 5.295096804323131
com.google.javascript.jscomp.ControlFlowAnalysis#prioritizeFromEntryNode(com.google.javascript.jscomp.graph.DiGraph.DiGraphNode):211, 5.295096804323131
com.google.javascript.jscomp.ControlFlowAnalysis#prioritizeFromEntryNode(com.google.javascript.jscomp.graph.DiGraph.DiGraphNode):212, 5.295096804323131
com.google.javascript.jscomp.ControlFlowAnalysis#prioritizeFromEntryNode(com.google.javascript.jscomp.graph.DiGraph.DiGraphNode):213, 5.295096804323131
com.google.javascript.jscomp.ControlFlowAnalysis#prioritizeFromEntryNode(com.google.javascript.jscomp.graph.DiGraph.DiGraphNode):214, 5.295096804323131
com.google.javascript.jscomp.ControlFlowAnalysis#prioritizeFromEntryNode(com.google.javascript.jscomp.graph.DiGraph.DiGraphNode):215, 5.295096804323131
com.google.javascript.jscomp.ControlFlowAnalysis#process(com.google.javascript.rhino.Node,com.google.javascript.rhino.Node):150, 5.27758680432313
com.google.javascript.jscomp.ControlFlowAnalysis#process(com.google.javascript.rhino.Node,com.google.javascript.rhino.Node):151, 5.27758680432313
com.google.javascript.jscomp.ControlFlowAnalysis#process(com.google.javascript.rhino.Node,com.google.javascript.rhino.Node):152, 5.27758680432313
com.google.javascript.jscomp.ControlFlowAnalysis#process(com.google.javascript.rhino.Node,com.google.javascript.rhino.Node):153, 5.27758680432313
com.google.javascript.jscomp.ControlFlowAnalysis#process(com.google.javascript.rhino.Node,com.google.javascript.rhino.Node):154, 5.27758680432313
com.google.javascript.jscomp.ControlFlowAnalysis#process(com.google.javascript.rhino.Node,com.google.javascript.rhino.Node):156, 5.27758680432313
com.google.javascript.jscomp.ControlFlowAnalysis#process(com.google.javascript.rhino.Node,com.google.javascript.rhino.Node):157, 5.27758680432313
com.google.javascript.jscomp.ControlFlowAnalysis#process(com.google.javascript.rhino.Node,com.google.javascript.rhino.Node):161, 5.27758680432313
com.google.javascript.jscomp.ControlFlowAnalysis#process(com.google.javascript.rhino.Node,com.google.javascript.rhino.Node):162, 5.27758680432313
com.google.javascript.jscomp.ControlFlowAnalysis#process(com.google.javascript.rhino.Node,com.google.javascript.rhino.Node):163, 5.27758680432313
com.google.javascript.jscomp.ControlFlowAnalysis#process(com.google.javascript.rhino.Node,com.google.javascript.rhino.Node):165, 5.27758680432313
com.google.javascript.jscomp.ControlFlowAnalysis#process(com.google.javascript.rhino.Node,com.google.javascript.rhino.Node):182, 5.27758680432313
com.google.javascript.jscomp.ControlFlowAnalysis#process(com.google.javascript.rhino.Node,com.google.javascript.rhino.Node):183, 5.27758680432313
com.google.javascript.jscomp.ControlFlowAnalysis#process(com.google.javascript.rhino.Node,com.google.javascript.rhino.Node):186, 5.27758680432313
com.google.javascript.jscomp.ControlFlowAnalysis#process(com.google.javascript.rhino.Node,com.google.javascript.rhino.Node):189, 5.27758680432313
com.google.javascript.jscomp.ControlFlowAnalysis#process(com.google.javascript.rhino.Node,com.google.javascript.rhino.Node):190, 5.27758680432313
com.google.javascript.jscomp.ControlFlowAnalysis#process(com.google.javascript.rhino.Node,com.google.javascript.rhino.Node):168, 5.27741
com.google.javascript.jscomp.ControlFlowAnalysis#process(com.google.javascript.rhino.Node,com.google.javascript.rhino.Node):169, 5.27741
com.google.javascript.jscomp.ControlFlowAnalysis#process(com.google.javascript.rhino.Node,com.google.javascript.rhino.Node):170, 5.27741
com.google.javascript.jscomp.ControlFlowAnalysis#process(com.google.javascript.rhino.Node,com.google.javascript.rhino.Node):171, 5.27741
com.google.javascript.jscomp.ControlFlowAnalysis#process(com.google.javascript.rhino.Node,com.google.javascript.rhino.Node):173, 5.27741
com.google.javascript.jscomp.ControlFlowAnalysis#process(com.google.javascript.rhino.Node,com.google.javascript.rhino.Node):175, 5.27741
com.google.javascript.jscomp.ControlFlowAnalysis#process(com.google.javascript.rhino.Node,com.google.javascript.rhino.Node):184, 5.27741
com.google.javascript.jscomp.NodeUtil#getConditionExpression(com.google.javascript.rhino.Node):1734, 5.261315555555556
com.google.javascript.jscomp.NodeUtil#getConditionExpression(com.google.javascript.rhino.Node):1731, 5.261251473187183
com.google.javascript.jscomp.NodeUtil#getConditionExpression(com.google.javascript.rhino.Node):1736, 5.26076
com.google.javascript.jscomp.NodeUtil#getConditionExpression(com.google.javascript.rhino.Node):1738, 5.26076
com.google.javascript.jscomp.NodeUtil#getConditionExpression(com.google.javascript.rhino.Node):1740, 5.26076
com.google.javascript.jscomp.NodeUtil#getConditionExpression(com.google.javascript.rhino.Node):1742, 5.26076
com.google.javascript.jscomp.NodeUtil#getConditionExpression(com.google.javascript.rhino.Node):1744, 5.26076
com.google.javascript.jscomp.NodeUtil#getConditionExpression(com.google.javascript.rhino.Node):1746, 5.26076
com.google.javascript.jscomp.NodeUtil#getConditionExpression(com.google.javascript.rhino.Node):1748, 5.26076
com.google.javascript.jscomp.DataFlowAnalysis#analyze(int):227, 5.259382940433316
com.google.javascript.jscomp.DataFlowAnalysis#analyze(int):220, 5.259382179889434
com.google.javascript.jscomp.DataFlowAnalysis#analyze(int):215, 5.259379983082385
com.google.javascript.jscomp.DataFlowAnalysis#analyze(int):218, 5.259379983082385
com.google.javascript.jscomp.DataFlowAnalysis#analyze(int):219, 5.259379983082385
com.google.javascript.jscomp.DataFlowAnalysis#analyze(int):222, 5.259379983082385
com.google.javascript.jscomp.DataFlowAnalysis#analyze(int):226, 5.259379779366324
com.google.javascript.jscomp.DataFlowAnalysis#analyze(int):229, 5.259379779366324
com.google.javascript.jscomp.DataFlowAnalysis#analyze(int):202, 5.259379750320461
com.google.javascript.jscomp.DataFlowAnalysis#analyze(int):203, 5.259379750320461
com.google.javascript.jscomp.DataFlowAnalysis#analyze(int):204, 5.259379750320461
com.google.javascript.jscomp.DataFlowAnalysis#analyze(int):205, 5.259379750320461
com.google.javascript.jscomp.DataFlowAnalysis#analyze(int):209, 5.259379750320461
com.google.javascript.jscomp.DataFlowAnalysis#analyze(int):210, 5.259379750320461
com.google.javascript.jscomp.DataFlowAnalysis#analyze(int):211, 5.259379750320461
com.google.javascript.jscomp.DataFlowAnalysis#analyze(int):212, 5.259379750320461
com.google.javascript.jscomp.DataFlowAnalysis#analyze(int):224, 5.259379750320461
com.google.javascript.jscomp.DataFlowAnalysis#analyze(int):225, 5.259379750320461
com.google.javascript.jscomp.DataFlowAnalysis#analyze(int):206, 5.2592
com.google.javascript.jscomp.LinkedFlowScope#allFlowSlots():350, 5.252111449751961
com.google.javascript.jscomp.LinkedFlowScope#allFlowSlots():351, 5.252111449751961
com.google.javascript.jscomp.LinkedFlowScope#allFlowSlots():347, 5.2521055858174615
com.google.javascript.jscomp.LinkedFlowScope#allFlowSlots():348, 5.2521055858174615
com.google.javascript.jscomp.LinkedFlowScope#allFlowSlots():349, 5.2521055858174615
com.google.javascript.jscomp.LinkedFlowScope#allFlowSlots():355, 5.2521055858174615
com.google.javascript.jscomp.LinkedFlowScope#allFlowSlots():361, 5.2521055858174615
com.google.javascript.jscomp.LinkedFlowScope#allFlowSlots():356, 5.25169
com.google.javascript.jscomp.LinkedFlowScope#allFlowSlots():357, 5.25169
com.google.javascript.jscomp.LinkedFlowScope#allFlowSlots():359, 5.25169
com.google.javascript.jscomp.NodeTraversal#traverseWithScope(com.google.javascript.rhino.Node,com.google.javascript.jscomp.Scope):347, 5.22214280747182
com.google.javascript.jscomp.NodeTraversal#traverseWithScope(com.google.javascript.rhino.Node,com.google.javascript.jscomp.Scope):349, 5.22214280747182
com.google.javascript.jscomp.NodeTraversal#traverseWithScope(com.google.javascript.rhino.Node,com.google.javascript.jscomp.Scope):350, 5.22214280747182
com.google.javascript.jscomp.NodeTraversal#traverseWithScope(com.google.javascript.rhino.Node,com.google.javascript.jscomp.Scope):351, 5.22214280747182
com.google.javascript.jscomp.NodeTraversal#traverseWithScope(com.google.javascript.rhino.Node,com.google.javascript.jscomp.Scope):352, 5.22214280747182
com.google.javascript.jscomp.NodeTraversal#traverseWithScope(com.google.javascript.rhino.Node,com.google.javascript.jscomp.Scope):353, 5.22214280747182
com.google.javascript.jscomp.NodeTraversal#traverseWithScope(com.google.javascript.rhino.Node,com.google.javascript.jscomp.Scope):354, 5.22214280747182
com.google.javascript.jscomp.NodeTraversal#traverseWithScope(com.google.javascript.rhino.Node,com.google.javascript.jscomp.Scope):355, 5.22214280747182
com.google.javascript.jscomp.ControlFlowAnalysis#handleStmtList(com.google.javascript.rhino.Node):500, 5.215123742485543
com.google.javascript.jscomp.ControlFlowAnalysis#handleStmtList(com.google.javascript.rhino.Node):506, 5.2151046792137885
com.google.javascript.jscomp.ControlFlowAnalysis#handleStmtList(com.google.javascript.rhino.Node):517, 5.215097025813131
com.google.javascript.jscomp.ControlFlowAnalysis#handleStmtList(com.google.javascript.rhino.Node):511, 5.215096887284419
com.google.javascript.jscomp.ControlFlowAnalysis#handleStmtList(com.google.javascript.rhino.Node):504, 5.215096831963923
com.google.javascript.jscomp.ControlFlowAnalysis#handleStmtList(com.google.javascript.rhino.Node):485, 5.215096804323131
com.google.javascript.jscomp.ControlFlowAnalysis#handleStmtList(com.google.javascript.rhino.Node):487, 5.215096804323131
com.google.javascript.jscomp.ControlFlowAnalysis#handleStmtList(com.google.javascript.rhino.Node):495, 5.215096804323131
com.google.javascript.jscomp.ControlFlowAnalysis#handleStmtList(com.google.javascript.rhino.Node):499, 5.215096804323131
com.google.javascript.jscomp.ControlFlowAnalysis#handleStmtList(com.google.javascript.rhino.Node):503, 5.215096804323131
com.google.javascript.jscomp.ControlFlowAnalysis#handleStmtList(com.google.javascript.rhino.Node):510, 5.215096804323131
com.google.javascript.jscomp.ControlFlowAnalysis#handleStmtList(com.google.javascript.rhino.Node):523, 5.215096804323131
com.google.javascript.jscomp.ControlFlowAnalysis#handleStmtList(com.google.javascript.rhino.Node):491, 5.21492
com.google.javascript.jscomp.ControlFlowAnalysis#handleStmtList(com.google.javascript.rhino.Node):515, 5.21492
com.google.javascript.jscomp.ControlFlowAnalysis#handleStmtList(com.google.javascript.rhino.Node):518, 5.21492
com.google.javascript.rhino.jstype.JSType#checkEquivalenceHelper(com.google.javascript.rhino.jstype.JSType,com.google.javascript.rhino.jstype.EquivalenceMethod):602, 5.21326452116007
com.google.javascript.rhino.jstype.JSType#checkEquivalenceHelper(com.google.javascript.rhino.jstype.JSType,com.google.javascript.rhino.jstype.EquivalenceMethod):629, 5.2132626697050295
com.google.javascript.rhino.jstype.JSType#checkEquivalenceHelper(com.google.javascript.rhino.jstype.JSType,com.google.javascript.rhino.jstype.EquivalenceMethod):587, 5.213244257172471
com.google.javascript.rhino.jstype.JSType#checkEquivalenceHelper(com.google.javascript.rhino.jstype.JSType,com.google.javascript.rhino.jstype.EquivalenceMethod):583, 5.2132442205305445
com.google.javascript.rhino.jstype.JSType#checkEquivalenceHelper(com.google.javascript.rhino.jstype.JSType,com.google.javascript.rhino.jstype.EquivalenceMethod):579, 5.213244110729049
com.google.javascript.rhino.jstype.JSType#checkEquivalenceHelper(com.google.javascript.rhino.jstype.JSType,com.google.javascript.rhino.jstype.EquivalenceMethod):573, 5.213171960288878
com.google.javascript.rhino.jstype.JSType#checkEquivalenceHelper(com.google.javascript.rhino.jstype.JSType,com.google.javascript.rhino.jstype.EquivalenceMethod):572, 5.213170560705542
com.google.javascript.rhino.jstype.JSType#checkEquivalenceHelper(com.google.javascript.rhino.jstype.JSType,com.google.javascript.rhino.jstype.EquivalenceMethod):576, 5.213170560705542
com.google.javascript.rhino.jstype.JSType#checkEquivalenceHelper(com.google.javascript.rhino.jstype.JSType,com.google.javascript.rhino.jstype.EquivalenceMethod):577, 5.213170560705542
com.google.javascript.rhino.jstype.JSType#checkEquivalenceHelper(com.google.javascript.rhino.jstype.JSType,com.google.javascript.rhino.jstype.EquivalenceMethod):578, 5.213170560705542
com.google.javascript.rhino.jstype.JSType#checkEquivalenceHelper(com.google.javascript.rhino.jstype.JSType,com.google.javascript.rhino.jstype.EquivalenceMethod):596, 5.213170560705542
com.google.javascript.rhino.jstype.JSType#checkEquivalenceHelper(com.google.javascript.rhino.jstype.JSType,com.google.javascript.rhino.jstype.EquivalenceMethod):601, 5.213170560705542
com.google.javascript.rhino.jstype.JSType#checkEquivalenceHelper(com.google.javascript.rhino.jstype.JSType,com.google.javascript.rhino.jstype.EquivalenceMethod):606, 5.213170560705542
com.google.javascript.rhino.jstype.JSType#checkEquivalenceHelper(com.google.javascript.rhino.jstype.JSType,com.google.javascript.rhino.jstype.EquivalenceMethod):611, 5.213170560705542
com.google.javascript.rhino.jstype.JSType#checkEquivalenceHelper(com.google.javascript.rhino.jstype.JSType,com.google.javascript.rhino.jstype.EquivalenceMethod):613, 5.213170560705542
com.google.javascript.rhino.jstype.JSType#checkEquivalenceHelper(com.google.javascript.rhino.jstype.JSType,com.google.javascript.rhino.jstype.EquivalenceMethod):616, 5.213170560705542
com.google.javascript.rhino.jstype.JSType#checkEquivalenceHelper(com.google.javascript.rhino.jstype.JSType,com.google.javascript.rhino.jstype.EquivalenceMethod):622, 5.213170560705542
com.google.javascript.rhino.jstype.JSType#checkEquivalenceHelper(com.google.javascript.rhino.jstype.JSType,com.google.javascript.rhino.jstype.EquivalenceMethod):628, 5.213170560705542
com.google.javascript.rhino.jstype.JSType#checkEquivalenceHelper(com.google.javascript.rhino.jstype.JSType,com.google.javascript.rhino.jstype.EquivalenceMethod):638, 5.213170560705542
com.google.javascript.rhino.jstype.JSType#checkEquivalenceHelper(com.google.javascript.rhino.jstype.JSType,com.google.javascript.rhino.jstype.EquivalenceMethod):582, 5.21305
com.google.javascript.rhino.jstype.JSType#checkEquivalenceHelper(com.google.javascript.rhino.jstype.JSType,com.google.javascript.rhino.jstype.EquivalenceMethod):586, 5.21305
com.google.javascript.rhino.jstype.JSType#checkEquivalenceHelper(com.google.javascript.rhino.jstype.JSType,com.google.javascript.rhino.jstype.EquivalenceMethod):592, 5.21305
com.google.javascript.rhino.jstype.JSType#checkEquivalenceHelper(com.google.javascript.rhino.jstype.JSType,com.google.javascript.rhino.jstype.EquivalenceMethod):597, 5.21305
com.google.javascript.rhino.jstype.JSType#checkEquivalenceHelper(com.google.javascript.rhino.jstype.JSType,com.google.javascript.rhino.jstype.EquivalenceMethod):607, 5.21305
com.google.javascript.rhino.jstype.JSType#checkEquivalenceHelper(com.google.javascript.rhino.jstype.JSType,com.google.javascript.rhino.jstype.EquivalenceMethod):617, 5.21305
com.google.javascript.rhino.jstype.JSType#checkEquivalenceHelper(com.google.javascript.rhino.jstype.JSType,com.google.javascript.rhino.jstype.EquivalenceMethod):623, 5.21305
com.google.javascript.jscomp.graph.LinkedDirectedGraph#connect(java.lang.Object,java.lang.Object,java.lang.Object):79, 5.2068964126190815
com.google.javascript.jscomp.graph.LinkedDirectedGraph#connect(java.lang.Object,java.lang.Object,java.lang.Object):80, 5.2068964126190815
com.google.javascript.jscomp.graph.LinkedDirectedGraph#connect(java.lang.Object,java.lang.Object,java.lang.Object):81, 5.2068964126190815
com.google.javascript.jscomp.graph.LinkedDirectedGraph#connect(java.lang.Object,java.lang.Object,java.lang.Object):85, 5.2068964126190815
com.google.javascript.jscomp.graph.LinkedDirectedGraph#connect(java.lang.Object,java.lang.Object,java.lang.Object):86, 5.2068964126190815
com.google.javascript.jscomp.graph.LinkedDirectedGraph#connect(java.lang.Object,java.lang.Object,java.lang.Object):87, 5.2068964126190815
com.google.javascript.jscomp.graph.DiGraph#isConnected(java.lang.Object,java.lang.Object,java.lang.Object):99, 5.196966776695296
com.google.javascript.jscomp.graph.Graph#connectIfNotFound(java.lang.Object,java.lang.Object,java.lang.Object):120, 5.196636776695296
com.google.javascript.jscomp.graph.Graph#connectIfNotFound(java.lang.Object,java.lang.Object,java.lang.Object):121, 5.196636776695296
com.google.javascript.jscomp.graph.Graph#connectIfNotFound(java.lang.Object,java.lang.Object,java.lang.Object):123, 5.196636776695296
com.google.javascript.jscomp.TypeCheck#visitParameterList(com.google.javascript.jscomp.NodeTraversal,com.google.javascript.rhino.Node,com.google.javascript.rhino.jstype.FunctionType):1862, 5.189751729982996
com.google.javascript.jscomp.TypeCheck#visitParameterList(com.google.javascript.jscomp.NodeTraversal,com.google.javascript.rhino.Node,com.google.javascript.rhino.jstype.FunctionType):1863, 5.189751729982996
com.google.javascript.jscomp.TypeCheck#visitParameterList(com.google.javascript.jscomp.NodeTraversal,com.google.javascript.rhino.Node,com.google.javascript.rhino.jstype.FunctionType):1865, 5.189751729982996
com.google.javascript.jscomp.TypeCheck#visitParameterList(com.google.javascript.jscomp.NodeTraversal,com.google.javascript.rhino.Node,com.google.javascript.rhino.jstype.FunctionType):1866, 5.189751729982996
com.google.javascript.jscomp.TypeCheck#visitParameterList(com.google.javascript.jscomp.NodeTraversal,com.google.javascript.rhino.Node,com.google.javascript.rhino.jstype.FunctionType):1867, 5.189751729982996
com.google.javascript.jscomp.TypeCheck#visitParameterList(com.google.javascript.jscomp.NodeTraversal,com.google.javascript.rhino.Node,com.google.javascript.rhino.jstype.FunctionType):1868, 5.189751729982996
com.google.javascript.jscomp.TypeCheck#visitParameterList(com.google.javascript.jscomp.NodeTraversal,com.google.javascript.rhino.Node,com.google.javascript.rhino.jstype.FunctionType):1869, 5.189751729982996
com.google.javascript.jscomp.TypeCheck#visitParameterList(com.google.javascript.jscomp.NodeTraversal,com.google.javascript.rhino.Node,com.google.javascript.rhino.jstype.FunctionType):1884, 5.189751729982996
com.google.javascript.jscomp.TypeCheck#visitParameterList(com.google.javascript.jscomp.NodeTraversal,com.google.javascript.rhino.Node,com.google.javascript.rhino.jstype.FunctionType):1885, 5.189751729982996
com.google.javascript.jscomp.TypeCheck#visitParameterList(com.google.javascript.jscomp.NodeTraversal,com.google.javascript.rhino.Node,com.google.javascript.rhino.jstype.FunctionType):1886, 5.189751729982996
com.google.javascript.jscomp.TypeCheck#visitParameterList(com.google.javascript.jscomp.NodeTraversal,com.google.javascript.rhino.Node,com.google.javascript.rhino.jstype.FunctionType):1887, 5.189751729982996
com.google.javascript.jscomp.TypeCheck#visitParameterList(com.google.javascript.jscomp.NodeTraversal,com.google.javascript.rhino.Node,com.google.javascript.rhino.jstype.FunctionType):1894, 5.189751729982996
com.google.javascript.jscomp.TypeCheck#visitParameterList(com.google.javascript.jscomp.NodeTraversal,com.google.javascript.rhino.Node,com.google.javascript.rhino.jstype.FunctionType):1874, 5.18946
com.google.javascript.jscomp.TypeCheck#visitParameterList(com.google.javascript.jscomp.NodeTraversal,com.google.javascript.rhino.Node,com.google.javascript.rhino.jstype.FunctionType):1875, 5.18946
com.google.javascript.jscomp.TypeCheck#visitParameterList(com.google.javascript.jscomp.NodeTraversal,com.google.javascript.rhino.Node,com.google.javascript.rhino.jstype.FunctionType):1877, 5.18946
com.google.javascript.jscomp.TypeCheck#visitParameterList(com.google.javascript.jscomp.NodeTraversal,com.google.javascript.rhino.Node,com.google.javascript.rhino.jstype.FunctionType):1878, 5.18946
com.google.javascript.jscomp.TypeCheck#visitParameterList(com.google.javascript.jscomp.NodeTraversal,com.google.javascript.rhino.Node,com.google.javascript.rhino.jstype.FunctionType):1880, 5.18946
com.google.javascript.jscomp.TypeCheck#visitParameterList(com.google.javascript.jscomp.NodeTraversal,com.google.javascript.rhino.Node,com.google.javascript.rhino.jstype.FunctionType):1888, 5.18946
com.google.javascript.jscomp.ControlFlowAnalysis#computeFallThrough(com.google.javascript.rhino.Node):797, 5.17641644616831
com.google.javascript.jscomp.ControlFlowAnalysis#computeFallThrough(com.google.javascript.rhino.Node):808, 5.17641644616831
com.google.javascript.jscomp.ControlFlowAnalysis#computeFallThrough(com.google.javascript.rhino.Node):799, 5.17624
com.google.javascript.jscomp.ControlFlowAnalysis#computeFallThrough(com.google.javascript.rhino.Node):801, 5.17624
com.google.javascript.jscomp.ControlFlowAnalysis#computeFallThrough(com.google.javascript.rhino.Node):802, 5.17624
com.google.javascript.jscomp.ControlFlowAnalysis#computeFallThrough(com.google.javascript.rhino.Node):804, 5.17624
com.google.javascript.jscomp.ControlFlowAnalysis#computeFallThrough(com.google.javascript.rhino.Node):806, 5.17624
com.google.javascript.jscomp.DiagnosticGroup#isSubGroup(com.google.javascript.jscomp.DiagnosticGroup):122, 5.1738848468752066
com.google.javascript.jscomp.DiagnosticGroup#isSubGroup(com.google.javascript.jscomp.DiagnosticGroup):121, 5.173884224264666
com.google.javascript.jscomp.DiagnosticGroup#isSubGroup(com.google.javascript.jscomp.DiagnosticGroup):117, 5.173835682092231
com.google.javascript.jscomp.DiagnosticGroup#isSubGroup(com.google.javascript.jscomp.DiagnosticGroup):118, 5.173835682092231
com.google.javascript.jscomp.DiagnosticGroup#isSubGroup(com.google.javascript.jscomp.DiagnosticGroup):119, 5.173835682092231
com.google.javascript.jscomp.parsing.IRFactory.TransformDispatcher#processIfStatement(com.google.javascript.rhino.head.ast.IfStatement):842, 5.165119680383489
com.google.javascript.jscomp.parsing.IRFactory.TransformDispatcher#processIfStatement(com.google.javascript.rhino.head.ast.IfStatement):843, 5.165119680383489
com.google.javascript.jscomp.parsing.IRFactory.TransformDispatcher#processIfStatement(com.google.javascript.rhino.head.ast.IfStatement):844, 5.165119680383489
com.google.javascript.jscomp.parsing.IRFactory.TransformDispatcher#processIfStatement(com.google.javascript.rhino.head.ast.IfStatement):845, 5.165119680383489
com.google.javascript.jscomp.parsing.IRFactory.TransformDispatcher#processIfStatement(com.google.javascript.rhino.head.ast.IfStatement):848, 5.165119680383489
com.google.javascript.jscomp.parsing.IRFactory.TransformDispatcher#processIfStatement(com.google.javascript.rhino.head.ast.IfStatement):846, 5.16472
com.google.javascript.jscomp.LinkedFlowScope#flowsFromBottom():93, 5.151965585817462
com.google.javascript.rhino.jstype.JSType#filterNoResolvedType(com.google.javascript.rhino.jstype.JSType):1014, 5.149611195596967
com.google.javascript.rhino.jstype.JSType#filterNoResolvedType(com.google.javascript.rhino.jstype.JSType):1018, 5.149611195596967
com.google.javascript.rhino.jstype.JSType#filterNoResolvedType(com.google.javascript.rhino.jstype.JSType):1039, 5.149611195596967
com.google.javascript.rhino.jstype.JSType#filterNoResolvedType(com.google.javascript.rhino.jstype.JSType):1017, 5.14927
com.google.javascript.rhino.jstype.JSType#filterNoResolvedType(com.google.javascript.rhino.jstype.JSType):1019, 5.14927
com.google.javascript.rhino.jstype.JSType#filterNoResolvedType(com.google.javascript.rhino.jstype.JSType):1020, 5.14927
com.google.javascript.rhino.jstype.JSType#filterNoResolvedType(com.google.javascript.rhino.jstype.JSType):1021, 5.14927
com.google.javascript.rhino.jstype.JSType#filterNoResolvedType(com.google.javascript.rhino.jstype.JSType):1022, 5.14927
com.google.javascript.rhino.jstype.JSType#filterNoResolvedType(com.google.javascript.rhino.jstype.JSType):1023, 5.14927
com.google.javascript.rhino.jstype.JSType#filterNoResolvedType(com.google.javascript.rhino.jstype.JSType):1024, 5.14927
com.google.javascript.rhino.jstype.JSType#filterNoResolvedType(com.google.javascript.rhino.jstype.JSType):1026, 5.14927
com.google.javascript.rhino.jstype.JSType#filterNoResolvedType(com.google.javascript.rhino.jstype.JSType):1028, 5.14927
com.google.javascript.rhino.jstype.JSType#filterNoResolvedType(com.google.javascript.rhino.jstype.JSType):1029, 5.14927
com.google.javascript.rhino.jstype.JSType#filterNoResolvedType(com.google.javascript.rhino.jstype.JSType):1030, 5.14927
com.google.javascript.rhino.jstype.JSType#filterNoResolvedType(com.google.javascript.rhino.jstype.JSType):1031, 5.14927
com.google.javascript.rhino.jstype.JSType#filterNoResolvedType(com.google.javascript.rhino.jstype.JSType):1032, 5.14927
com.google.javascript.rhino.jstype.JSType#filterNoResolvedType(com.google.javascript.rhino.jstype.JSType):1033, 5.14927
com.google.javascript.rhino.jstype.JSType#filterNoResolvedType(com.google.javascript.rhino.jstype.JSType):1035, 5.14927
com.google.javascript.rhino.jstype.JSType#filterNoResolvedType(com.google.javascript.rhino.jstype.JSType):1036, 5.14927
com.google.javascript.jscomp.graph.LinkedDirectedGraph#isConnectedInDirection(java.lang.Object,com.google.common.base.Predicate,java.lang.Object):212, 5.141801700704936
com.google.javascript.jscomp.graph.LinkedDirectedGraph#isConnectedInDirection(java.lang.Object,com.google.common.base.Predicate,java.lang.Object):208, 5.141800871531544
com.google.javascript.jscomp.graph.LinkedDirectedGraph#isConnectedInDirection(java.lang.Object,com.google.common.base.Predicate,java.lang.Object):205, 5.141798693800061
com.google.javascript.jscomp.graph.LinkedDirectedGraph#isConnectedInDirection(java.lang.Object,com.google.common.base.Predicate,java.lang.Object):206, 5.141798693800061
com.google.javascript.jscomp.graph.LinkedDirectedGraph#isConnectedInDirection(java.lang.Object,com.google.common.base.Predicate,java.lang.Object):207, 5.141798693800061
com.google.javascript.jscomp.graph.LinkedDirectedGraph#isConnectedInDirection(java.lang.Object,com.google.common.base.Predicate,java.lang.Object):214, 5.141798693800061
com.google.javascript.jscomp.graph.LinkedDirectedGraph#isConnectedInDirection(java.lang.Object,com.google.common.base.Predicate,java.lang.Object):210, 5.14163
com.google.javascript.jscomp.LinkedFlowScope#optimize():237, 5.137428948498713
com.google.javascript.jscomp.LinkedFlowScope#optimize():234, 5.137428780080373
com.google.javascript.jscomp.LinkedFlowScope#optimize():235, 5.137428780080373
com.google.javascript.jscomp.LinkedFlowScope#optimize():238, 5.137428780080373
com.google.javascript.jscomp.NodeTraversal.AbstractScopedCallback#shouldTraverse(com.google.javascript.jscomp.NodeTraversal,com.google.javascript.rhino.Node,com.google.javascript.rhino.Node):154, 5.132929049766339
com.google.javascript.jscomp.Scope#getSlot(java.lang.String):517, 5.100901040179975
com.google.javascript.jscomp.graph.LinkedDirectedGraph#isConnectedInDirection(java.lang.Object,java.lang.Object,java.lang.Object):200, 5.087738886153373
com.google.javascript.jscomp.LinkedFlowScope.FlowScopeJoinOp#apply(com.google.javascript.jscomp.type.FlowScope,com.google.javascript.jscomp.type.FlowScope):254, 5.087545585817462
com.google.javascript.jscomp.LinkedFlowScope.FlowScopeJoinOp#apply(com.google.javascript.jscomp.type.FlowScope,com.google.javascript.jscomp.type.FlowScope):247, 5.08743192333932
com.google.javascript.jscomp.LinkedFlowScope.FlowScopeJoinOp#apply(com.google.javascript.jscomp.type.FlowScope,com.google.javascript.jscomp.type.FlowScope):248, 5.08743192333932
com.google.javascript.jscomp.LinkedFlowScope.FlowScopeJoinOp#apply(com.google.javascript.jscomp.type.FlowScope,com.google.javascript.jscomp.type.FlowScope):249, 5.08743192333932
com.google.javascript.jscomp.LinkedFlowScope.FlowScopeJoinOp#apply(com.google.javascript.jscomp.type.FlowScope,com.google.javascript.jscomp.type.FlowScope):250, 5.08743192333932
com.google.javascript.jscomp.LinkedFlowScope.FlowScopeJoinOp#apply(com.google.javascript.jscomp.type.FlowScope,com.google.javascript.jscomp.type.FlowScope):251, 5.08743192333932
com.google.javascript.jscomp.LinkedFlowScope.FlowScopeJoinOp#apply(com.google.javascript.jscomp.type.FlowScope,com.google.javascript.jscomp.type.FlowScope):252, 5.08713
com.google.javascript.rhino.jstype.JSType#getLeastSupertype(com.google.javascript.rhino.jstype.JSType,com.google.javascript.rhino.jstype.JSType):925, 5.055090585281819
com.google.javascript.rhino.jstype.JSType#getLeastSupertype(com.google.javascript.rhino.jstype.JSType,com.google.javascript.rhino.jstype.JSType):926, 5.055090585281819
com.google.javascript.rhino.jstype.FunctionType#getMinArguments():299, 5.052523749615479
com.google.javascript.rhino.jstype.FunctionType#getMinArguments():300, 5.052523749615479
com.google.javascript.rhino.jstype.FunctionType#getMinArguments():303, 5.052523749615479
com.google.javascript.rhino.jstype.FunctionType#getMinArguments():296, 5.052421729982996
com.google.javascript.rhino.jstype.FunctionType#getMinArguments():297, 5.052421729982996
com.google.javascript.rhino.jstype.FunctionType#getMinArguments():298, 5.052421729982996
com.google.javascript.rhino.jstype.FunctionType#getMinArguments():304, 5.052421729982996
com.google.javascript.rhino.jstype.FunctionType#getMinArguments():301, 5.05213
com.google.javascript.rhino.jstype.JSType#isEmptyType():177, 5.029790560705543
com.google.javascript.jscomp.TypeCheck#visitFunction(com.google.javascript.jscomp.NodeTraversal,com.google.javascript.rhino.Node):1769, 5.0218653559924995
com.google.javascript.jscomp.TypeCheck#visitFunction(com.google.javascript.jscomp.NodeTraversal,com.google.javascript.rhino.Node):1779, 5.0218653559924995
com.google.javascript.jscomp.TypeCheck#visitFunction(com.google.javascript.jscomp.NodeTraversal,com.google.javascript.rhino.Node):1737, 5.021338426014165
com.google.javascript.jscomp.TypeCheck#visitFunction(com.google.javascript.jscomp.NodeTraversal,com.google.javascript.rhino.Node):1738, 5.021338426014165
com.google.javascript.jscomp.TypeCheck#visitFunction(com.google.javascript.jscomp.NodeTraversal,com.google.javascript.rhino.Node):1741, 5.021338426014165
com.google.javascript.jscomp.TypeCheck#visitFunction(com.google.javascript.jscomp.NodeTraversal,com.google.javascript.rhino.Node):1728, 5.02132545535709
com.google.javascript.jscomp.TypeCheck#visitFunction(com.google.javascript.jscomp.NodeTraversal,com.google.javascript.rhino.Node):1729, 5.02132545535709
com.google.javascript.jscomp.TypeCheck#visitFunction(com.google.javascript.jscomp.NodeTraversal,com.google.javascript.rhino.Node):1736, 5.02132545535709
com.google.javascript.jscomp.TypeCheck#visitFunction(com.google.javascript.jscomp.NodeTraversal,com.google.javascript.rhino.Node):1747, 5.02132545535709
com.google.javascript.jscomp.TypeCheck#visitFunction(com.google.javascript.jscomp.NodeTraversal,com.google.javascript.rhino.Node):1765, 5.02132545535709
com.google.javascript.jscomp.TypeCheck#visitFunction(com.google.javascript.jscomp.NodeTraversal,com.google.javascript.rhino.Node):1725, 5.021320522036828
com.google.javascript.jscomp.TypeCheck#visitFunction(com.google.javascript.jscomp.NodeTraversal,com.google.javascript.rhino.Node):1726, 5.021320522036828
com.google.javascript.jscomp.TypeCheck#visitFunction(com.google.javascript.jscomp.NodeTraversal,com.google.javascript.rhino.Node):1727, 5.021320522036828
com.google.javascript.jscomp.TypeCheck#visitFunction(com.google.javascript.jscomp.NodeTraversal,com.google.javascript.rhino.Node):1767, 5.021320522036828
com.google.javascript.jscomp.TypeCheck#visitFunction(com.google.javascript.jscomp.NodeTraversal,com.google.javascript.rhino.Node):1793, 5.021320522036828
com.google.javascript.jscomp.TypeCheck#visitFunction(com.google.javascript.jscomp.NodeTraversal,com.google.javascript.rhino.Node):1732, 5.02112
com.google.javascript.jscomp.TypeCheck#visitFunction(com.google.javascript.jscomp.NodeTraversal,com.google.javascript.rhino.Node):1739, 5.02112
com.google.javascript.jscomp.TypeCheck#visitFunction(com.google.javascript.jscomp.NodeTraversal,com.google.javascript.rhino.Node):1742, 5.02112
com.google.javascript.jscomp.TypeCheck#visitFunction(com.google.javascript.jscomp.NodeTraversal,com.google.javascript.rhino.Node):1748, 5.02112
com.google.javascript.jscomp.TypeCheck#visitFunction(com.google.javascript.jscomp.NodeTraversal,com.google.javascript.rhino.Node):1749, 5.02112
com.google.javascript.jscomp.TypeCheck#visitFunction(com.google.javascript.jscomp.NodeTraversal,com.google.javascript.rhino.Node):1750, 5.02112
com.google.javascript.jscomp.TypeCheck#visitFunction(com.google.javascript.jscomp.NodeTraversal,com.google.javascript.rhino.Node):1751, 5.02112
com.google.javascript.jscomp.TypeCheck#visitFunction(com.google.javascript.jscomp.NodeTraversal,com.google.javascript.rhino.Node):1753, 5.02112
com.google.javascript.jscomp.TypeCheck#visitFunction(com.google.javascript.jscomp.NodeTraversal,com.google.javascript.rhino.Node):1755, 5.02112
com.google.javascript.jscomp.TypeCheck#visitFunction(com.google.javascript.jscomp.NodeTraversal,com.google.javascript.rhino.Node):1757, 5.02112
com.google.javascript.jscomp.TypeCheck#visitFunction(com.google.javascript.jscomp.NodeTraversal,com.google.javascript.rhino.Node):1758, 5.02112
com.google.javascript.jscomp.TypeCheck#visitFunction(com.google.javascript.jscomp.NodeTraversal,com.google.javascript.rhino.Node):1760, 5.02112
com.google.javascript.jscomp.TypeCheck#visitFunction(com.google.javascript.jscomp.NodeTraversal,com.google.javascript.rhino.Node):1761, 5.02112
com.google.javascript.jscomp.TypeCheck#visitFunction(com.google.javascript.jscomp.NodeTraversal,com.google.javascript.rhino.Node):1763, 5.02112
com.google.javascript.jscomp.TypeCheck#visitFunction(com.google.javascript.jscomp.NodeTraversal,com.google.javascript.rhino.Node):1770, 5.02112
com.google.javascript.jscomp.TypeCheck#visitFunction(com.google.javascript.jscomp.NodeTraversal,com.google.javascript.rhino.Node):1772, 5.02112
com.google.javascript.jscomp.TypeCheck#visitFunction(com.google.javascript.jscomp.NodeTraversal,com.google.javascript.rhino.Node):1776, 5.02112
com.google.javascript.jscomp.TypeCheck#visitFunction(com.google.javascript.jscomp.NodeTraversal,com.google.javascript.rhino.Node):1781, 5.02112
com.google.javascript.jscomp.TypeCheck#visitFunction(com.google.javascript.jscomp.NodeTraversal,com.google.javascript.rhino.Node):1783, 5.02112
com.google.javascript.jscomp.TypeCheck#visitFunction(com.google.javascript.jscomp.NodeTraversal,com.google.javascript.rhino.Node):1785, 5.02112
com.google.javascript.jscomp.TypeCheck#visitFunction(com.google.javascript.jscomp.NodeTraversal,com.google.javascript.rhino.Node):1786, 5.02112
com.google.javascript.jscomp.TypeCheck#visitFunction(com.google.javascript.jscomp.NodeTraversal,com.google.javascript.rhino.Node):1787, 5.02112
com.google.javascript.jscomp.TypeCheck#visitFunction(com.google.javascript.jscomp.NodeTraversal,com.google.javascript.rhino.Node):1789, 5.02112
com.google.javascript.jscomp.TypeCheck#visitFunction(com.google.javascript.jscomp.NodeTraversal,com.google.javascript.rhino.Node):1790, 5.02112
com.google.javascript.rhino.jstype.JSType#getLeastSupertype(com.google.javascript.rhino.jstype.JSType):917, 5.003298089357463
com.google.javascript.rhino.jstype.JSType#getLeastSupertype(com.google.javascript.rhino.jstype.JSType):913, 5.003287340407988
com.google.javascript.rhino.jstype.JSType#getLeastSupertype(com.google.javascript.rhino.jstype.JSType):915, 5.00297
com.google.javascript.jscomp.parsing.IRFactory#transformBlock(com.google.javascript.rhino.head.ast.AstNode):225, 5.001604101861776
com.google.javascript.jscomp.parsing.IRFactory#transformBlock(com.google.javascript.rhino.head.ast.AstNode):226, 5.001604101861776
com.google.javascript.jscomp.parsing.IRFactory#transformBlock(com.google.javascript.rhino.head.ast.AstNode):238, 5.001604101861776
com.google.javascript.jscomp.parsing.IRFactory#transformBlock(com.google.javascript.rhino.head.ast.AstNode):227, 5.00128
com.google.javascript.jscomp.parsing.IRFactory#transformBlock(com.google.javascript.rhino.head.ast.AstNode):228, 5.00128
com.google.javascript.jscomp.parsing.IRFactory#transformBlock(com.google.javascript.rhino.head.ast.AstNode):229, 5.00128
com.google.javascript.jscomp.parsing.IRFactory#transformBlock(com.google.javascript.rhino.head.ast.AstNode):231, 5.00128
com.google.javascript.jscomp.parsing.IRFactory#transformBlock(com.google.javascript.rhino.head.ast.AstNode):232, 5.00128
com.google.javascript.jscomp.parsing.IRFactory#transformBlock(com.google.javascript.rhino.head.ast.AstNode):233, 5.00128
com.google.javascript.jscomp.parsing.IRFactory#transformBlock(com.google.javascript.rhino.head.ast.AstNode):234, 5.00128
com.google.javascript.jscomp.parsing.IRFactory#transformBlock(com.google.javascript.rhino.head.ast.AstNode):235, 5.00128
com.google.javascript.jscomp.FunctionTypeBuilder#inferInheritance(com.google.javascript.rhino.JSDocInfo):404, 4.98605547625011
com.google.javascript.jscomp.FunctionTypeBuilder#inferInheritance(com.google.javascript.rhino.JSDocInfo):405, 4.98605547625011
com.google.javascript.jscomp.FunctionTypeBuilder#inferInheritance(com.google.javascript.rhino.JSDocInfo):342, 4.985546930457819
com.google.javascript.jscomp.FunctionTypeBuilder#inferInheritance(com.google.javascript.rhino.JSDocInfo):327, 4.985527142430672
com.google.javascript.jscomp.FunctionTypeBuilder#inferInheritance(com.google.javascript.rhino.JSDocInfo):328, 4.985527142430672
com.google.javascript.jscomp.FunctionTypeBuilder#inferInheritance(com.google.javascript.rhino.JSDocInfo):329, 4.985527142430672
com.google.javascript.jscomp.FunctionTypeBuilder#inferInheritance(com.google.javascript.rhino.JSDocInfo):330, 4.985527142430672
com.google.javascript.jscomp.FunctionTypeBuilder#inferInheritance(com.google.javascript.rhino.JSDocInfo):332, 4.985527142430672
com.google.javascript.jscomp.FunctionTypeBuilder#inferInheritance(com.google.javascript.rhino.JSDocInfo):334, 4.985527142430672
com.google.javascript.jscomp.FunctionTypeBuilder#inferInheritance(com.google.javascript.rhino.JSDocInfo):340, 4.985527142430672
com.google.javascript.jscomp.FunctionTypeBuilder#inferInheritance(com.google.javascript.rhino.JSDocInfo):341, 4.985527142430672
com.google.javascript.jscomp.FunctionTypeBuilder#inferInheritance(com.google.javascript.rhino.JSDocInfo):353, 4.985527142430672
com.google.javascript.jscomp.FunctionTypeBuilder#inferInheritance(com.google.javascript.rhino.JSDocInfo):367, 4.985527142430672
com.google.javascript.jscomp.FunctionTypeBuilder#inferInheritance(com.google.javascript.rhino.JSDocInfo):403, 4.985527142430672
com.google.javascript.jscomp.FunctionTypeBuilder#inferInheritance(com.google.javascript.rhino.JSDocInfo):326, 4.9855213547071475
com.google.javascript.jscomp.FunctionTypeBuilder#inferInheritance(com.google.javascript.rhino.JSDocInfo):415, 4.9855213547071475
com.google.javascript.jscomp.FunctionTypeBuilder#inferInheritance(com.google.javascript.rhino.JSDocInfo):333, 4.98533
com.google.javascript.jscomp.FunctionTypeBuilder#inferInheritance(com.google.javascript.rhino.JSDocInfo):335, 4.98533
com.google.javascript.jscomp.FunctionTypeBuilder#inferInheritance(com.google.javascript.rhino.JSDocInfo):343, 4.98533
com.google.javascript.jscomp.FunctionTypeBuilder#inferInheritance(com.google.javascript.rhino.JSDocInfo):344, 4.98533
com.google.javascript.jscomp.FunctionTypeBuilder#inferInheritance(com.google.javascript.rhino.JSDocInfo):345, 4.98533
com.google.javascript.jscomp.FunctionTypeBuilder#inferInheritance(com.google.javascript.rhino.JSDocInfo):346, 4.98533
com.google.javascript.jscomp.FunctionTypeBuilder#inferInheritance(com.google.javascript.rhino.JSDocInfo):347, 4.98533
com.google.javascript.jscomp.FunctionTypeBuilder#inferInheritance(com.google.javascript.rhino.JSDocInfo):348, 4.98533
com.google.javascript.jscomp.FunctionTypeBuilder#inferInheritance(com.google.javascript.rhino.JSDocInfo):354, 4.98533
com.google.javascript.jscomp.FunctionTypeBuilder#inferInheritance(com.google.javascript.rhino.JSDocInfo):355, 4.98533
com.google.javascript.jscomp.FunctionTypeBuilder#inferInheritance(com.google.javascript.rhino.JSDocInfo):357, 4.98533
com.google.javascript.jscomp.FunctionTypeBuilder#inferInheritance(com.google.javascript.rhino.JSDocInfo):359, 4.98533
com.google.javascript.jscomp.FunctionTypeBuilder#inferInheritance(com.google.javascript.rhino.JSDocInfo):361, 4.98533
com.google.javascript.jscomp.FunctionTypeBuilder#inferInheritance(com.google.javascript.rhino.JSDocInfo):362, 4.98533
com.google.javascript.jscomp.FunctionTypeBuilder#inferInheritance(com.google.javascript.rhino.JSDocInfo):368, 4.98533
com.google.javascript.jscomp.FunctionTypeBuilder#inferInheritance(com.google.javascript.rhino.JSDocInfo):369, 4.98533
com.google.javascript.jscomp.FunctionTypeBuilder#inferInheritance(com.google.javascript.rhino.JSDocInfo):370, 4.98533
com.google.javascript.jscomp.FunctionTypeBuilder#inferInheritance(com.google.javascript.rhino.JSDocInfo):371, 4.98533
com.google.javascript.jscomp.FunctionTypeBuilder#inferInheritance(com.google.javascript.rhino.JSDocInfo):372, 4.98533
com.google.javascript.jscomp.FunctionTypeBuilder#inferInheritance(com.google.javascript.rhino.JSDocInfo):374, 4.98533
com.google.javascript.jscomp.FunctionTypeBuilder#inferInheritance(com.google.javascript.rhino.JSDocInfo):378, 4.98533
com.google.javascript.jscomp.FunctionTypeBuilder#inferInheritance(com.google.javascript.rhino.JSDocInfo):379, 4.98533
com.google.javascript.jscomp.FunctionTypeBuilder#inferInheritance(com.google.javascript.rhino.JSDocInfo):380, 4.98533
com.google.javascript.jscomp.FunctionTypeBuilder#inferInheritance(com.google.javascript.rhino.JSDocInfo):383, 4.98533
com.google.javascript.jscomp.FunctionTypeBuilder#inferInheritance(com.google.javascript.rhino.JSDocInfo):384, 4.98533
com.google.javascript.jscomp.FunctionTypeBuilder#inferInheritance(com.google.javascript.rhino.JSDocInfo):387, 4.98533
com.google.javascript.jscomp.FunctionTypeBuilder#inferInheritance(com.google.javascript.rhino.JSDocInfo):390, 4.98533
com.google.javascript.jscomp.FunctionTypeBuilder#inferInheritance(com.google.javascript.rhino.JSDocInfo):392, 4.98533
com.google.javascript.jscomp.FunctionTypeBuilder#inferInheritance(com.google.javascript.rhino.JSDocInfo):393, 4.98533
com.google.javascript.jscomp.FunctionTypeBuilder#inferInheritance(com.google.javascript.rhino.JSDocInfo):394, 4.98533
com.google.javascript.jscomp.FunctionTypeBuilder#inferInheritance(com.google.javascript.rhino.JSDocInfo):397, 4.98533
com.google.javascript.jscomp.FunctionTypeBuilder#inferInheritance(com.google.javascript.rhino.JSDocInfo):406, 4.98533
com.google.javascript.jscomp.FunctionTypeBuilder#inferInheritance(com.google.javascript.rhino.JSDocInfo):407, 4.98533
com.google.javascript.jscomp.FunctionTypeBuilder#inferInheritance(com.google.javascript.rhino.JSDocInfo):409, 4.98533
com.google.javascript.jscomp.FunctionTypeBuilder#inferInheritance(com.google.javascript.rhino.JSDocInfo):411, 4.98533
com.google.javascript.jscomp.FunctionTypeBuilder#buildAndRegister():688, 4.986059324957489
com.google.javascript.jscomp.FunctionTypeBuilder#buildAndRegister():685, 4.98605547625011
com.google.javascript.jscomp.FunctionTypeBuilder#buildAndRegister():687, 4.98605547625011
com.google.javascript.jscomp.FunctionTypeBuilder#buildAndRegister():690, 4.98605547625011
com.google.javascript.jscomp.FunctionTypeBuilder#buildAndRegister():708, 4.98605547625011
com.google.javascript.jscomp.FunctionTypeBuilder#buildAndRegister():667, 4.985564018188601
com.google.javascript.jscomp.FunctionTypeBuilder#buildAndRegister():668, 4.985564018188601
com.google.javascript.jscomp.FunctionTypeBuilder#buildAndRegister():673, 4.985538650534894
com.google.javascript.jscomp.FunctionTypeBuilder#buildAndRegister():683, 4.985533531375253
com.google.javascript.jscomp.FunctionTypeBuilder#buildAndRegister():692, 4.985525852664537
com.google.javascript.jscomp.FunctionTypeBuilder#buildAndRegister():700, 4.985525852664537
com.google.javascript.jscomp.FunctionTypeBuilder#buildAndRegister():684, 4.985525142848063
com.google.javascript.jscomp.FunctionTypeBuilder#buildAndRegister():664, 4.985522378851494
com.google.javascript.jscomp.FunctionTypeBuilder#buildAndRegister():653, 4.9855213547071475
com.google.javascript.jscomp.FunctionTypeBuilder#buildAndRegister():672, 4.9855213547071475
com.google.javascript.jscomp.FunctionTypeBuilder#buildAndRegister():676, 4.9855213547071475
com.google.javascript.jscomp.FunctionTypeBuilder#buildAndRegister():682, 4.9855213547071475
com.google.javascript.jscomp.FunctionTypeBuilder#buildAndRegister():703, 4.9855213547071475
com.google.javascript.jscomp.FunctionTypeBuilder#buildAndRegister():707, 4.9855213547071475
com.google.javascript.jscomp.FunctionTypeBuilder#buildAndRegister():711, 4.9855213547071475
com.google.javascript.jscomp.FunctionTypeBuilder#buildAndRegister():713, 4.9855213547071475
com.google.javascript.jscomp.FunctionTypeBuilder#buildAndRegister():677, 4.98533
com.google.javascript.jscomp.FunctionTypeBuilder#buildAndRegister():704, 4.98533
com.google.javascript.jscomp.TypedScopeCreator.AbstractScopeBuilder.CollectProperties#visit(com.google.javascript.jscomp.NodeTraversal,com.google.javascript.rhino.Node,com.google.javascript.rhino.Node):1785, 4.975730015001125
com.google.javascript.jscomp.TypedScopeCreator.AbstractScopeBuilder.CollectProperties#visit(com.google.javascript.jscomp.NodeTraversal,com.google.javascript.rhino.Node,com.google.javascript.rhino.Node):1797, 4.975730015001125
com.google.javascript.jscomp.TypedScopeCreator.AbstractScopeBuilder.CollectProperties#visit(com.google.javascript.jscomp.NodeTraversal,com.google.javascript.rhino.Node,com.google.javascript.rhino.Node):1786, 4.97543
com.google.javascript.jscomp.TypedScopeCreator.AbstractScopeBuilder.CollectProperties#visit(com.google.javascript.jscomp.NodeTraversal,com.google.javascript.rhino.Node,com.google.javascript.rhino.Node):1787, 4.97543
com.google.javascript.jscomp.TypedScopeCreator.AbstractScopeBuilder.CollectProperties#visit(com.google.javascript.jscomp.NodeTraversal,com.google.javascript.rhino.Node,com.google.javascript.rhino.Node):1789, 4.97543
com.google.javascript.jscomp.TypedScopeCreator.AbstractScopeBuilder.CollectProperties#visit(com.google.javascript.jscomp.NodeTraversal,com.google.javascript.rhino.Node,com.google.javascript.rhino.Node):1791, 4.97543
com.google.javascript.jscomp.TypedScopeCreator.AbstractScopeBuilder.CollectProperties#visit(com.google.javascript.jscomp.NodeTraversal,com.google.javascript.rhino.Node,com.google.javascript.rhino.Node):1793, 4.97543
com.google.javascript.jscomp.TypeInferencePass.SecondScopeBuildingCallback#enterScope(com.google.javascript.jscomp.NodeTraversal):148, 4.93518302285912
com.google.javascript.jscomp.TypeInferencePass.SecondScopeBuildingCallback#enterScope(com.google.javascript.jscomp.NodeTraversal):149, 4.93518302285912
com.google.javascript.jscomp.Scope#getVar(java.lang.String):533, 4.933474621599442
com.google.javascript.jscomp.Scope#getVar(java.lang.String):535, 4.933467134840264
com.google.javascript.jscomp.Scope#getVar(java.lang.String):532, 4.933461951820676
com.google.javascript.jscomp.Scope#getVar(java.lang.String):531, 4.933449373668334
com.google.javascript.jscomp.Scope#getVar(java.lang.String):529, 4.933448289968941
com.google.javascript.jscomp.Scope#getVar(java.lang.String):530, 4.933448289968941
com.google.javascript.rhino.jstype.FunctionType#forInterface(com.google.javascript.rhino.jstype.JSTypeRegistry,java.lang.String,com.google.javascript.rhino.Node,com.google.javascript.rhino.jstype.TemplateTypeMap):182, 4.925583928293221
com.google.javascript.jscomp.ControlFlowAnalysis.1#compare(com.google.javascript.jscomp.graph.DiGraph.DiGraphNode,com.google.javascript.jscomp.graph.DiGraph.DiGraphNode):75, 4.906856534127531
com.google.javascript.jscomp.FunctionTypeBuilder.AstFunctionContents#mayHaveSingleThrow():945, 4.893453094815454
com.google.javascript.jscomp.FunctionTypeBuilder.AstFunctionContents#mayHaveSingleThrow():946, 4.893453094815454
com.google.javascript.jscomp.TypeInference#flowThrough(com.google.javascript.rhino.Node,com.google.javascript.jscomp.type.FlowScope):181, 4.871359083558415
com.google.javascript.jscomp.TypeInference#flowThrough(com.google.javascript.rhino.Node,com.google.javascript.jscomp.type.FlowScope):185, 4.871359083558415
com.google.javascript.jscomp.TypeInference#flowThrough(com.google.javascript.rhino.Node,com.google.javascript.jscomp.type.FlowScope):186, 4.871359083558415
com.google.javascript.jscomp.TypeInference#flowThrough(com.google.javascript.rhino.Node,com.google.javascript.jscomp.type.FlowScope):187, 4.871359083558415
com.google.javascript.jscomp.TypeInference#flowThrough(com.google.javascript.rhino.Node,com.google.javascript.jscomp.type.FlowScope):182, 4.87117
com.google.javascript.jscomp.ControlFlowAnalysis.AstControlFlowGraph#getPosition(com.google.javascript.jscomp.graph.DiGraph.DiGraphNode):1053, 4.845709750320461
com.google.javascript.jscomp.ControlFlowAnalysis.AstControlFlowGraph#getPosition(com.google.javascript.jscomp.graph.DiGraph.DiGraphNode):1054, 4.845709750320461
com.google.javascript.jscomp.ControlFlowAnalysis.AstControlFlowGraph#getPosition(com.google.javascript.jscomp.graph.DiGraph.DiGraphNode):1055, 4.845709750320461
com.google.javascript.jscomp.TypeCheck#checkEnumAlias(com.google.javascript.jscomp.NodeTraversal,com.google.javascript.rhino.JSDocInfo,com.google.javascript.rhino.Node):2017, 4.810683111115925
com.google.javascript.jscomp.TypeCheck#checkEnumAlias(com.google.javascript.jscomp.NodeTraversal,com.google.javascript.rhino.JSDocInfo,com.google.javascript.rhino.Node):2016, 4.810683027376027
com.google.javascript.jscomp.TypeCheck#checkEnumAlias(com.google.javascript.jscomp.NodeTraversal,com.google.javascript.rhino.JSDocInfo,com.google.javascript.rhino.Node):2020, 4.81048
com.google.javascript.jscomp.TypeCheck#checkEnumAlias(com.google.javascript.jscomp.NodeTraversal,com.google.javascript.rhino.JSDocInfo,com.google.javascript.rhino.Node):2021, 4.81048
com.google.javascript.jscomp.TypeCheck#checkEnumAlias(com.google.javascript.jscomp.NodeTraversal,com.google.javascript.rhino.JSDocInfo,com.google.javascript.rhino.Node):2022, 4.81048
com.google.javascript.jscomp.TypeCheck#checkEnumAlias(com.google.javascript.jscomp.NodeTraversal,com.google.javascript.rhino.JSDocInfo,com.google.javascript.rhino.Node):2025, 4.81048
com.google.javascript.jscomp.TypeCheck#checkEnumAlias(com.google.javascript.jscomp.NodeTraversal,com.google.javascript.rhino.JSDocInfo,com.google.javascript.rhino.Node):2026, 4.81048
com.google.javascript.jscomp.TypeCheck#checkEnumAlias(com.google.javascript.jscomp.NodeTraversal,com.google.javascript.rhino.JSDocInfo,com.google.javascript.rhino.Node):2028, 4.81048
com.google.javascript.jscomp.TypeCheck#checkEnumAlias(com.google.javascript.jscomp.NodeTraversal,com.google.javascript.rhino.JSDocInfo,com.google.javascript.rhino.Node):2031, 4.81048
com.google.javascript.jscomp.TypeCheck#visitVar(com.google.javascript.jscomp.NodeTraversal,com.google.javascript.rhino.Node):1646, 4.80808191138999
com.google.javascript.jscomp.TypeCheck#visitVar(com.google.javascript.jscomp.NodeTraversal,com.google.javascript.rhino.Node):1639, 4.808022703468747
com.google.javascript.jscomp.TypeCheck#visitVar(com.google.javascript.jscomp.NodeTraversal,com.google.javascript.rhino.Node):1633, 4.808022251388789
com.google.javascript.jscomp.TypeCheck#visitVar(com.google.javascript.jscomp.NodeTraversal,com.google.javascript.rhino.Node):1634, 4.808022251388789
com.google.javascript.jscomp.TypeCheck#visitVar(com.google.javascript.jscomp.NodeTraversal,com.google.javascript.rhino.Node):1635, 4.808022251388789
com.google.javascript.jscomp.TypeCheck#visitVar(com.google.javascript.jscomp.NodeTraversal,com.google.javascript.rhino.Node):1637, 4.808022251388789
com.google.javascript.jscomp.TypeCheck#visitVar(com.google.javascript.jscomp.NodeTraversal,com.google.javascript.rhino.Node):1638, 4.808022251388789
com.google.javascript.jscomp.TypeCheck#visitVar(com.google.javascript.jscomp.NodeTraversal,com.google.javascript.rhino.Node):1642, 4.808022251388789
com.google.javascript.jscomp.TypeCheck#visitVar(com.google.javascript.jscomp.NodeTraversal,com.google.javascript.rhino.Node):1643, 4.808022251388789
com.google.javascript.jscomp.TypeCheck#visitVar(com.google.javascript.jscomp.NodeTraversal,com.google.javascript.rhino.Node):1626, 4.807963531375253
com.google.javascript.jscomp.TypeCheck#visitVar(com.google.javascript.jscomp.NodeTraversal,com.google.javascript.rhino.Node):1627, 4.807963531375253
com.google.javascript.jscomp.TypeCheck#visitVar(com.google.javascript.jscomp.NodeTraversal,com.google.javascript.rhino.Node):1628, 4.807963531375253
com.google.javascript.jscomp.TypeCheck#visitVar(com.google.javascript.jscomp.NodeTraversal,com.google.javascript.rhino.Node):1630, 4.807963531375253
com.google.javascript.jscomp.TypeCheck#visitVar(com.google.javascript.jscomp.NodeTraversal,com.google.javascript.rhino.Node):1632, 4.807963531375253
com.google.javascript.jscomp.TypeCheck#visitVar(com.google.javascript.jscomp.NodeTraversal,com.google.javascript.rhino.Node):1650, 4.807963531375253
com.google.javascript.jscomp.TypeCheck#visitVar(com.google.javascript.jscomp.NodeTraversal,com.google.javascript.rhino.Node):1651, 4.807963531375253
com.google.javascript.jscomp.TypeCheck#visitVar(com.google.javascript.jscomp.NodeTraversal,com.google.javascript.rhino.Node):1644, 4.80776
com.google.javascript.jscomp.graph.LinkedDirectedGraph#getDirectedPredNodes(com.google.javascript.jscomp.graph.DiGraph.DiGraphNode):230, 4.807299808426272
com.google.javascript.jscomp.graph.LinkedDirectedGraph#getDirectedPredNodes(com.google.javascript.jscomp.graph.DiGraph.DiGraphNode):233, 4.807299808426272
com.google.javascript.jscomp.graph.LinkedDirectedGraph#getDirectedPredNodes(com.google.javascript.jscomp.graph.DiGraph.DiGraphNode):234, 4.807299808426272
com.google.javascript.jscomp.graph.LinkedDirectedGraph#getDirectedPredNodes(com.google.javascript.jscomp.graph.DiGraph.DiGraphNode):235, 4.807299808426272
com.google.javascript.jscomp.graph.LinkedDirectedGraph#getDirectedPredNodes(com.google.javascript.jscomp.graph.DiGraph.DiGraphNode):236, 4.807299808426272
com.google.javascript.jscomp.graph.LinkedDirectedGraph#getDirectedPredNodes(com.google.javascript.jscomp.graph.DiGraph.DiGraphNode):237, 4.807299808426272
com.google.javascript.jscomp.graph.LinkedDirectedGraph#getDirectedPredNodes(com.google.javascript.jscomp.graph.DiGraph.DiGraphNode):231, 4.80712
com.google.javascript.jscomp.NodeTraversal#traverseFunction(com.google.javascript.rhino.Node,com.google.javascript.rhino.Node):563, 4.792365926756575
com.google.javascript.jscomp.NodeTraversal#traverseFunction(com.google.javascript.rhino.Node,com.google.javascript.rhino.Node):554, 4.79235120970031
com.google.javascript.jscomp.NodeTraversal#traverseFunction(com.google.javascript.rhino.Node,com.google.javascript.rhino.Node):545, 4.79234282660709
com.google.javascript.jscomp.NodeTraversal#traverseFunction(com.google.javascript.rhino.Node,com.google.javascript.rhino.Node):546, 4.79234282660709
com.google.javascript.jscomp.NodeTraversal#traverseFunction(com.google.javascript.rhino.Node,com.google.javascript.rhino.Node):548, 4.79234282660709
com.google.javascript.jscomp.NodeTraversal#traverseFunction(com.google.javascript.rhino.Node,com.google.javascript.rhino.Node):549, 4.79234282660709
com.google.javascript.jscomp.NodeTraversal#traverseFunction(com.google.javascript.rhino.Node,com.google.javascript.rhino.Node):552, 4.79234282660709
com.google.javascript.jscomp.NodeTraversal#traverseFunction(com.google.javascript.rhino.Node,com.google.javascript.rhino.Node):557, 4.79234282660709
com.google.javascript.jscomp.NodeTraversal#traverseFunction(com.google.javascript.rhino.Node,com.google.javascript.rhino.Node):558, 4.79234282660709
com.google.javascript.jscomp.NodeTraversal#traverseFunction(com.google.javascript.rhino.Node,com.google.javascript.rhino.Node):560, 4.79234282660709
com.google.javascript.jscomp.NodeTraversal#traverseFunction(com.google.javascript.rhino.Node,com.google.javascript.rhino.Node):566, 4.79234282660709
com.google.javascript.jscomp.NodeTraversal#traverseFunction(com.google.javascript.rhino.Node,com.google.javascript.rhino.Node):567, 4.79234282660709
com.google.javascript.jscomp.NodeTraversal#traverseFunction(com.google.javascript.rhino.Node,com.google.javascript.rhino.Node):570, 4.79234282660709
com.google.javascript.jscomp.NodeTraversal#traverseFunction(com.google.javascript.rhino.Node,com.google.javascript.rhino.Node):573, 4.79234282660709
com.google.javascript.jscomp.NodeTraversal#traverseFunction(com.google.javascript.rhino.Node,com.google.javascript.rhino.Node):574, 4.79234282660709
com.google.javascript.jscomp.NodeTraversal#traverseFunction(com.google.javascript.rhino.Node,com.google.javascript.rhino.Node):576, 4.79234282660709
com.google.javascript.jscomp.NodeTraversal#traverseFunction(com.google.javascript.rhino.Node,com.google.javascript.rhino.Node):577, 4.79234282660709
com.google.javascript.jscomp.DataFlowAnalysis.BranchedForwardDataFlowAnalysis#isForward():427, 4.775129049766339
com.google.javascript.jscomp.DataFlowAnalysis.BranchedFlowState#setIn(com.google.javascript.jscomp.graph.LatticeElement):508, 4.774619049766339
com.google.javascript.jscomp.DataFlowAnalysis.BranchedFlowState#setIn(com.google.javascript.jscomp.graph.LatticeElement):509, 4.774619049766339
com.google.javascript.jscomp.DataFlowAnalysis.BranchedFlowState#setIn(com.google.javascript.jscomp.graph.LatticeElement):510, 4.774619049766339
com.google.javascript.rhino.jstype.FunctionType#isConstructor():194, 4.7679705607055425
com.google.javascript.jscomp.parsing.IRFactory#isExprStmt(com.google.javascript.rhino.head.ast.AstNode):352, 4.767831170190556
com.google.javascript.jscomp.FunctionTypeBuilder#inferReturnType(com.google.javascript.rhino.JSDocInfo):314, 4.766770678105394
com.google.javascript.jscomp.FunctionTypeBuilder#inferReturnType(com.google.javascript.rhino.JSDocInfo):315, 4.766770678105394
com.google.javascript.jscomp.FunctionTypeBuilder#inferReturnType(com.google.javascript.rhino.JSDocInfo):313, 4.766751354707147
com.google.javascript.jscomp.FunctionTypeBuilder#inferReturnType(com.google.javascript.rhino.JSDocInfo):318, 4.766751354707147
com.google.javascript.jscomp.FunctionTypeBuilder#inferTemplateTypeName(com.google.javascript.rhino.JSDocInfo,com.google.javascript.rhino.jstype.JSType):594, 4.766779475640654
com.google.javascript.jscomp.FunctionTypeBuilder#inferTemplateTypeName(com.google.javascript.rhino.JSDocInfo,com.google.javascript.rhino.jstype.JSType):595, 4.766779475640654
com.google.javascript.jscomp.FunctionTypeBuilder#inferTemplateTypeName(com.google.javascript.rhino.JSDocInfo,com.google.javascript.rhino.jstype.JSType):596, 4.766779475640654
com.google.javascript.jscomp.FunctionTypeBuilder#inferTemplateTypeName(com.google.javascript.rhino.JSDocInfo,com.google.javascript.rhino.jstype.JSType):597, 4.766779475640654
com.google.javascript.jscomp.FunctionTypeBuilder#inferTemplateTypeName(com.google.javascript.rhino.JSDocInfo,com.google.javascript.rhino.jstype.JSType):580, 4.7667769304578185
com.google.javascript.jscomp.FunctionTypeBuilder#inferTemplateTypeName(com.google.javascript.rhino.JSDocInfo,com.google.javascript.rhino.jstype.JSType):581, 4.7667769304578185
com.google.javascript.jscomp.FunctionTypeBuilder#inferTemplateTypeName(com.google.javascript.rhino.JSDocInfo,com.google.javascript.rhino.jstype.JSType):582, 4.7667769304578185
com.google.javascript.jscomp.FunctionTypeBuilder#inferTemplateTypeName(com.google.javascript.rhino.JSDocInfo,com.google.javascript.rhino.jstype.JSType):583, 4.7667769304578185
com.google.javascript.jscomp.FunctionTypeBuilder#inferTemplateTypeName(com.google.javascript.rhino.JSDocInfo,com.google.javascript.rhino.jstype.JSType):584, 4.7667769304578185
com.google.javascript.jscomp.FunctionTypeBuilder#inferTemplateTypeName(com.google.javascript.rhino.JSDocInfo,com.google.javascript.rhino.jstype.JSType):585, 4.7667769304578185
com.google.javascript.jscomp.FunctionTypeBuilder#inferTemplateTypeName(com.google.javascript.rhino.JSDocInfo,com.google.javascript.rhino.jstype.JSType):602, 4.766775866445888
com.google.javascript.jscomp.FunctionTypeBuilder#inferTemplateTypeName(com.google.javascript.rhino.JSDocInfo,com.google.javascript.rhino.jstype.JSType):591, 4.766770865374858
com.google.javascript.jscomp.FunctionTypeBuilder#inferTemplateTypeName(com.google.javascript.rhino.JSDocInfo,com.google.javascript.rhino.jstype.JSType):593, 4.766770865374858
com.google.javascript.jscomp.FunctionTypeBuilder#inferTemplateTypeName(com.google.javascript.rhino.JSDocInfo,com.google.javascript.rhino.jstype.JSType):586, 4.7667518117792165
com.google.javascript.jscomp.FunctionTypeBuilder#inferTemplateTypeName(com.google.javascript.rhino.JSDocInfo,com.google.javascript.rhino.jstype.JSType):579, 4.766751354707147
com.google.javascript.jscomp.FunctionTypeBuilder#inferTemplateTypeName(com.google.javascript.rhino.JSDocInfo,com.google.javascript.rhino.jstype.JSType):589, 4.766751354707147
com.google.javascript.jscomp.FunctionTypeBuilder#inferTemplateTypeName(com.google.javascript.rhino.JSDocInfo,com.google.javascript.rhino.jstype.JSType):590, 4.766751354707147
com.google.javascript.jscomp.FunctionTypeBuilder#inferTemplateTypeName(com.google.javascript.rhino.JSDocInfo,com.google.javascript.rhino.jstype.JSType):601, 4.766751354707147
com.google.javascript.jscomp.FunctionTypeBuilder#inferTemplateTypeName(com.google.javascript.rhino.JSDocInfo,com.google.javascript.rhino.jstype.JSType):604, 4.766751354707147
com.google.javascript.jscomp.TypedScopeCreator.AbstractScopeBuilder#createFunctionTypeFromNodes(com.google.javascript.rhino.Node,java.lang.String,com.google.javascript.rhino.JSDocInfo,com.google.javascript.rhino.Node):938, 4.766400865374858
com.google.javascript.jscomp.TypedScopeCreator.AbstractScopeBuilder#createFunctionTypeFromNodes(com.google.javascript.rhino.Node,java.lang.String,com.google.javascript.rhino.JSDocInfo,com.google.javascript.rhino.Node):961, 4.766400865374858
com.google.javascript.jscomp.TypedScopeCreator.AbstractScopeBuilder#createFunctionTypeFromNodes(com.google.javascript.rhino.Node,java.lang.String,com.google.javascript.rhino.JSDocInfo,com.google.javascript.rhino.Node):963, 4.766400865374858
com.google.javascript.jscomp.TypedScopeCreator.AbstractScopeBuilder#createFunctionTypeFromNodes(com.google.javascript.rhino.Node,java.lang.String,com.google.javascript.rhino.JSDocInfo,com.google.javascript.rhino.Node):944, 4.7664005379802665
com.google.javascript.jscomp.TypedScopeCreator.AbstractScopeBuilder#createFunctionTypeFromNodes(com.google.javascript.rhino.Node,java.lang.String,com.google.javascript.rhino.JSDocInfo,com.google.javascript.rhino.Node):927, 4.766396372085853
com.google.javascript.jscomp.TypedScopeCreator.AbstractScopeBuilder#createFunctionTypeFromNodes(com.google.javascript.rhino.Node,java.lang.String,com.google.javascript.rhino.JSDocInfo,com.google.javascript.rhino.Node):930, 4.76639545535709
com.google.javascript.jscomp.TypedScopeCreator.AbstractScopeBuilder#createFunctionTypeFromNodes(com.google.javascript.rhino.Node,java.lang.String,com.google.javascript.rhino.JSDocInfo,com.google.javascript.rhino.Node):925, 4.766395368685347
com.google.javascript.jscomp.TypedScopeCreator.AbstractScopeBuilder#createFunctionTypeFromNodes(com.google.javascript.rhino.Node,java.lang.String,com.google.javascript.rhino.JSDocInfo,com.google.javascript.rhino.Node):926, 4.766395368685347
com.google.javascript.jscomp.TypedScopeCreator.AbstractScopeBuilder#createFunctionTypeFromNodes(com.google.javascript.rhino.Node,java.lang.String,com.google.javascript.rhino.JSDocInfo,com.google.javascript.rhino.Node):929, 4.766395368685347
com.google.javascript.jscomp.TypedScopeCreator.AbstractScopeBuilder#createFunctionTypeFromNodes(com.google.javascript.rhino.Node,java.lang.String,com.google.javascript.rhino.JSDocInfo,com.google.javascript.rhino.Node):964, 4.766381530117127
com.google.javascript.jscomp.TypedScopeCreator.AbstractScopeBuilder#createFunctionTypeFromNodes(com.google.javascript.rhino.Node,java.lang.String,com.google.javascript.rhino.JSDocInfo,com.google.javascript.rhino.Node):978, 4.766381530117127
com.google.javascript.jscomp.TypedScopeCreator.AbstractScopeBuilder#createFunctionTypeFromNodes(com.google.javascript.rhino.Node,java.lang.String,com.google.javascript.rhino.JSDocInfo,com.google.javascript.rhino.Node):919, 4.766381354707147
com.google.javascript.jscomp.TypedScopeCreator.AbstractScopeBuilder#createFunctionTypeFromNodes(com.google.javascript.rhino.Node,java.lang.String,com.google.javascript.rhino.JSDocInfo,com.google.javascript.rhino.Node):920, 4.766381354707147
com.google.javascript.jscomp.TypedScopeCreator.AbstractScopeBuilder#createFunctionTypeFromNodes(com.google.javascript.rhino.Node,java.lang.String,com.google.javascript.rhino.JSDocInfo,com.google.javascript.rhino.Node):921, 4.766381354707147
com.google.javascript.jscomp.TypedScopeCreator.AbstractScopeBuilder#createFunctionTypeFromNodes(com.google.javascript.rhino.Node,java.lang.String,com.google.javascript.rhino.JSDocInfo,com.google.javascript.rhino.Node):922, 4.766381354707147
com.google.javascript.jscomp.TypedScopeCreator.AbstractScopeBuilder#createFunctionTypeFromNodes(com.google.javascript.rhino.Node,java.lang.String,com.google.javascript.rhino.JSDocInfo,com.google.javascript.rhino.Node):923, 4.766381354707147
com.google.javascript.jscomp.TypedScopeCreator.AbstractScopeBuilder#createFunctionTypeFromNodes(com.google.javascript.rhino.Node,java.lang.String,com.google.javascript.rhino.JSDocInfo,com.google.javascript.rhino.Node):924, 4.766381354707147
com.google.javascript.jscomp.TypedScopeCreator.AbstractScopeBuilder#createFunctionTypeFromNodes(com.google.javascript.rhino.Node,java.lang.String,com.google.javascript.rhino.JSDocInfo,com.google.javascript.rhino.Node):934, 4.766381354707147
com.google.javascript.jscomp.TypedScopeCreator.AbstractScopeBuilder#createFunctionTypeFromNodes(com.google.javascript.rhino.Node,java.lang.String,com.google.javascript.rhino.JSDocInfo,com.google.javascript.rhino.Node):935, 4.766381354707147
com.google.javascript.jscomp.TypedScopeCreator.AbstractScopeBuilder#createFunctionTypeFromNodes(com.google.javascript.rhino.Node,java.lang.String,com.google.javascript.rhino.JSDocInfo,com.google.javascript.rhino.Node):936, 4.766381354707147
com.google.javascript.jscomp.TypedScopeCreator.AbstractScopeBuilder#createFunctionTypeFromNodes(com.google.javascript.rhino.Node,java.lang.String,com.google.javascript.rhino.JSDocInfo,com.google.javascript.rhino.Node):942, 4.766381354707147
com.google.javascript.jscomp.TypedScopeCreator.AbstractScopeBuilder#createFunctionTypeFromNodes(com.google.javascript.rhino.Node,java.lang.String,com.google.javascript.rhino.JSDocInfo,com.google.javascript.rhino.Node):943, 4.766381354707147
com.google.javascript.jscomp.TypedScopeCreator.AbstractScopeBuilder#createFunctionTypeFromNodes(com.google.javascript.rhino.Node,java.lang.String,com.google.javascript.rhino.JSDocInfo,com.google.javascript.rhino.Node):948, 4.766381354707147
com.google.javascript.jscomp.TypedScopeCreator.AbstractScopeBuilder#createFunctionTypeFromNodes(com.google.javascript.rhino.Node,java.lang.String,com.google.javascript.rhino.JSDocInfo,com.google.javascript.rhino.Node):958, 4.766381354707147
com.google.javascript.jscomp.TypedScopeCreator.AbstractScopeBuilder#createFunctionTypeFromNodes(com.google.javascript.rhino.Node,java.lang.String,com.google.javascript.rhino.JSDocInfo,com.google.javascript.rhino.Node):959, 4.766381354707147
com.google.javascript.jscomp.TypedScopeCreator.AbstractScopeBuilder#createFunctionTypeFromNodes(com.google.javascript.rhino.Node,java.lang.String,com.google.javascript.rhino.JSDocInfo,com.google.javascript.rhino.Node):977, 4.766381354707147
com.google.javascript.jscomp.TypedScopeCreator.AbstractScopeBuilder#createFunctionTypeFromNodes(com.google.javascript.rhino.Node,java.lang.String,com.google.javascript.rhino.JSDocInfo,com.google.javascript.rhino.Node):981, 4.766381354707147
com.google.javascript.jscomp.TypedScopeCreator.AbstractScopeBuilder#createFunctionTypeFromNodes(com.google.javascript.rhino.Node,java.lang.String,com.google.javascript.rhino.JSDocInfo,com.google.javascript.rhino.Node):879, 4.766381249692207
com.google.javascript.jscomp.TypedScopeCreator.AbstractScopeBuilder#createFunctionTypeFromNodes(com.google.javascript.rhino.Node,java.lang.String,com.google.javascript.rhino.JSDocInfo,com.google.javascript.rhino.Node):882, 4.766381249692207
com.google.javascript.jscomp.TypedScopeCreator.AbstractScopeBuilder#createFunctionTypeFromNodes(com.google.javascript.rhino.Node,java.lang.String,com.google.javascript.rhino.JSDocInfo,com.google.javascript.rhino.Node):898, 4.766381249692207
com.google.javascript.jscomp.TypedScopeCreator.AbstractScopeBuilder#createFunctionTypeFromNodes(com.google.javascript.rhino.Node,java.lang.String,com.google.javascript.rhino.JSDocInfo,com.google.javascript.rhino.Node):899, 4.766381249692207
com.google.javascript.jscomp.TypedScopeCreator.AbstractScopeBuilder#createFunctionTypeFromNodes(com.google.javascript.rhino.Node,java.lang.String,com.google.javascript.rhino.JSDocInfo,com.google.javascript.rhino.Node):900, 4.766381249692207
com.google.javascript.jscomp.TypedScopeCreator.AbstractScopeBuilder#createFunctionTypeFromNodes(com.google.javascript.rhino.Node,java.lang.String,com.google.javascript.rhino.JSDocInfo,com.google.javascript.rhino.Node):902, 4.766381249692207
com.google.javascript.jscomp.TypedScopeCreator.AbstractScopeBuilder#createFunctionTypeFromNodes(com.google.javascript.rhino.Node,java.lang.String,com.google.javascript.rhino.JSDocInfo,com.google.javascript.rhino.Node):903, 4.766381249692207
com.google.javascript.jscomp.TypedScopeCreator.AbstractScopeBuilder#createFunctionTypeFromNodes(com.google.javascript.rhino.Node,java.lang.String,com.google.javascript.rhino.JSDocInfo,com.google.javascript.rhino.Node):906, 4.766381249692207
com.google.javascript.jscomp.TypedScopeCreator.AbstractScopeBuilder#createFunctionTypeFromNodes(com.google.javascript.rhino.Node,java.lang.String,com.google.javascript.rhino.JSDocInfo,com.google.javascript.rhino.Node):917, 4.766381249692207
com.google.javascript.jscomp.TypedScopeCreator.AbstractScopeBuilder#createFunctionTypeFromNodes(com.google.javascript.rhino.Node,java.lang.String,com.google.javascript.rhino.JSDocInfo,com.google.javascript.rhino.Node):988, 4.766381249692207
com.google.javascript.jscomp.TypedScopeCreator.AbstractScopeBuilder#createFunctionTypeFromNodes(com.google.javascript.rhino.Node,java.lang.String,com.google.javascript.rhino.JSDocInfo,com.google.javascript.rhino.Node):883, 4.76619
com.google.javascript.jscomp.TypedScopeCreator.AbstractScopeBuilder#createFunctionTypeFromNodes(com.google.javascript.rhino.Node,java.lang.String,com.google.javascript.rhino.JSDocInfo,com.google.javascript.rhino.Node):884, 4.76619
com.google.javascript.jscomp.TypedScopeCreator.AbstractScopeBuilder#createFunctionTypeFromNodes(com.google.javascript.rhino.Node,java.lang.String,com.google.javascript.rhino.JSDocInfo,com.google.javascript.rhino.Node):886, 4.76619
com.google.javascript.jscomp.TypedScopeCreator.AbstractScopeBuilder#createFunctionTypeFromNodes(com.google.javascript.rhino.Node,java.lang.String,com.google.javascript.rhino.JSDocInfo,com.google.javascript.rhino.Node):887, 4.76619
com.google.javascript.jscomp.TypedScopeCreator.AbstractScopeBuilder#createFunctionTypeFromNodes(com.google.javascript.rhino.Node,java.lang.String,com.google.javascript.rhino.JSDocInfo,com.google.javascript.rhino.Node):889, 4.76619
com.google.javascript.jscomp.TypedScopeCreator.AbstractScopeBuilder#createFunctionTypeFromNodes(com.google.javascript.rhino.Node,java.lang.String,com.google.javascript.rhino.JSDocInfo,com.google.javascript.rhino.Node):891, 4.76619
com.google.javascript.jscomp.TypedScopeCreator.AbstractScopeBuilder#createFunctionTypeFromNodes(com.google.javascript.rhino.Node,java.lang.String,com.google.javascript.rhino.JSDocInfo,com.google.javascript.rhino.Node):892, 4.76619
com.google.javascript.jscomp.TypedScopeCreator.AbstractScopeBuilder#createFunctionTypeFromNodes(com.google.javascript.rhino.Node,java.lang.String,com.google.javascript.rhino.JSDocInfo,com.google.javascript.rhino.Node):907, 4.76619
com.google.javascript.jscomp.TypedScopeCreator.AbstractScopeBuilder#createFunctionTypeFromNodes(com.google.javascript.rhino.Node,java.lang.String,com.google.javascript.rhino.JSDocInfo,com.google.javascript.rhino.Node):910, 4.76619
com.google.javascript.jscomp.TypedScopeCreator.AbstractScopeBuilder#createFunctionTypeFromNodes(com.google.javascript.rhino.Node,java.lang.String,com.google.javascript.rhino.JSDocInfo,com.google.javascript.rhino.Node):911, 4.76619
com.google.javascript.jscomp.TypedScopeCreator.AbstractScopeBuilder#createFunctionTypeFromNodes(com.google.javascript.rhino.Node,java.lang.String,com.google.javascript.rhino.JSDocInfo,com.google.javascript.rhino.Node):912, 4.76619
com.google.javascript.jscomp.TypedScopeCreator.AbstractScopeBuilder#createFunctionTypeFromNodes(com.google.javascript.rhino.Node,java.lang.String,com.google.javascript.rhino.JSDocInfo,com.google.javascript.rhino.Node):913, 4.76619
com.google.javascript.jscomp.TypedScopeCreator.AbstractScopeBuilder#createFunctionTypeFromNodes(com.google.javascript.rhino.Node,java.lang.String,com.google.javascript.rhino.JSDocInfo,com.google.javascript.rhino.Node):969, 4.76619
com.google.javascript.jscomp.TypedScopeCreator.AbstractScopeBuilder#createFunctionTypeFromNodes(com.google.javascript.rhino.Node,java.lang.String,com.google.javascript.rhino.JSDocInfo,com.google.javascript.rhino.Node):970, 4.76619
com.google.javascript.jscomp.TypedScopeCreator.AbstractScopeBuilder#createFunctionTypeFromNodes(com.google.javascript.rhino.Node,java.lang.String,com.google.javascript.rhino.JSDocInfo,com.google.javascript.rhino.Node):974, 4.76619
com.google.javascript.jscomp.TypedScopeCreator.GlobalScopeBuilder#checkForTypedef(com.google.javascript.jscomp.NodeTraversal,com.google.javascript.rhino.Node,com.google.javascript.rhino.JSDocInfo):1906, 4.745246684314412
com.google.javascript.jscomp.TypedScopeCreator.GlobalScopeBuilder#checkForTypedef(com.google.javascript.jscomp.NodeTraversal,com.google.javascript.rhino.Node,com.google.javascript.rhino.JSDocInfo):1905, 4.745246646282059
com.google.javascript.jscomp.TypedScopeCreator.GlobalScopeBuilder#checkForTypedef(com.google.javascript.jscomp.NodeTraversal,com.google.javascript.rhino.Node,com.google.javascript.rhino.JSDocInfo):1909, 4.74505
com.google.javascript.jscomp.TypedScopeCreator.GlobalScopeBuilder#checkForTypedef(com.google.javascript.jscomp.NodeTraversal,com.google.javascript.rhino.Node,com.google.javascript.rhino.JSDocInfo):1910, 4.74505
com.google.javascript.jscomp.TypedScopeCreator.GlobalScopeBuilder#checkForTypedef(com.google.javascript.jscomp.NodeTraversal,com.google.javascript.rhino.Node,com.google.javascript.rhino.JSDocInfo):1911, 4.74505
com.google.javascript.jscomp.TypedScopeCreator.GlobalScopeBuilder#checkForTypedef(com.google.javascript.jscomp.NodeTraversal,com.google.javascript.rhino.Node,com.google.javascript.rhino.JSDocInfo):1917, 4.74505
com.google.javascript.jscomp.TypedScopeCreator.GlobalScopeBuilder#checkForTypedef(com.google.javascript.jscomp.NodeTraversal,com.google.javascript.rhino.Node,com.google.javascript.rhino.JSDocInfo):1919, 4.74505
com.google.javascript.jscomp.TypedScopeCreator.GlobalScopeBuilder#checkForTypedef(com.google.javascript.jscomp.NodeTraversal,com.google.javascript.rhino.Node,com.google.javascript.rhino.JSDocInfo):1920, 4.74505
com.google.javascript.jscomp.TypedScopeCreator.GlobalScopeBuilder#checkForTypedef(com.google.javascript.jscomp.NodeTraversal,com.google.javascript.rhino.Node,com.google.javascript.rhino.JSDocInfo):1921, 4.74505
com.google.javascript.jscomp.TypedScopeCreator.GlobalScopeBuilder#checkForTypedef(com.google.javascript.jscomp.NodeTraversal,com.google.javascript.rhino.Node,com.google.javascript.rhino.JSDocInfo):1926, 4.74505
com.google.javascript.jscomp.TypedScopeCreator.GlobalScopeBuilder#checkForTypedef(com.google.javascript.jscomp.NodeTraversal,com.google.javascript.rhino.Node,com.google.javascript.rhino.JSDocInfo):1927, 4.74505
com.google.javascript.jscomp.TypedScopeCreator.GlobalScopeBuilder#checkForTypedef(com.google.javascript.jscomp.NodeTraversal,com.google.javascript.rhino.Node,com.google.javascript.rhino.JSDocInfo):1928, 4.74505
com.google.javascript.jscomp.TypedScopeCreator.GlobalScopeBuilder#checkForTypedef(com.google.javascript.jscomp.NodeTraversal,com.google.javascript.rhino.Node,com.google.javascript.rhino.JSDocInfo):1931, 4.74505
com.google.javascript.jscomp.TypedScopeCreator.DiscoverEnumsAndTypedefs#identifyNameNode(com.google.javascript.rhino.Node,com.google.javascript.rhino.JSDocInfo):398, 4.725192818478579
com.google.javascript.jscomp.TypedScopeCreator.DiscoverEnumsAndTypedefs#identifyNameNode(com.google.javascript.rhino.Node,com.google.javascript.rhino.JSDocInfo):396, 4.72519215431477
com.google.javascript.jscomp.TypedScopeCreator.DiscoverEnumsAndTypedefs#identifyNameNode(com.google.javascript.rhino.Node,com.google.javascript.rhino.JSDocInfo):395, 4.725186494372973
com.google.javascript.jscomp.TypedScopeCreator.DiscoverEnumsAndTypedefs#identifyNameNode(com.google.javascript.rhino.Node,com.google.javascript.rhino.JSDocInfo):394, 4.725180935681738
com.google.javascript.jscomp.TypedScopeCreator.DiscoverEnumsAndTypedefs#identifyNameNode(com.google.javascript.rhino.Node,com.google.javascript.rhino.JSDocInfo):403, 4.725180935681738
com.google.javascript.jscomp.TypedScopeCreator.DiscoverEnumsAndTypedefs#identifyNameNode(com.google.javascript.rhino.Node,com.google.javascript.rhino.JSDocInfo):397, 4.72499
com.google.javascript.jscomp.TypedScopeCreator.DiscoverEnumsAndTypedefs#identifyNameNode(com.google.javascript.rhino.Node,com.google.javascript.rhino.JSDocInfo):399, 4.72499
com.google.javascript.jscomp.TypedScopeCreator#createScope(com.google.javascript.rhino.Node,com.google.javascript.jscomp.Scope):245, 4.722410015001125
com.google.javascript.jscomp.TypedScopeCreator#createScope(com.google.javascript.rhino.Node,com.google.javascript.jscomp.Scope):240, 4.722318605131666
com.google.javascript.jscomp.TypedScopeCreator#createScope(com.google.javascript.rhino.Node,com.google.javascript.jscomp.Scope):241, 4.722318605131666
com.google.javascript.jscomp.TypedScopeCreator#createScope(com.google.javascript.rhino.Node,com.google.javascript.jscomp.Scope):242, 4.722318605131666
com.google.javascript.jscomp.TypedScopeCreator#createScope(com.google.javascript.rhino.Node,com.google.javascript.jscomp.Scope):243, 4.722318605131666
com.google.javascript.jscomp.TypedScopeCreator#createScope(com.google.javascript.rhino.Node,com.google.javascript.jscomp.Scope):244, 4.722318605131666
com.google.javascript.jscomp.TypedScopeCreator#createScope(com.google.javascript.rhino.Node,com.google.javascript.jscomp.Scope):249, 4.722318605131666
com.google.javascript.jscomp.TypedScopeCreator#createScope(com.google.javascript.rhino.Node,com.google.javascript.jscomp.Scope):228, 4.722301635594941
com.google.javascript.jscomp.TypedScopeCreator#createScope(com.google.javascript.rhino.Node,com.google.javascript.jscomp.Scope):229, 4.722301635594941
com.google.javascript.jscomp.TypedScopeCreator#createScope(com.google.javascript.rhino.Node,com.google.javascript.jscomp.Scope):230, 4.722301635594941
com.google.javascript.jscomp.TypedScopeCreator#createScope(com.google.javascript.rhino.Node,com.google.javascript.jscomp.Scope):231, 4.722301635594941
com.google.javascript.jscomp.TypedScopeCreator#createScope(com.google.javascript.rhino.Node,com.google.javascript.jscomp.Scope):205, 4.722299083558415
com.google.javascript.jscomp.TypedScopeCreator#createScope(com.google.javascript.rhino.Node,com.google.javascript.jscomp.Scope):206, 4.722299083558415
com.google.javascript.jscomp.TypedScopeCreator#createScope(com.google.javascript.rhino.Node,com.google.javascript.jscomp.Scope):207, 4.722299083558415
com.google.javascript.jscomp.TypedScopeCreator#createScope(com.google.javascript.rhino.Node,com.google.javascript.jscomp.Scope):208, 4.722299083558415
com.google.javascript.jscomp.TypedScopeCreator#createScope(com.google.javascript.rhino.Node,com.google.javascript.jscomp.Scope):213, 4.722299083558415
com.google.javascript.jscomp.TypedScopeCreator#createScope(com.google.javascript.rhino.Node,com.google.javascript.jscomp.Scope):214, 4.722299083558415
com.google.javascript.jscomp.TypedScopeCreator#createScope(com.google.javascript.rhino.Node,com.google.javascript.jscomp.Scope):215, 4.722299083558415
com.google.javascript.jscomp.TypedScopeCreator#createScope(com.google.javascript.rhino.Node,com.google.javascript.jscomp.Scope):218, 4.722299083558415
com.google.javascript.jscomp.TypedScopeCreator#createScope(com.google.javascript.rhino.Node,com.google.javascript.jscomp.Scope):222, 4.722299083558415
com.google.javascript.jscomp.TypedScopeCreator#createScope(com.google.javascript.rhino.Node,com.google.javascript.jscomp.Scope):224, 4.722299083558415
com.google.javascript.jscomp.TypedScopeCreator#createScope(com.google.javascript.rhino.Node,com.google.javascript.jscomp.Scope):225, 4.722299083558415
com.google.javascript.jscomp.TypedScopeCreator#createScope(com.google.javascript.rhino.Node,com.google.javascript.jscomp.Scope):226, 4.722299083558415
com.google.javascript.jscomp.TypedScopeCreator#createScope(com.google.javascript.rhino.Node,com.google.javascript.jscomp.Scope):227, 4.722299083558415
com.google.javascript.jscomp.TypedScopeCreator#createScope(com.google.javascript.rhino.Node,com.google.javascript.jscomp.Scope):234, 4.722299083558415
com.google.javascript.jscomp.TypedScopeCreator#createScope(com.google.javascript.rhino.Node,com.google.javascript.jscomp.Scope):239, 4.722299083558415
com.google.javascript.jscomp.TypedScopeCreator#createScope(com.google.javascript.rhino.Node,com.google.javascript.jscomp.Scope):251, 4.722299083558415
com.google.javascript.jscomp.TypedScopeCreator#createScope(com.google.javascript.rhino.Node,com.google.javascript.jscomp.Scope):252, 4.722299083558415
com.google.javascript.jscomp.TypedScopeCreator#createScope(com.google.javascript.rhino.Node,com.google.javascript.jscomp.Scope):257, 4.722299083558415
com.google.javascript.jscomp.TypedScopeCreator#createScope(com.google.javascript.rhino.Node,com.google.javascript.jscomp.Scope):258, 4.722299083558415
com.google.javascript.jscomp.NodeUtil#getBestJSDocInfo(com.google.javascript.rhino.Node):3073, 4.720775995030681
com.google.javascript.jscomp.NodeUtil#getBestJSDocInfo(com.google.javascript.rhino.Node):3075, 4.720665254411396
com.google.javascript.jscomp.NodeUtil#getBestJSDocInfo(com.google.javascript.rhino.Node):3091, 4.7206353853004135
com.google.javascript.jscomp.NodeUtil#getBestJSDocInfo(com.google.javascript.rhino.Node):3081, 4.720625230105141
com.google.javascript.jscomp.NodeUtil#getBestJSDocInfo(com.google.javascript.rhino.Node):3080, 4.72061983900955
com.google.javascript.jscomp.NodeUtil#getBestJSDocInfo(com.google.javascript.rhino.Node):3078, 4.720617989889676
com.google.javascript.jscomp.NodeUtil#getBestJSDocInfo(com.google.javascript.rhino.Node):3076, 4.720617860414682
com.google.javascript.jscomp.NodeUtil#getBestJSDocInfo(com.google.javascript.rhino.Node):3067, 4.720617747402392
com.google.javascript.jscomp.NodeUtil#getBestJSDocInfo(com.google.javascript.rhino.Node):3068, 4.720617747402392
com.google.javascript.jscomp.NodeUtil#getBestJSDocInfo(com.google.javascript.rhino.Node):3072, 4.720617747402392
com.google.javascript.jscomp.NodeUtil#getBestJSDocInfo(com.google.javascript.rhino.Node):3074, 4.720617747402392
com.google.javascript.jscomp.NodeUtil#getBestJSDocInfo(com.google.javascript.rhino.Node):3065, 4.720616458258387
com.google.javascript.jscomp.NodeUtil#getBestJSDocInfo(com.google.javascript.rhino.Node):3066, 4.720616458258387
com.google.javascript.jscomp.NodeUtil#getBestJSDocInfo(com.google.javascript.rhino.Node):3069, 4.72047
com.google.javascript.jscomp.NodeUtil#getBestJSDocInfo(com.google.javascript.rhino.Node):3077, 4.72047
com.google.javascript.jscomp.NodeUtil#getBestJSDocInfo(com.google.javascript.rhino.Node):3079, 4.72047
com.google.javascript.jscomp.NodeUtil#getBestJSDocInfo(com.google.javascript.rhino.Node):3082, 4.72047
com.google.javascript.jscomp.NodeUtil#getBestJSDocInfo(com.google.javascript.rhino.Node):3086, 4.72047
com.google.javascript.jscomp.NodeUtil#getBestJSDocInfo(com.google.javascript.rhino.Node):3087, 4.72047
com.google.javascript.jscomp.NodeUtil#getBestJSDocInfo(com.google.javascript.rhino.Node):3088, 4.72047
com.google.javascript.jscomp.JoinOp.BinaryJoinOp#apply(java.util.List):42, 4.714207745667088
com.google.javascript.jscomp.JoinOp.BinaryJoinOp#apply(java.util.List):43, 4.714207745667088
com.google.javascript.jscomp.JoinOp.BinaryJoinOp#apply(java.util.List):41, 4.714099015992375
com.google.javascript.jscomp.JoinOp.BinaryJoinOp#apply(java.util.List):38, 4.714097845189191
com.google.javascript.jscomp.JoinOp.BinaryJoinOp#apply(java.util.List):39, 4.714097845189191
com.google.javascript.jscomp.JoinOp.BinaryJoinOp#apply(java.util.List):40, 4.714097845189191
com.google.javascript.jscomp.JoinOp.BinaryJoinOp#apply(java.util.List):45, 4.71391
com.google.javascript.jscomp.JoinOp.BinaryJoinOp#apply(java.util.List):46, 4.71391
com.google.javascript.rhino.jstype.JSTypeRegistry#createNativeFunctionTypeWithVarArgs(com.google.javascript.rhino.jstype.JSType,com.google.javascript.rhino.jstype.JSType[]):1184, 4.684990560705542
com.google.javascript.jscomp.ControlFlowAnalysis#createEdge(com.google.javascript.rhino.Node,com.google.javascript.jscomp.ControlFlowGraph.Branch,com.google.javascript.rhino.Node):820, 4.68122680432313
com.google.javascript.jscomp.ControlFlowAnalysis#createEdge(com.google.javascript.rhino.Node,com.google.javascript.jscomp.ControlFlowGraph.Branch,com.google.javascript.rhino.Node):821, 4.68122680432313
com.google.javascript.jscomp.ControlFlowAnalysis#createEdge(com.google.javascript.rhino.Node,com.google.javascript.jscomp.ControlFlowGraph.Branch,com.google.javascript.rhino.Node):822, 4.68122680432313
com.google.javascript.jscomp.ControlFlowAnalysis#createEdge(com.google.javascript.rhino.Node,com.google.javascript.jscomp.ControlFlowGraph.Branch,com.google.javascript.rhino.Node):823, 4.68122680432313
com.google.javascript.jscomp.ControlFlowAnalysis#connectToPossibleExceptionHandler(com.google.javascript.rhino.Node,com.google.javascript.rhino.Node):835, 4.670799642223182
com.google.javascript.jscomp.ControlFlowAnalysis#connectToPossibleExceptionHandler(com.google.javascript.rhino.Node,com.google.javascript.rhino.Node):832, 4.670796534127531
com.google.javascript.jscomp.ControlFlowAnalysis#connectToPossibleExceptionHandler(com.google.javascript.rhino.Node,com.google.javascript.rhino.Node):833, 4.670796534127531
com.google.javascript.jscomp.ControlFlowAnalysis#connectToPossibleExceptionHandler(com.google.javascript.rhino.Node,com.google.javascript.rhino.Node):834, 4.670796534127531
com.google.javascript.jscomp.ControlFlowAnalysis#connectToPossibleExceptionHandler(com.google.javascript.rhino.Node,com.google.javascript.rhino.Node):857, 4.67068902871851
com.google.javascript.jscomp.ControlFlowAnalysis#connectToPossibleExceptionHandler(com.google.javascript.rhino.Node,com.google.javascript.rhino.Node):831, 4.670687527224778
com.google.javascript.jscomp.ControlFlowAnalysis#connectToPossibleExceptionHandler(com.google.javascript.rhino.Node,com.google.javascript.rhino.Node):837, 4.67051
com.google.javascript.jscomp.ControlFlowAnalysis#connectToPossibleExceptionHandler(com.google.javascript.rhino.Node,com.google.javascript.rhino.Node):838, 4.67051
com.google.javascript.jscomp.ControlFlowAnalysis#connectToPossibleExceptionHandler(com.google.javascript.rhino.Node,com.google.javascript.rhino.Node):840, 4.67051
com.google.javascript.jscomp.ControlFlowAnalysis#connectToPossibleExceptionHandler(com.google.javascript.rhino.Node,com.google.javascript.rhino.Node):841, 4.67051
com.google.javascript.jscomp.ControlFlowAnalysis#connectToPossibleExceptionHandler(com.google.javascript.rhino.Node,com.google.javascript.rhino.Node):842, 4.67051
com.google.javascript.jscomp.ControlFlowAnalysis#connectToPossibleExceptionHandler(com.google.javascript.rhino.Node,com.google.javascript.rhino.Node):844, 4.67051
com.google.javascript.jscomp.ControlFlowAnalysis#connectToPossibleExceptionHandler(com.google.javascript.rhino.Node,com.google.javascript.rhino.Node):847, 4.67051
com.google.javascript.jscomp.ControlFlowAnalysis#connectToPossibleExceptionHandler(com.google.javascript.rhino.Node,com.google.javascript.rhino.Node):848, 4.67051
com.google.javascript.jscomp.ControlFlowAnalysis#connectToPossibleExceptionHandler(com.google.javascript.rhino.Node,com.google.javascript.rhino.Node):849, 4.67051
com.google.javascript.jscomp.ControlFlowAnalysis#connectToPossibleExceptionHandler(com.google.javascript.rhino.Node,com.google.javascript.rhino.Node):851, 4.67051
com.google.javascript.jscomp.ControlFlowAnalysis#connectToPossibleExceptionHandler(com.google.javascript.rhino.Node,com.google.javascript.rhino.Node):854, 4.67051
com.google.javascript.jscomp.ControlFlowAnalysis#connectToPossibleExceptionHandler(com.google.javascript.rhino.Node,com.google.javascript.rhino.Node):855, 4.67051
com.google.javascript.jscomp.TypedScopeCreator.AbstractScopeBuilder#getDeclaredType(com.google.javascript.rhino.JSDocInfo,com.google.javascript.rhino.Node,com.google.javascript.rhino.Node):1328, 4.649530351580956
com.google.javascript.jscomp.TypedScopeCreator.AbstractScopeBuilder#getDeclaredType(com.google.javascript.rhino.JSDocInfo,com.google.javascript.rhino.Node,com.google.javascript.rhino.Node):1332, 4.649524722124759
com.google.javascript.jscomp.TypedScopeCreator.AbstractScopeBuilder#getDeclaredType(com.google.javascript.rhino.JSDocInfo,com.google.javascript.rhino.Node,com.google.javascript.rhino.Node):1329, 4.649514367222809
com.google.javascript.jscomp.TypedScopeCreator.AbstractScopeBuilder#getDeclaredType(com.google.javascript.rhino.JSDocInfo,com.google.javascript.rhino.Node,com.google.javascript.rhino.Node):1327, 4.649513311168257
com.google.javascript.jscomp.TypedScopeCreator.AbstractScopeBuilder#getDeclaredType(com.google.javascript.rhino.JSDocInfo,com.google.javascript.rhino.Node,com.google.javascript.rhino.Node):1333, 4.64932
com.google.javascript.jscomp.TypedScopeCreator.AbstractScopeBuilder#getDeclaredType(com.google.javascript.rhino.JSDocInfo,com.google.javascript.rhino.Node,com.google.javascript.rhino.Node):1334, 4.64932
com.google.javascript.jscomp.TypedScopeCreator.AbstractScopeBuilder#getDeclaredType(com.google.javascript.rhino.JSDocInfo,com.google.javascript.rhino.Node,com.google.javascript.rhino.Node):1335, 4.64932
com.google.javascript.jscomp.TypedScopeCreator.AbstractScopeBuilder#getDeclaredType(com.google.javascript.rhino.JSDocInfo,com.google.javascript.rhino.Node,com.google.javascript.rhino.Node):1336, 4.64932
com.google.javascript.jscomp.TypedScopeCreator.AbstractScopeBuilder#getDeclaredType(com.google.javascript.rhino.JSDocInfo,com.google.javascript.rhino.Node,com.google.javascript.rhino.Node):1338, 4.64932
com.google.javascript.jscomp.TypedScopeCreator.AbstractScopeBuilder#getDeclaredType(com.google.javascript.rhino.JSDocInfo,com.google.javascript.rhino.Node,com.google.javascript.rhino.Node):1341, 4.64932
com.google.javascript.jscomp.TypedScopeCreator.AbstractScopeBuilder#getDeclaredType(com.google.javascript.rhino.JSDocInfo,com.google.javascript.rhino.Node,com.google.javascript.rhino.Node):1342, 4.64932
com.google.javascript.jscomp.TypedScopeCreator.AbstractScopeBuilder#getDeclaredType(com.google.javascript.rhino.JSDocInfo,com.google.javascript.rhino.Node,com.google.javascript.rhino.Node):1348, 4.64932
com.google.javascript.jscomp.TypedScopeCreator.AbstractScopeBuilder#getDeclaredType(com.google.javascript.rhino.JSDocInfo,com.google.javascript.rhino.Node,com.google.javascript.rhino.Node):1349, 4.64932
com.google.javascript.jscomp.TypedScopeCreator.AbstractScopeBuilder#getDeclaredType(com.google.javascript.rhino.JSDocInfo,com.google.javascript.rhino.Node,com.google.javascript.rhino.Node):1350, 4.64932
com.google.javascript.jscomp.TypedScopeCreator.AbstractScopeBuilder#getDeclaredType(com.google.javascript.rhino.JSDocInfo,com.google.javascript.rhino.Node,com.google.javascript.rhino.Node):1351, 4.64932
com.google.javascript.jscomp.TypedScopeCreator.AbstractScopeBuilder#getDeclaredType(com.google.javascript.rhino.JSDocInfo,com.google.javascript.rhino.Node,com.google.javascript.rhino.Node):1353, 4.64932
com.google.javascript.jscomp.TypedScopeCreator.AbstractScopeBuilder#getDeclaredType(com.google.javascript.rhino.JSDocInfo,com.google.javascript.rhino.Node,com.google.javascript.rhino.Node):1354, 4.64932
com.google.javascript.jscomp.TypedScopeCreator.AbstractScopeBuilder#getDeclaredType(com.google.javascript.rhino.JSDocInfo,com.google.javascript.rhino.Node,com.google.javascript.rhino.Node):1358, 4.64932
com.google.javascript.jscomp.TypedScopeCreator.AbstractScopeBuilder#getDeclaredType(com.google.javascript.rhino.JSDocInfo,com.google.javascript.rhino.Node,com.google.javascript.rhino.Node):1359, 4.64932
com.google.javascript.jscomp.TypedScopeCreator.AbstractScopeBuilder#getDeclaredType(com.google.javascript.rhino.JSDocInfo,com.google.javascript.rhino.Node,com.google.javascript.rhino.Node):1364, 4.64932
com.google.javascript.jscomp.TypedScopeCreator.AbstractScopeBuilder#getDeclaredType(com.google.javascript.rhino.JSDocInfo,com.google.javascript.rhino.Node,com.google.javascript.rhino.Node):1365, 4.64932
com.google.javascript.jscomp.TypedScopeCreator.AbstractScopeBuilder#getDeclaredType(com.google.javascript.rhino.JSDocInfo,com.google.javascript.rhino.Node,com.google.javascript.rhino.Node):1366, 4.64932
com.google.javascript.jscomp.TypedScopeCreator.AbstractScopeBuilder#getDeclaredType(com.google.javascript.rhino.JSDocInfo,com.google.javascript.rhino.Node,com.google.javascript.rhino.Node):1369, 4.64932
com.google.javascript.jscomp.TypedScopeCreator.AbstractScopeBuilder#getDeclaredType(com.google.javascript.rhino.JSDocInfo,com.google.javascript.rhino.Node,com.google.javascript.rhino.Node):1371, 4.64932
com.google.javascript.jscomp.TypedScopeCreator.AbstractScopeBuilder#getDeclaredType(com.google.javascript.rhino.JSDocInfo,com.google.javascript.rhino.Node,com.google.javascript.rhino.Node):1377, 4.64932
com.google.javascript.rhino.jstype.JSTypeRegistry#initializeBuiltInTypes():284, 4.6296905607055425
com.google.javascript.rhino.jstype.JSTypeRegistry#initializeBuiltInTypes():285, 4.6296905607055425
com.google.javascript.rhino.jstype.JSTypeRegistry#initializeBuiltInTypes():288, 4.6296905607055425
com.google.javascript.rhino.jstype.JSTypeRegistry#initializeBuiltInTypes():289, 4.6296905607055425
com.google.javascript.rhino.jstype.JSTypeRegistry#initializeBuiltInTypes():291, 4.6296905607055425
com.google.javascript.rhino.jstype.JSTypeRegistry#initializeBuiltInTypes():292, 4.6296905607055425
com.google.javascript.rhino.jstype.JSTypeRegistry#initializeBuiltInTypes():294, 4.6296905607055425
com.google.javascript.rhino.jstype.JSTypeRegistry#initializeBuiltInTypes():295, 4.6296905607055425
com.google.javascript.rhino.jstype.JSTypeRegistry#initializeBuiltInTypes():297, 4.6296905607055425
com.google.javascript.rhino.jstype.JSTypeRegistry#initializeBuiltInTypes():298, 4.6296905607055425
com.google.javascript.rhino.jstype.JSTypeRegistry#initializeBuiltInTypes():300, 4.6296905607055425
com.google.javascript.rhino.jstype.JSTypeRegistry#initializeBuiltInTypes():301, 4.6296905607055425
com.google.javascript.rhino.jstype.JSTypeRegistry#initializeBuiltInTypes():302, 4.6296905607055425
com.google.javascript.rhino.jstype.JSTypeRegistry#initializeBuiltInTypes():303, 4.6296905607055425
com.google.javascript.rhino.jstype.JSTypeRegistry#initializeBuiltInTypes():306, 4.6296905607055425
com.google.javascript.rhino.jstype.JSTypeRegistry#initializeBuiltInTypes():307, 4.6296905607055425
com.google.javascript.rhino.jstype.JSTypeRegistry#initializeBuiltInTypes():309, 4.6296905607055425
com.google.javascript.rhino.jstype.JSTypeRegistry#initializeBuiltInTypes():310, 4.6296905607055425
com.google.javascript.rhino.jstype.JSTypeRegistry#initializeBuiltInTypes():316, 4.6296905607055425
com.google.javascript.rhino.jstype.JSTypeRegistry#initializeBuiltInTypes():318, 4.6296905607055425
com.google.javascript.rhino.jstype.JSTypeRegistry#initializeBuiltInTypes():321, 4.6296905607055425
com.google.javascript.rhino.jstype.JSTypeRegistry#initializeBuiltInTypes():329, 4.6296905607055425
com.google.javascript.rhino.jstype.JSTypeRegistry#initializeBuiltInTypes():330, 4.6296905607055425
com.google.javascript.rhino.jstype.JSTypeRegistry#initializeBuiltInTypes():332, 4.6296905607055425
com.google.javascript.rhino.jstype.JSTypeRegistry#initializeBuiltInTypes():333, 4.6296905607055425
com.google.javascript.rhino.jstype.JSTypeRegistry#initializeBuiltInTypes():335, 4.6296905607055425
com.google.javascript.rhino.jstype.JSTypeRegistry#initializeBuiltInTypes():336, 4.6296905607055425
com.google.javascript.rhino.jstype.JSTypeRegistry#initializeBuiltInTypes():339, 4.6296905607055425
com.google.javascript.rhino.jstype.JSTypeRegistry#initializeBuiltInTypes():344, 4.6296905607055425
com.google.javascript.rhino.jstype.JSTypeRegistry#initializeBuiltInTypes():345, 4.6296905607055425
com.google.javascript.rhino.jstype.JSTypeRegistry#initializeBuiltInTypes():348, 4.6296905607055425
com.google.javascript.rhino.jstype.JSTypeRegistry#initializeBuiltInTypes():349, 4.6296905607055425
com.google.javascript.rhino.jstype.JSTypeRegistry#initializeBuiltInTypes():351, 4.6296905607055425
com.google.javascript.rhino.jstype.JSTypeRegistry#initializeBuiltInTypes():352, 4.6296905607055425
com.google.javascript.rhino.jstype.JSTypeRegistry#initializeBuiltInTypes():354, 4.6296905607055425
com.google.javascript.rhino.jstype.JSTypeRegistry#initializeBuiltInTypes():355, 4.6296905607055425
com.google.javascript.rhino.jstype.JSTypeRegistry#initializeBuiltInTypes():357, 4.6296905607055425
com.google.javascript.rhino.jstype.JSTypeRegistry#initializeBuiltInTypes():358, 4.6296905607055425
com.google.javascript.rhino.jstype.JSTypeRegistry#initializeBuiltInTypes():361, 4.6296905607055425
com.google.javascript.rhino.jstype.JSTypeRegistry#initializeBuiltInTypes():368, 4.6296905607055425
com.google.javascript.rhino.jstype.JSTypeRegistry#initializeBuiltInTypes():371, 4.6296905607055425
com.google.javascript.rhino.jstype.JSTypeRegistry#initializeBuiltInTypes():372, 4.6296905607055425
com.google.javascript.rhino.jstype.JSTypeRegistry#initializeBuiltInTypes():374, 4.6296905607055425
com.google.javascript.rhino.jstype.JSTypeRegistry#initializeBuiltInTypes():375, 4.6296905607055425
com.google.javascript.rhino.jstype.JSTypeRegistry#initializeBuiltInTypes():378, 4.6296905607055425
com.google.javascript.rhino.jstype.JSTypeRegistry#initializeBuiltInTypes():382, 4.6296905607055425
com.google.javascript.rhino.jstype.JSTypeRegistry#initializeBuiltInTypes():383, 4.6296905607055425
com.google.javascript.rhino.jstype.JSTypeRegistry#initializeBuiltInTypes():387, 4.6296905607055425
com.google.javascript.rhino.jstype.JSTypeRegistry#initializeBuiltInTypes():389, 4.6296905607055425
com.google.javascript.rhino.jstype.JSTypeRegistry#initializeBuiltInTypes():392, 4.6296905607055425
com.google.javascript.rhino.jstype.JSTypeRegistry#initializeBuiltInTypes():399, 4.6296905607055425
com.google.javascript.rhino.jstype.JSTypeRegistry#initializeBuiltInTypes():400, 4.6296905607055425
com.google.javascript.rhino.jstype.JSTypeRegistry#initializeBuiltInTypes():402, 4.6296905607055425
com.google.javascript.rhino.jstype.JSTypeRegistry#initializeBuiltInTypes():403, 4.6296905607055425
com.google.javascript.rhino.jstype.JSTypeRegistry#initializeBuiltInTypes():406, 4.6296905607055425
com.google.javascript.rhino.jstype.JSTypeRegistry#initializeBuiltInTypes():407, 4.6296905607055425
com.google.javascript.rhino.jstype.JSTypeRegistry#initializeBuiltInTypes():409, 4.6296905607055425
com.google.javascript.rhino.jstype.JSTypeRegistry#initializeBuiltInTypes():410, 4.6296905607055425
com.google.javascript.rhino.jstype.JSTypeRegistry#initializeBuiltInTypes():413, 4.6296905607055425
com.google.javascript.rhino.jstype.JSTypeRegistry#initializeBuiltInTypes():415, 4.6296905607055425
com.google.javascript.rhino.jstype.JSTypeRegistry#initializeBuiltInTypes():416, 4.6296905607055425
com.google.javascript.rhino.jstype.JSTypeRegistry#initializeBuiltInTypes():419, 4.6296905607055425
com.google.javascript.rhino.jstype.JSTypeRegistry#initializeBuiltInTypes():420, 4.6296905607055425
com.google.javascript.rhino.jstype.JSTypeRegistry#initializeBuiltInTypes():423, 4.6296905607055425
com.google.javascript.rhino.jstype.JSTypeRegistry#initializeBuiltInTypes():425, 4.6296905607055425
com.google.javascript.rhino.jstype.JSTypeRegistry#initializeBuiltInTypes():426, 4.6296905607055425
com.google.javascript.rhino.jstype.JSTypeRegistry#initializeBuiltInTypes():429, 4.6296905607055425
com.google.javascript.rhino.jstype.JSTypeRegistry#initializeBuiltInTypes():430, 4.6296905607055425
com.google.javascript.rhino.jstype.JSTypeRegistry#initializeBuiltInTypes():433, 4.6296905607055425
com.google.javascript.rhino.jstype.JSTypeRegistry#initializeBuiltInTypes():435, 4.6296905607055425
com.google.javascript.rhino.jstype.JSTypeRegistry#initializeBuiltInTypes():436, 4.6296905607055425
com.google.javascript.rhino.jstype.JSTypeRegistry#initializeBuiltInTypes():440, 4.6296905607055425
com.google.javascript.rhino.jstype.JSTypeRegistry#initializeBuiltInTypes():442, 4.6296905607055425
com.google.javascript.rhino.jstype.JSTypeRegistry#initializeBuiltInTypes():445, 4.6296905607055425
com.google.javascript.rhino.jstype.JSTypeRegistry#initializeBuiltInTypes():447, 4.6296905607055425
com.google.javascript.rhino.jstype.JSTypeRegistry#initializeBuiltInTypes():448, 4.6296905607055425
com.google.javascript.rhino.jstype.JSTypeRegistry#initializeBuiltInTypes():451, 4.6296905607055425
com.google.javascript.rhino.jstype.JSTypeRegistry#initializeBuiltInTypes():452, 4.6296905607055425
com.google.javascript.rhino.jstype.JSTypeRegistry#initializeBuiltInTypes():455, 4.6296905607055425
com.google.javascript.rhino.jstype.JSTypeRegistry#initializeBuiltInTypes():457, 4.6296905607055425
com.google.javascript.rhino.jstype.JSTypeRegistry#initializeBuiltInTypes():458, 4.6296905607055425
com.google.javascript.rhino.jstype.JSTypeRegistry#initializeBuiltInTypes():461, 4.6296905607055425
com.google.javascript.rhino.jstype.JSTypeRegistry#initializeBuiltInTypes():462, 4.6296905607055425
com.google.javascript.rhino.jstype.JSTypeRegistry#initializeBuiltInTypes():465, 4.6296905607055425
com.google.javascript.rhino.jstype.JSTypeRegistry#initializeBuiltInTypes():467, 4.6296905607055425
com.google.javascript.rhino.jstype.JSTypeRegistry#initializeBuiltInTypes():468, 4.6296905607055425
com.google.javascript.rhino.jstype.JSTypeRegistry#initializeBuiltInTypes():471, 4.6296905607055425
com.google.javascript.rhino.jstype.JSTypeRegistry#initializeBuiltInTypes():472, 4.6296905607055425
com.google.javascript.rhino.jstype.JSTypeRegistry#initializeBuiltInTypes():475, 4.6296905607055425
com.google.javascript.rhino.jstype.JSTypeRegistry#initializeBuiltInTypes():479, 4.6296905607055425
com.google.javascript.rhino.jstype.JSTypeRegistry#initializeBuiltInTypes():480, 4.6296905607055425
com.google.javascript.rhino.jstype.JSTypeRegistry#initializeBuiltInTypes():483, 4.6296905607055425
com.google.javascript.rhino.jstype.JSTypeRegistry#initializeBuiltInTypes():485, 4.6296905607055425
com.google.javascript.rhino.jstype.JSTypeRegistry#initializeBuiltInTypes():488, 4.6296905607055425
com.google.javascript.rhino.jstype.JSTypeRegistry#initializeBuiltInTypes():492, 4.6296905607055425
com.google.javascript.rhino.jstype.JSTypeRegistry#initializeBuiltInTypes():495, 4.6296905607055425
com.google.javascript.rhino.jstype.JSTypeRegistry#initializeBuiltInTypes():496, 4.6296905607055425
com.google.javascript.rhino.jstype.JSTypeRegistry#initializeBuiltInTypes():498, 4.6296905607055425
com.google.javascript.rhino.jstype.JSTypeRegistry#initializeBuiltInTypes():499, 4.6296905607055425
com.google.javascript.rhino.jstype.JSTypeRegistry#initializeBuiltInTypes():502, 4.6296905607055425
com.google.javascript.rhino.jstype.JSTypeRegistry#initializeBuiltInTypes():506, 4.6296905607055425
com.google.javascript.rhino.jstype.JSTypeRegistry#initializeBuiltInTypes():507, 4.6296905607055425
com.google.javascript.rhino.jstype.JSTypeRegistry#initializeBuiltInTypes():510, 4.6296905607055425
com.google.javascript.rhino.jstype.JSTypeRegistry#initializeBuiltInTypes():512, 4.6296905607055425
com.google.javascript.rhino.jstype.JSTypeRegistry#initializeBuiltInTypes():516, 4.6296905607055425
com.google.javascript.rhino.jstype.JSTypeRegistry#initializeBuiltInTypes():518, 4.6296905607055425
com.google.javascript.rhino.jstype.JSTypeRegistry#initializeBuiltInTypes():521, 4.6296905607055425
com.google.javascript.rhino.jstype.JSTypeRegistry#initializeBuiltInTypes():523, 4.6296905607055425
com.google.javascript.rhino.jstype.JSTypeRegistry#initializeBuiltInTypes():526, 4.6296905607055425
com.google.javascript.rhino.jstype.JSTypeRegistry#initializeBuiltInTypes():528, 4.6296905607055425
com.google.javascript.rhino.jstype.JSTypeRegistry#initializeBuiltInTypes():532, 4.6296905607055425
com.google.javascript.rhino.jstype.JSTypeRegistry#initializeBuiltInTypes():534, 4.6296905607055425
com.google.javascript.rhino.jstype.JSTypeRegistry#initializeBuiltInTypes():538, 4.6296905607055425
com.google.javascript.rhino.jstype.JSTypeRegistry#initializeBuiltInTypes():539, 4.6296905607055425
com.google.javascript.rhino.jstype.JSTypeRegistry#initializeBuiltInTypes():544, 4.6296905607055425
com.google.javascript.rhino.jstype.JSTypeRegistry#initializeBuiltInTypes():546, 4.6296905607055425
com.google.javascript.rhino.jstype.JSTypeRegistry#initializeBuiltInTypes():550, 4.6296905607055425
com.google.javascript.rhino.jstype.JSTypeRegistry#initializeBuiltInTypes():552, 4.6296905607055425
com.google.javascript.rhino.jstype.JSTypeRegistry#initializeBuiltInTypes():556, 4.6296905607055425
com.google.javascript.rhino.jstype.JSTypeRegistry#initializeBuiltInTypes():558, 4.6296905607055425
com.google.javascript.rhino.jstype.JSTypeRegistry#initializeBuiltInTypes():562, 4.6296905607055425
com.google.javascript.rhino.jstype.JSTypeRegistry#initializeBuiltInTypes():582, 4.6296905607055425
com.google.javascript.rhino.jstype.JSTypeRegistry#initializeBuiltInTypes():583, 4.6296905607055425
com.google.javascript.rhino.jstype.JSTypeRegistry#initializeBuiltInTypes():586, 4.6296905607055425
com.google.javascript.rhino.jstype.JSTypeRegistry#initializeBuiltInTypes():587, 4.6296905607055425
com.google.javascript.rhino.jstype.JSTypeRegistry#initializeBuiltInTypes():590, 4.6296905607055425
com.google.javascript.rhino.jstype.JSTypeRegistry#initializeBuiltInTypes():592, 4.6296905607055425
com.google.javascript.rhino.jstype.JSTypeRegistry#initializeBuiltInTypes():595, 4.6296905607055425
com.google.javascript.rhino.jstype.JSTypeRegistry#initializeBuiltInTypes():599, 4.6296905607055425
com.google.javascript.rhino.jstype.JSTypeRegistry#initializeBuiltInTypes():600, 4.6296905607055425
com.google.javascript.rhino.jstype.JSTypeRegistry#initializeBuiltInTypes():603, 4.6296905607055425
com.google.javascript.rhino.jstype.JSTypeRegistry#initializeBuiltInTypes():605, 4.6296905607055425
com.google.javascript.rhino.jstype.JSTypeRegistry#initializeBuiltInTypes():610, 4.6296905607055425
com.google.javascript.rhino.jstype.JSTypeRegistry#initializeBuiltInTypes():611, 4.6296905607055425
com.google.javascript.rhino.jstype.JSTypeRegistry#createDefaultObjectUnion(com.google.javascript.rhino.jstype.JSType):1049, 4.627986930457818
com.google.javascript.rhino.jstype.JSTypeRegistry#createDefaultObjectUnion(com.google.javascript.rhino.jstype.JSType):1051, 4.627971906930241
com.google.javascript.rhino.jstype.JSTypeRegistry#createDefaultObjectUnion(com.google.javascript.rhino.jstype.JSType):1046, 4.62797137403111
com.google.javascript.jscomp.DataFlowAnalysis#analyze():180, 4.625599779366325
com.google.javascript.jscomp.DataFlowAnalysis#analyze():181, 4.625599779366325
com.google.javascript.jscomp.TypedScopeCreator.AbstractScopeBuilder#defineName(com.google.javascript.rhino.Node,com.google.javascript.rhino.Node,com.google.javascript.rhino.JSDocInfo):821, 4.617395254411397
com.google.javascript.jscomp.TypedScopeCreator.AbstractScopeBuilder#defineName(com.google.javascript.rhino.Node,com.google.javascript.rhino.Node,com.google.javascript.rhino.JSDocInfo):824, 4.617395254411397
com.google.javascript.jscomp.TypedScopeCreator.AbstractScopeBuilder#defineName(com.google.javascript.rhino.Node,com.google.javascript.rhino.Node,com.google.javascript.rhino.JSDocInfo):825, 4.617395254411397
com.google.javascript.jscomp.TypedScopeCreator.AbstractScopeBuilder#defineName(com.google.javascript.rhino.Node,com.google.javascript.rhino.Node,com.google.javascript.rhino.JSDocInfo):829, 4.617395254411397
com.google.javascript.jscomp.TypedScopeCreator.AbstractScopeBuilder#defineName(com.google.javascript.rhino.Node,com.google.javascript.rhino.Node,com.google.javascript.rhino.JSDocInfo):830, 4.617395254411397
com.google.javascript.jscomp.TypedScopeCreator.AbstractScopeBuilder#defineName(com.google.javascript.rhino.Node,com.google.javascript.rhino.Node,com.google.javascript.rhino.JSDocInfo):827, 4.6172
com.google.javascript.rhino.jstype.FunctionParamBuilder#newParameterFromNode(com.google.javascript.rhino.Node):115, 4.61353530295453
com.google.javascript.rhino.jstype.FunctionParamBuilder#newParameterFromNode(com.google.javascript.rhino.Node):116, 4.61353530295453
com.google.javascript.rhino.jstype.FunctionParamBuilder#newParameterFromNode(com.google.javascript.rhino.Node):117, 4.61353530295453
com.google.javascript.rhino.jstype.FunctionParamBuilder#newParameterFromNode(com.google.javascript.rhino.Node):118, 4.61353530295453
com.google.javascript.jscomp.TypedScopeCreator.AbstractScopeBuilder#defineVar(com.google.javascript.rhino.Node):782, 4.61028532889334
com.google.javascript.jscomp.TypedScopeCreator.AbstractScopeBuilder#defineVar(com.google.javascript.rhino.Node):783, 4.61028532889334
com.google.javascript.jscomp.TypedScopeCreator.AbstractScopeBuilder#defineVar(com.google.javascript.rhino.Node):771, 4.610285254411396
com.google.javascript.jscomp.TypedScopeCreator.AbstractScopeBuilder#defineVar(com.google.javascript.rhino.Node):772, 4.610285254411396
com.google.javascript.jscomp.TypedScopeCreator.AbstractScopeBuilder#defineVar(com.google.javascript.rhino.Node):773, 4.610285254411396
com.google.javascript.jscomp.TypedScopeCreator.AbstractScopeBuilder#defineVar(com.google.javascript.rhino.Node):785, 4.610285254411396
com.google.javascript.jscomp.TypedScopeCreator.AbstractScopeBuilder#defineVar(com.google.javascript.rhino.Node):774, 4.61009
com.google.javascript.jscomp.TypedScopeCreator.AbstractScopeBuilder#defineVar(com.google.javascript.rhino.Node):776, 4.61009
com.google.javascript.jscomp.TypedScopeCreator.AbstractScopeBuilder#defineVar(com.google.javascript.rhino.Node):778, 4.61009
com.google.javascript.jscomp.TypedScopeCreator.AbstractScopeBuilder#defineVar(com.google.javascript.rhino.Node):779, 4.61009
com.google.javascript.jscomp.TypedScopeCreator.AbstractScopeBuilder#defineVar(com.google.javascript.rhino.Node):780, 4.61009
com.google.javascript.jscomp.parsing.IRFactory.TransformDispatcher#processScope(com.google.javascript.rhino.head.ast.Scope):1045, 4.608203333333334
com.google.javascript.rhino.jstype.ModificationVisitor#caseFunctionType(com.google.javascript.rhino.jstype.FunctionType):122, 4.607805417408667
com.google.javascript.rhino.jstype.ModificationVisitor#caseFunctionType(com.google.javascript.rhino.jstype.FunctionType):137, 4.607805302954529
com.google.javascript.rhino.jstype.ModificationVisitor#caseFunctionType(com.google.javascript.rhino.jstype.FunctionType):114, 4.607804450069621
com.google.javascript.rhino.jstype.ModificationVisitor#caseFunctionType(com.google.javascript.rhino.jstype.FunctionType):115, 4.607804450069621
com.google.javascript.rhino.jstype.ModificationVisitor#caseFunctionType(com.google.javascript.rhino.jstype.FunctionType):116, 4.607804450069621
com.google.javascript.rhino.jstype.ModificationVisitor#caseFunctionType(com.google.javascript.rhino.jstype.FunctionType):119, 4.607804450069621
com.google.javascript.rhino.jstype.ModificationVisitor#caseFunctionType(com.google.javascript.rhino.jstype.FunctionType):121, 4.607804450069621
com.google.javascript.rhino.jstype.ModificationVisitor#caseFunctionType(com.google.javascript.rhino.jstype.FunctionType):126, 4.607804450069621
com.google.javascript.rhino.jstype.ModificationVisitor#caseFunctionType(com.google.javascript.rhino.jstype.FunctionType):98, 4.6078038868314195
com.google.javascript.rhino.jstype.ModificationVisitor#caseFunctionType(com.google.javascript.rhino.jstype.FunctionType):100, 4.6078038868314195
com.google.javascript.rhino.jstype.ModificationVisitor#caseFunctionType(com.google.javascript.rhino.jstype.FunctionType):101, 4.6078038868314195
com.google.javascript.rhino.jstype.ModificationVisitor#caseFunctionType(com.google.javascript.rhino.jstype.FunctionType):102, 4.6078038868314195
com.google.javascript.rhino.jstype.ModificationVisitor#caseFunctionType(com.google.javascript.rhino.jstype.FunctionType):106, 4.6078038868314195
com.google.javascript.rhino.jstype.ModificationVisitor#caseFunctionType(com.google.javascript.rhino.jstype.FunctionType):107, 4.6078038868314195
com.google.javascript.rhino.jstype.ModificationVisitor#caseFunctionType(com.google.javascript.rhino.jstype.FunctionType):108, 4.6078038868314195
com.google.javascript.rhino.jstype.ModificationVisitor#caseFunctionType(com.google.javascript.rhino.jstype.FunctionType):112, 4.6078038868314195
com.google.javascript.rhino.jstype.ModificationVisitor#caseFunctionType(com.google.javascript.rhino.jstype.FunctionType):113, 4.6078038868314195
com.google.javascript.rhino.jstype.ModificationVisitor#caseFunctionType(com.google.javascript.rhino.jstype.FunctionType):128, 4.6078038868314195
com.google.javascript.rhino.jstype.ModificationVisitor#caseFunctionType(com.google.javascript.rhino.jstype.FunctionType):94, 4.607803439281084
com.google.javascript.rhino.jstype.ModificationVisitor#caseFunctionType(com.google.javascript.rhino.jstype.FunctionType):89, 4.607802717701594
com.google.javascript.rhino.jstype.ModificationVisitor#caseFunctionType(com.google.javascript.rhino.jstype.FunctionType):90, 4.60758
com.google.javascript.rhino.jstype.ModificationVisitor#caseFunctionType(com.google.javascript.rhino.jstype.FunctionType):95, 4.60758
com.google.javascript.rhino.jstype.ModificationVisitor#caseFunctionType(com.google.javascript.rhino.jstype.FunctionType):103, 4.60758
com.google.javascript.rhino.jstype.ModificationVisitor#caseFunctionType(com.google.javascript.rhino.jstype.FunctionType):109, 4.60758
com.google.javascript.rhino.jstype.ModificationVisitor#caseFunctionType(com.google.javascript.rhino.jstype.FunctionType):117, 4.60758
com.google.javascript.rhino.jstype.ModificationVisitor#caseFunctionType(com.google.javascript.rhino.jstype.FunctionType):120, 4.60758
com.google.javascript.rhino.jstype.ModificationVisitor#caseFunctionType(com.google.javascript.rhino.jstype.FunctionType):124, 4.60758
com.google.javascript.rhino.jstype.ModificationVisitor#caseFunctionType(com.google.javascript.rhino.jstype.FunctionType):130, 4.60758
com.google.javascript.rhino.jstype.ModificationVisitor#caseFunctionType(com.google.javascript.rhino.jstype.FunctionType):131, 4.60758
com.google.javascript.rhino.jstype.ModificationVisitor#caseFunctionType(com.google.javascript.rhino.jstype.FunctionType):132, 4.60758
com.google.javascript.rhino.jstype.ModificationVisitor#caseFunctionType(com.google.javascript.rhino.jstype.FunctionType):133, 4.60758
com.google.javascript.rhino.jstype.ModificationVisitor#caseFunctionType(com.google.javascript.rhino.jstype.FunctionType):134, 4.60758
com.google.javascript.rhino.jstype.ArrowType#isSubtype(com.google.javascript.rhino.jstype.JSType):138, 4.603675188674555
com.google.javascript.rhino.jstype.ArrowType#isSubtype(com.google.javascript.rhino.jstype.JSType):143, 4.603675188674555
com.google.javascript.rhino.jstype.ArrowType#isSubtype(com.google.javascript.rhino.jstype.JSType):150, 4.603674790059823
com.google.javascript.rhino.jstype.ArrowType#isSubtype(com.google.javascript.rhino.jstype.JSType):158, 4.60367461987174
com.google.javascript.rhino.jstype.ArrowType#isSubtype(com.google.javascript.rhino.jstype.JSType):159, 4.60367461987174
com.google.javascript.rhino.jstype.ArrowType#isSubtype(com.google.javascript.rhino.jstype.JSType):126, 4.603674055357474
com.google.javascript.rhino.jstype.ArrowType#isSubtype(com.google.javascript.rhino.jstype.JSType):127, 4.603674055357474
com.google.javascript.rhino.jstype.ArrowType#isSubtype(com.google.javascript.rhino.jstype.JSType):128, 4.603674055357474
com.google.javascript.rhino.jstype.ArrowType#isSubtype(com.google.javascript.rhino.jstype.JSType):129, 4.603674055357474
com.google.javascript.rhino.jstype.ArrowType#isSubtype(com.google.javascript.rhino.jstype.JSType):132, 4.603674055357474
com.google.javascript.rhino.jstype.ArrowType#isSubtype(com.google.javascript.rhino.jstype.JSType):149, 4.603674055357474
com.google.javascript.rhino.jstype.ArrowType#isSubtype(com.google.javascript.rhino.jstype.JSType):152, 4.603674055357474
com.google.javascript.rhino.jstype.ArrowType#isSubtype(com.google.javascript.rhino.jstype.JSType):157, 4.603674055357474
com.google.javascript.rhino.jstype.ArrowType#isSubtype(com.google.javascript.rhino.jstype.JSType):161, 4.603674055357474
com.google.javascript.rhino.jstype.ArrowType#isSubtype(com.google.javascript.rhino.jstype.JSType):117, 4.6036738868314195
com.google.javascript.rhino.jstype.ArrowType#isSubtype(com.google.javascript.rhino.jstype.JSType):118, 4.6036738868314195
com.google.javascript.rhino.jstype.ArrowType#isSubtype(com.google.javascript.rhino.jstype.JSType):119, 4.6036738868314195
com.google.javascript.rhino.jstype.ArrowType#isSubtype(com.google.javascript.rhino.jstype.JSType):120, 4.6036738868314195
com.google.javascript.rhino.jstype.ArrowType#isSubtype(com.google.javascript.rhino.jstype.JSType):164, 4.603672938981034
com.google.javascript.rhino.jstype.ArrowType#isSubtype(com.google.javascript.rhino.jstype.JSType):170, 4.603672938981034
com.google.javascript.rhino.jstype.ArrowType#isSubtype(com.google.javascript.rhino.jstype.JSType):114, 4.603672772959676
com.google.javascript.rhino.jstype.ArrowType#isSubtype(com.google.javascript.rhino.jstype.JSType):115, 4.603672772959676
com.google.javascript.rhino.jstype.ArrowType#isSubtype(com.google.javascript.rhino.jstype.JSType):116, 4.603672772959676
com.google.javascript.rhino.jstype.ArrowType#isSubtype(com.google.javascript.rhino.jstype.JSType):81, 4.603672112564074
com.google.javascript.rhino.jstype.ArrowType#isSubtype(com.google.javascript.rhino.jstype.JSType):85, 4.603672112564074
com.google.javascript.rhino.jstype.ArrowType#isSubtype(com.google.javascript.rhino.jstype.JSType):91, 4.603672112564074
com.google.javascript.rhino.jstype.ArrowType#isSubtype(com.google.javascript.rhino.jstype.JSType):82, 4.60345
com.google.javascript.rhino.jstype.ArrowType#isSubtype(com.google.javascript.rhino.jstype.JSType):92, 4.60345
com.google.javascript.rhino.jstype.ArrowType#isSubtype(com.google.javascript.rhino.jstype.JSType):122, 4.60345
com.google.javascript.rhino.jstype.ArrowType#isSubtype(com.google.javascript.rhino.jstype.JSType):144, 4.60345
com.google.javascript.rhino.jstype.ArrowType#isSubtype(com.google.javascript.rhino.jstype.JSType):153, 4.60345
com.google.javascript.rhino.jstype.ArrowType#isSubtype(com.google.javascript.rhino.jstype.JSType):167, 4.60345
com.google.javascript.jscomp.TypedScopeCreator.AbstractScopeBuilder#visit(com.google.javascript.jscomp.NodeTraversal,com.google.javascript.rhino.Node,com.google.javascript.rhino.Node):558, 4.587480258566766
com.google.javascript.jscomp.TypedScopeCreator.AbstractScopeBuilder#visit(com.google.javascript.jscomp.NodeTraversal,com.google.javascript.rhino.Node,com.google.javascript.rhino.Node):527, 4.5874786051316665
com.google.javascript.jscomp.TypedScopeCreator.AbstractScopeBuilder#visit(com.google.javascript.jscomp.NodeTraversal,com.google.javascript.rhino.Node,com.google.javascript.rhino.Node):541, 4.587472568650754
com.google.javascript.jscomp.TypedScopeCreator.AbstractScopeBuilder#visit(com.google.javascript.jscomp.NodeTraversal,com.google.javascript.rhino.Node,com.google.javascript.rhino.Node):532, 4.587469165255227
com.google.javascript.jscomp.TypedScopeCreator.AbstractScopeBuilder#visit(com.google.javascript.jscomp.NodeTraversal,com.google.javascript.rhino.Node,com.google.javascript.rhino.Node):556, 4.587468379900215
com.google.javascript.jscomp.TypedScopeCreator.AbstractScopeBuilder#visit(com.google.javascript.jscomp.NodeTraversal,com.google.javascript.rhino.Node,com.google.javascript.rhino.Node):538, 4.587468262896429
com.google.javascript.jscomp.TypedScopeCreator.AbstractScopeBuilder#visit(com.google.javascript.jscomp.NodeTraversal,com.google.javascript.rhino.Node,com.google.javascript.rhino.Node):539, 4.587468262896429
com.google.javascript.jscomp.TypedScopeCreator.AbstractScopeBuilder#visit(com.google.javascript.jscomp.NodeTraversal,com.google.javascript.rhino.Node,com.google.javascript.rhino.Node):551, 4.587465254411397
com.google.javascript.jscomp.TypedScopeCreator.AbstractScopeBuilder#visit(com.google.javascript.jscomp.NodeTraversal,com.google.javascript.rhino.Node,com.google.javascript.rhino.Node):552, 4.587465254411397
com.google.javascript.jscomp.TypedScopeCreator.AbstractScopeBuilder#visit(com.google.javascript.jscomp.NodeTraversal,com.google.javascript.rhino.Node,com.google.javascript.rhino.Node):526, 4.587461635594941
com.google.javascript.jscomp.TypedScopeCreator.AbstractScopeBuilder#visit(com.google.javascript.jscomp.NodeTraversal,com.google.javascript.rhino.Node,com.google.javascript.rhino.Node):531, 4.587461635594941
com.google.javascript.jscomp.TypedScopeCreator.AbstractScopeBuilder#visit(com.google.javascript.jscomp.NodeTraversal,com.google.javascript.rhino.Node,com.google.javascript.rhino.Node):516, 4.587459083558415
com.google.javascript.jscomp.TypedScopeCreator.AbstractScopeBuilder#visit(com.google.javascript.jscomp.NodeTraversal,com.google.javascript.rhino.Node,com.google.javascript.rhino.Node):517, 4.587459083558415
com.google.javascript.jscomp.TypedScopeCreator.AbstractScopeBuilder#visit(com.google.javascript.jscomp.NodeTraversal,com.google.javascript.rhino.Node,com.google.javascript.rhino.Node):519, 4.587459083558415
com.google.javascript.jscomp.TypedScopeCreator.AbstractScopeBuilder#visit(com.google.javascript.jscomp.NodeTraversal,com.google.javascript.rhino.Node,com.google.javascript.rhino.Node):564, 4.587459083558415
com.google.javascript.jscomp.TypedScopeCreator.AbstractScopeBuilder#visit(com.google.javascript.jscomp.NodeTraversal,com.google.javascript.rhino.Node,com.google.javascript.rhino.Node):571, 4.587459083558415
com.google.javascript.jscomp.TypedScopeCreator.AbstractScopeBuilder#visit(com.google.javascript.jscomp.NodeTraversal,com.google.javascript.rhino.Node,com.google.javascript.rhino.Node):521, 4.58727
com.google.javascript.jscomp.TypedScopeCreator.AbstractScopeBuilder#visit(com.google.javascript.jscomp.NodeTraversal,com.google.javascript.rhino.Node,com.google.javascript.rhino.Node):522, 4.58727
com.google.javascript.jscomp.TypedScopeCreator.AbstractScopeBuilder#visit(com.google.javascript.jscomp.NodeTraversal,com.google.javascript.rhino.Node,com.google.javascript.rhino.Node):523, 4.58727
com.google.javascript.jscomp.TypedScopeCreator.AbstractScopeBuilder#visit(com.google.javascript.jscomp.NodeTraversal,com.google.javascript.rhino.Node,com.google.javascript.rhino.Node):547, 4.58727
com.google.javascript.jscomp.TypedScopeCreator.AbstractScopeBuilder#visit(com.google.javascript.jscomp.NodeTraversal,com.google.javascript.rhino.Node,com.google.javascript.rhino.Node):548, 4.58727
com.google.javascript.jscomp.TypedScopeCreator.AbstractScopeBuilder#visit(com.google.javascript.jscomp.NodeTraversal,com.google.javascript.rhino.Node,com.google.javascript.rhino.Node):566, 4.58727
com.google.javascript.jscomp.TypedScopeCreator.AbstractScopeBuilder#visit(com.google.javascript.jscomp.NodeTraversal,com.google.javascript.rhino.Node,com.google.javascript.rhino.Node):567, 4.58727
com.google.javascript.jscomp.TypedScopeCreator.AbstractScopeBuilder#visit(com.google.javascript.jscomp.NodeTraversal,com.google.javascript.rhino.Node,com.google.javascript.rhino.Node):568, 4.58727
com.google.javascript.jscomp.TypedScopeCreator.AbstractScopeBuilder#visit(com.google.javascript.jscomp.NodeTraversal,com.google.javascript.rhino.Node,com.google.javascript.rhino.Node):569, 4.58727
com.google.javascript.rhino.jstype.JSTypeRegistry#registerNativeType(com.google.javascript.rhino.jstype.JSTypeNative,com.google.javascript.rhino.jstype.JSType):657, 4.586040560705542
com.google.javascript.rhino.jstype.JSTypeRegistry#registerNativeType(com.google.javascript.rhino.jstype.JSTypeNative,com.google.javascript.rhino.jstype.JSType):658, 4.586040560705542
com.google.javascript.jscomp.TypedScopeCreator.AbstractScopeBuilder#findOverriddenFunction(com.google.javascript.rhino.jstype.ObjectType,java.lang.String,com.google.javascript.rhino.jstype.TemplateTypeMap):1024, 4.579705417408667
com.google.javascript.jscomp.TypedScopeCreator.AbstractScopeBuilder#findOverriddenFunction(com.google.javascript.rhino.jstype.ObjectType,java.lang.String,com.google.javascript.rhino.jstype.TemplateTypeMap):1009, 4.579704393554433
com.google.javascript.jscomp.TypedScopeCreator.AbstractScopeBuilder#findOverriddenFunction(com.google.javascript.rhino.jstype.ObjectType,java.lang.String,com.google.javascript.rhino.jstype.TemplateTypeMap):1003, 4.579690537980267
com.google.javascript.jscomp.TypedScopeCreator.AbstractScopeBuilder#findOverriddenFunction(com.google.javascript.rhino.jstype.ObjectType,java.lang.String,com.google.javascript.rhino.jstype.TemplateTypeMap):1007, 4.579690537980267
com.google.javascript.jscomp.TypedScopeCreator.AbstractScopeBuilder#findOverriddenFunction(com.google.javascript.rhino.jstype.ObjectType,java.lang.String,com.google.javascript.rhino.jstype.TemplateTypeMap):1008, 4.579690537980267
com.google.javascript.jscomp.TypedScopeCreator.AbstractScopeBuilder#findOverriddenFunction(com.google.javascript.rhino.jstype.ObjectType,java.lang.String,com.google.javascript.rhino.jstype.TemplateTypeMap):1023, 4.579690537980267
com.google.javascript.jscomp.TypedScopeCreator.AbstractScopeBuilder#findOverriddenFunction(com.google.javascript.rhino.jstype.ObjectType,java.lang.String,com.google.javascript.rhino.jstype.TemplateTypeMap):1029, 4.579690537980267
com.google.javascript.jscomp.TypedScopeCreator.AbstractScopeBuilder#findOverriddenFunction(com.google.javascript.rhino.jstype.ObjectType,java.lang.String,com.google.javascript.rhino.jstype.TemplateTypeMap):1014, 4.57948
com.google.javascript.jscomp.TypedScopeCreator.AbstractScopeBuilder#findOverriddenFunction(com.google.javascript.rhino.jstype.ObjectType,java.lang.String,com.google.javascript.rhino.jstype.TemplateTypeMap):1015, 4.57948
com.google.javascript.jscomp.TypedScopeCreator.AbstractScopeBuilder#findOverriddenFunction(com.google.javascript.rhino.jstype.ObjectType,java.lang.String,com.google.javascript.rhino.jstype.TemplateTypeMap):1016, 4.57948
com.google.javascript.jscomp.TypedScopeCreator.AbstractScopeBuilder#findOverriddenFunction(com.google.javascript.rhino.jstype.ObjectType,java.lang.String,com.google.javascript.rhino.jstype.TemplateTypeMap):1017, 4.57948
com.google.javascript.jscomp.TypedScopeCreator.AbstractScopeBuilder#findOverriddenFunction(com.google.javascript.rhino.jstype.ObjectType,java.lang.String,com.google.javascript.rhino.jstype.TemplateTypeMap):1018, 4.57948
com.google.javascript.jscomp.TypedScopeCreator.AbstractScopeBuilder#findOverriddenFunction(com.google.javascript.rhino.jstype.ObjectType,java.lang.String,com.google.javascript.rhino.jstype.TemplateTypeMap):1020, 4.57948
com.google.javascript.rhino.jstype.FunctionType#setSource(com.google.javascript.rhino.Node):1110, 4.56722837392736
com.google.javascript.rhino.jstype.FunctionType#setSource(com.google.javascript.rhino.Node):1116, 4.56722837392736
com.google.javascript.rhino.jstype.FunctionType#setSource(com.google.javascript.rhino.Node):1117, 4.56722837392736
com.google.javascript.rhino.jstype.FunctionType#setSource(com.google.javascript.rhino.Node):1121, 4.56722837392736
com.google.javascript.rhino.jstype.FunctionType#setSource(com.google.javascript.rhino.Node):1122, 4.56722837392736
com.google.javascript.jscomp.parsing.IRFactory.TransformDispatcher#processGeneric(com.google.javascript.rhino.head.Node):524, 4.565418886153372
com.google.javascript.jscomp.parsing.IRFactory.TransformDispatcher#processGeneric(com.google.javascript.rhino.head.Node):525, 4.565418886153372
com.google.javascript.jscomp.parsing.IRFactory.TransformDispatcher#processGeneric(com.google.javascript.rhino.head.Node):522, 4.565380443413366
com.google.javascript.jscomp.parsing.IRFactory.TransformDispatcher#processGeneric(com.google.javascript.rhino.head.Node):523, 4.565380443413366
com.google.javascript.jscomp.parsing.IRFactory.TransformDispatcher#processGeneric(com.google.javascript.rhino.head.Node):526, 4.565380443413366
com.google.javascript.rhino.jstype.JSTypeRegistry#createRecordTypeFromNodes(com.google.javascript.rhino.Node,java.lang.String,com.google.javascript.rhino.jstype.StaticScope):1821, 4.56425806218712
com.google.javascript.rhino.jstype.JSTypeRegistry#createRecordTypeFromNodes(com.google.javascript.rhino.Node,java.lang.String,com.google.javascript.rhino.jstype.StaticScope):1824, 4.56425806218712
com.google.javascript.rhino.jstype.JSTypeRegistry#createRecordTypeFromNodes(com.google.javascript.rhino.Node,java.lang.String,com.google.javascript.rhino.jstype.StaticScope):1825, 4.56425806218712
com.google.javascript.rhino.jstype.JSTypeRegistry#createRecordTypeFromNodes(com.google.javascript.rhino.Node,java.lang.String,com.google.javascript.rhino.jstype.StaticScope):1829, 4.56425806218712
com.google.javascript.rhino.jstype.JSTypeRegistry#createRecordTypeFromNodes(com.google.javascript.rhino.Node,java.lang.String,com.google.javascript.rhino.jstype.StaticScope):1830, 4.56425806218712
com.google.javascript.rhino.jstype.JSTypeRegistry#createRecordTypeFromNodes(com.google.javascript.rhino.Node,java.lang.String,com.google.javascript.rhino.jstype.StaticScope):1832, 4.56425806218712
com.google.javascript.rhino.jstype.JSTypeRegistry#createRecordTypeFromNodes(com.google.javascript.rhino.Node,java.lang.String,com.google.javascript.rhino.jstype.StaticScope):1833, 4.56425806218712
com.google.javascript.rhino.jstype.JSTypeRegistry#createRecordTypeFromNodes(com.google.javascript.rhino.Node,java.lang.String,com.google.javascript.rhino.jstype.StaticScope):1834, 4.56425806218712
com.google.javascript.rhino.jstype.JSTypeRegistry#createRecordTypeFromNodes(com.google.javascript.rhino.Node,java.lang.String,com.google.javascript.rhino.jstype.StaticScope):1837, 4.56425806218712
com.google.javascript.rhino.jstype.JSTypeRegistry#createRecordTypeFromNodes(com.google.javascript.rhino.Node,java.lang.String,com.google.javascript.rhino.jstype.StaticScope):1842, 4.56425806218712
com.google.javascript.rhino.jstype.JSTypeRegistry#createRecordTypeFromNodes(com.google.javascript.rhino.Node,java.lang.String,com.google.javascript.rhino.jstype.StaticScope):1847, 4.56425806218712
com.google.javascript.rhino.jstype.JSTypeRegistry#createRecordTypeFromNodes(com.google.javascript.rhino.Node,java.lang.String,com.google.javascript.rhino.jstype.StaticScope):1849, 4.56425806218712
com.google.javascript.rhino.jstype.JSTypeRegistry#createRecordTypeFromNodes(com.google.javascript.rhino.Node,java.lang.String,com.google.javascript.rhino.jstype.StaticScope):1851, 4.56425806218712
com.google.javascript.rhino.jstype.JSTypeRegistry#createRecordTypeFromNodes(com.google.javascript.rhino.Node,java.lang.String,com.google.javascript.rhino.jstype.StaticScope):1859, 4.56425806218712
com.google.javascript.rhino.jstype.JSTypeRegistry#createRecordTypeFromNodes(com.google.javascript.rhino.Node,java.lang.String,com.google.javascript.rhino.jstype.StaticScope):1826, 4.56425806218712
com.google.javascript.rhino.jstype.JSTypeRegistry#createRecordTypeFromNodes(com.google.javascript.rhino.Node,java.lang.String,com.google.javascript.rhino.jstype.StaticScope):1868, 4.56425806218712
com.google.javascript.rhino.jstype.JSTypeRegistry#createRecordTypeFromNodes(com.google.javascript.rhino.Node,java.lang.String,com.google.javascript.rhino.jstype.StaticScope):1843, 4.56404
com.google.javascript.rhino.jstype.JSTypeRegistry#createRecordTypeFromNodes(com.google.javascript.rhino.Node,java.lang.String,com.google.javascript.rhino.jstype.StaticScope):1855, 4.56404
com.google.javascript.rhino.jstype.JSTypeRegistry#createRecordTypeFromNodes(com.google.javascript.rhino.Node,java.lang.String,com.google.javascript.rhino.jstype.StaticScope):1861, 4.56404
com.google.javascript.rhino.jstype.TemplateTypeMapReplacer#caseTemplateType(com.google.javascript.rhino.jstype.TemplateType):85, 4.56341806218712
com.google.javascript.rhino.jstype.TemplateTypeMapReplacer#caseTemplateType(com.google.javascript.rhino.jstype.TemplateType):69, 4.563417700172092
com.google.javascript.rhino.jstype.TemplateTypeMapReplacer#caseTemplateType(com.google.javascript.rhino.jstype.TemplateType):70, 4.5632
com.google.javascript.rhino.jstype.TemplateTypeMapReplacer#caseTemplateType(com.google.javascript.rhino.jstype.TemplateType):74, 4.5632
com.google.javascript.rhino.jstype.TemplateTypeMapReplacer#caseTemplateType(com.google.javascript.rhino.jstype.TemplateType):76, 4.5632
com.google.javascript.rhino.jstype.TemplateTypeMapReplacer#caseTemplateType(com.google.javascript.rhino.jstype.TemplateType):78, 4.5632
com.google.javascript.rhino.jstype.TemplateTypeMapReplacer#caseTemplateType(com.google.javascript.rhino.jstype.TemplateType):79, 4.5632
com.google.javascript.rhino.jstype.TemplateTypeMapReplacer#caseTemplateType(com.google.javascript.rhino.jstype.TemplateType):80, 4.5632
com.google.javascript.rhino.jstype.TemplateTypeMapReplacer#caseTemplateType(com.google.javascript.rhino.jstype.TemplateType):82, 4.5632
com.google.javascript.jscomp.parsing.JsDocInfoParser#parseFieldType(com.google.javascript.jscomp.parsing.JsDocToken):2273, 4.560736981518302
com.google.javascript.jscomp.parsing.JsDocInfoParser#parseFieldType(com.google.javascript.jscomp.parsing.JsDocToken):2277, 4.560736981518302
com.google.javascript.jscomp.parsing.JsDocInfoParser#parseFieldType(com.google.javascript.jscomp.parsing.JsDocToken):2278, 4.560736981518302
com.google.javascript.jscomp.parsing.JsDocInfoParser#parseFieldType(com.google.javascript.jscomp.parsing.JsDocToken):2280, 4.560736981518302
com.google.javascript.jscomp.parsing.JsDocInfoParser#parseFieldType(com.google.javascript.jscomp.parsing.JsDocToken):2284, 4.560736981518302
com.google.javascript.jscomp.parsing.JsDocInfoParser#parseFieldType(com.google.javascript.jscomp.parsing.JsDocToken):2285, 4.560736981518302
com.google.javascript.jscomp.parsing.JsDocInfoParser#parseFieldType(com.google.javascript.jscomp.parsing.JsDocToken):2286, 4.560736981518302
com.google.javascript.jscomp.parsing.JsDocInfoParser#parseFieldType(com.google.javascript.jscomp.parsing.JsDocToken):2287, 4.560736981518302
com.google.javascript.jscomp.parsing.JsDocInfoParser#parseFieldType(com.google.javascript.jscomp.parsing.JsDocToken):2267, 4.560736675695009
com.google.javascript.jscomp.parsing.JsDocInfoParser#parseFieldType(com.google.javascript.jscomp.parsing.JsDocToken):2268, 4.560736675695009
com.google.javascript.jscomp.parsing.JsDocInfoParser#parseFieldType(com.google.javascript.jscomp.parsing.JsDocToken):2261, 4.5607366248500725
com.google.javascript.jscomp.parsing.JsDocInfoParser#parseFieldType(com.google.javascript.jscomp.parsing.JsDocToken):2263, 4.5607366248500725
com.google.javascript.jscomp.parsing.JsDocInfoParser#parseFieldType(com.google.javascript.jscomp.parsing.JsDocToken):2264, 4.56052
com.google.javascript.jscomp.parsing.JsDocInfoParser#parseFieldType(com.google.javascript.jscomp.parsing.JsDocToken):2269, 4.56052
com.google.javascript.jscomp.parsing.JsDocInfoParser#parseFieldType(com.google.javascript.jscomp.parsing.JsDocToken):2281, 4.56052
com.google.javascript.jscomp.parsing.JsDocInfoParser#parseRecordType(com.google.javascript.jscomp.parsing.JsDocToken):2215, 4.5606966756950085
com.google.javascript.jscomp.parsing.JsDocInfoParser#parseRecordType(com.google.javascript.jscomp.parsing.JsDocToken):2216, 4.5606966756950085
com.google.javascript.jscomp.parsing.JsDocInfoParser#parseRecordType(com.google.javascript.jscomp.parsing.JsDocToken):2220, 4.5606966756950085
com.google.javascript.jscomp.parsing.JsDocInfoParser#parseRecordType(com.google.javascript.jscomp.parsing.JsDocToken):2222, 4.5606966756950085
com.google.javascript.jscomp.parsing.JsDocInfoParser#parseRecordType(com.google.javascript.jscomp.parsing.JsDocToken):2223, 4.5606966756950085
com.google.javascript.jscomp.parsing.JsDocInfoParser#parseRecordType(com.google.javascript.jscomp.parsing.JsDocToken):2208, 4.560696624850072
com.google.javascript.jscomp.parsing.JsDocInfoParser#parseRecordType(com.google.javascript.jscomp.parsing.JsDocToken):2209, 4.560696624850072
com.google.javascript.jscomp.parsing.JsDocInfoParser#parseRecordType(com.google.javascript.jscomp.parsing.JsDocToken):2211, 4.560696624850072
com.google.javascript.jscomp.parsing.JsDocInfoParser#parseRecordType(com.google.javascript.jscomp.parsing.JsDocToken):2212, 4.56048
com.google.javascript.jscomp.parsing.JsDocInfoParser#parseRecordType(com.google.javascript.jscomp.parsing.JsDocToken):2217, 4.56048
com.google.javascript.jscomp.TypeValidator#expectUndeclaredVariable(java.lang.String,com.google.javascript.jscomp.CompilerInput,com.google.javascript.rhino.Node,com.google.javascript.rhino.Node,com.google.javascript.jscomp.Scope.Var,java.lang.String,com.google.javascript.rhino.jstype.JSType):549, 4.560127134916354
com.google.javascript.jscomp.TypeValidator#expectUndeclaredVariable(java.lang.String,com.google.javascript.jscomp.CompilerInput,com.google.javascript.rhino.Node,com.google.javascript.rhino.Node,com.google.javascript.jscomp.Scope.Var,java.lang.String,com.google.javascript.rhino.jstype.JSType):550, 4.560127134916354
com.google.javascript.jscomp.TypeValidator#expectUndeclaredVariable(java.lang.String,com.google.javascript.jscomp.CompilerInput,com.google.javascript.rhino.Node,com.google.javascript.rhino.Node,com.google.javascript.jscomp.Scope.Var,java.lang.String,com.google.javascript.rhino.jstype.JSType):551, 4.560127134916354
com.google.javascript.jscomp.TypeValidator#expectUndeclaredVariable(java.lang.String,com.google.javascript.jscomp.CompilerInput,com.google.javascript.rhino.Node,com.google.javascript.rhino.Node,com.google.javascript.jscomp.Scope.Var,java.lang.String,com.google.javascript.rhino.jstype.JSType):553, 4.560127134916354
com.google.javascript.jscomp.TypeValidator#expectUndeclaredVariable(java.lang.String,com.google.javascript.jscomp.CompilerInput,com.google.javascript.rhino.Node,com.google.javascript.rhino.Node,com.google.javascript.jscomp.Scope.Var,java.lang.String,com.google.javascript.rhino.jstype.JSType):554, 4.560127134916354
com.google.javascript.jscomp.TypeValidator#expectUndeclaredVariable(java.lang.String,com.google.javascript.jscomp.CompilerInput,com.google.javascript.rhino.Node,com.google.javascript.rhino.Node,com.google.javascript.jscomp.Scope.Var,java.lang.String,com.google.javascript.rhino.jstype.JSType):559, 4.560127134916354
com.google.javascript.jscomp.TypeValidator#expectUndeclaredVariable(java.lang.String,com.google.javascript.jscomp.CompilerInput,com.google.javascript.rhino.Node,com.google.javascript.rhino.Node,com.google.javascript.jscomp.Scope.Var,java.lang.String,com.google.javascript.rhino.jstype.JSType):560, 4.560127134916354
com.google.javascript.jscomp.TypeValidator#expectUndeclaredVariable(java.lang.String,com.google.javascript.jscomp.CompilerInput,com.google.javascript.rhino.Node,com.google.javascript.rhino.Node,com.google.javascript.jscomp.Scope.Var,java.lang.String,com.google.javascript.rhino.jstype.JSType):562, 4.560127134916354
com.google.javascript.jscomp.TypeValidator#expectUndeclaredVariable(java.lang.String,com.google.javascript.jscomp.CompilerInput,com.google.javascript.rhino.Node,com.google.javascript.rhino.Node,com.google.javascript.jscomp.Scope.Var,java.lang.String,com.google.javascript.rhino.jstype.JSType):548, 4.560126574040912
com.google.javascript.jscomp.TypeValidator#expectUndeclaredVariable(java.lang.String,com.google.javascript.jscomp.CompilerInput,com.google.javascript.rhino.Node,com.google.javascript.rhino.Node,com.google.javascript.jscomp.Scope.Var,java.lang.String,com.google.javascript.rhino.jstype.JSType):522, 4.560125265424455
com.google.javascript.jscomp.TypeValidator#expectUndeclaredVariable(java.lang.String,com.google.javascript.jscomp.CompilerInput,com.google.javascript.rhino.Node,com.google.javascript.rhino.Node,com.google.javascript.jscomp.Scope.Var,java.lang.String,com.google.javascript.rhino.jstype.JSType):523, 4.560125265424455
com.google.javascript.jscomp.TypeValidator#expectUndeclaredVariable(java.lang.String,com.google.javascript.jscomp.CompilerInput,com.google.javascript.rhino.Node,com.google.javascript.rhino.Node,com.google.javascript.jscomp.Scope.Var,java.lang.String,com.google.javascript.rhino.jstype.JSType):524, 4.560125265424455
com.google.javascript.jscomp.TypeValidator#expectUndeclaredVariable(java.lang.String,com.google.javascript.jscomp.CompilerInput,com.google.javascript.rhino.Node,com.google.javascript.rhino.Node,com.google.javascript.jscomp.Scope.Var,java.lang.String,com.google.javascript.rhino.jstype.JSType):534, 4.560125265424455
com.google.javascript.jscomp.TypeValidator#expectUndeclaredVariable(java.lang.String,com.google.javascript.jscomp.CompilerInput,com.google.javascript.rhino.Node,com.google.javascript.rhino.Node,com.google.javascript.jscomp.Scope.Var,java.lang.String,com.google.javascript.rhino.jstype.JSType):539, 4.560125265424455
com.google.javascript.jscomp.TypeValidator#expectUndeclaredVariable(java.lang.String,com.google.javascript.jscomp.CompilerInput,com.google.javascript.rhino.Node,com.google.javascript.rhino.Node,com.google.javascript.jscomp.Scope.Var,java.lang.String,com.google.javascript.rhino.jstype.JSType):579, 4.560125265424455
com.google.javascript.jscomp.TypeValidator#expectUndeclaredVariable(java.lang.String,com.google.javascript.jscomp.CompilerInput,com.google.javascript.rhino.Node,com.google.javascript.rhino.Node,com.google.javascript.jscomp.Scope.Var,java.lang.String,com.google.javascript.rhino.jstype.JSType):526, 4.55991
com.google.javascript.jscomp.TypeValidator#expectUndeclaredVariable(java.lang.String,com.google.javascript.jscomp.CompilerInput,com.google.javascript.rhino.Node,com.google.javascript.rhino.Node,com.google.javascript.jscomp.Scope.Var,java.lang.String,com.google.javascript.rhino.jstype.JSType):527, 4.55991
com.google.javascript.jscomp.TypeValidator#expectUndeclaredVariable(java.lang.String,com.google.javascript.jscomp.CompilerInput,com.google.javascript.rhino.Node,com.google.javascript.rhino.Node,com.google.javascript.jscomp.Scope.Var,java.lang.String,com.google.javascript.rhino.jstype.JSType):528, 4.55991
com.google.javascript.jscomp.TypeValidator#expectUndeclaredVariable(java.lang.String,com.google.javascript.jscomp.CompilerInput,com.google.javascript.rhino.Node,com.google.javascript.rhino.Node,com.google.javascript.jscomp.Scope.Var,java.lang.String,com.google.javascript.rhino.jstype.JSType):530, 4.55991
com.google.javascript.jscomp.TypeValidator#expectUndeclaredVariable(java.lang.String,com.google.javascript.jscomp.CompilerInput,com.google.javascript.rhino.Node,com.google.javascript.rhino.Node,com.google.javascript.jscomp.Scope.Var,java.lang.String,com.google.javascript.rhino.jstype.JSType):555, 4.55991
com.google.javascript.jscomp.TypeValidator#expectUndeclaredVariable(java.lang.String,com.google.javascript.jscomp.CompilerInput,com.google.javascript.rhino.Node,com.google.javascript.rhino.Node,com.google.javascript.jscomp.Scope.Var,java.lang.String,com.google.javascript.rhino.jstype.JSType):556, 4.55991
com.google.javascript.jscomp.TypeValidator#expectUndeclaredVariable(java.lang.String,com.google.javascript.jscomp.CompilerInput,com.google.javascript.rhino.Node,com.google.javascript.rhino.Node,com.google.javascript.jscomp.Scope.Var,java.lang.String,com.google.javascript.rhino.jstype.JSType):568, 4.55991
com.google.javascript.jscomp.TypeValidator#expectUndeclaredVariable(java.lang.String,com.google.javascript.jscomp.CompilerInput,com.google.javascript.rhino.Node,com.google.javascript.rhino.Node,com.google.javascript.jscomp.Scope.Var,java.lang.String,com.google.javascript.rhino.jstype.JSType):571, 4.55991
com.google.javascript.rhino.jstype.JSType#isInvariant(com.google.javascript.rhino.jstype.JSType):552, 4.557907237362652
com.google.javascript.rhino.jstype.RecordType#isSubtype(com.google.javascript.rhino.jstype.ObjectType,com.google.javascript.rhino.jstype.RecordType):273, 4.557897442691019
com.google.javascript.rhino.jstype.RecordType#isSubtype(com.google.javascript.rhino.jstype.ObjectType,com.google.javascript.rhino.jstype.RecordType):261, 4.557897391304349
com.google.javascript.rhino.jstype.RecordType#isSubtype(com.google.javascript.rhino.jstype.ObjectType,com.google.javascript.rhino.jstype.RecordType):271, 4.557897391304349
com.google.javascript.rhino.jstype.RecordType#isSubtype(com.google.javascript.rhino.jstype.ObjectType,com.google.javascript.rhino.jstype.RecordType):256, 4.557897134916354
com.google.javascript.rhino.jstype.RecordType#isSubtype(com.google.javascript.rhino.jstype.ObjectType,com.google.javascript.rhino.jstype.RecordType):257, 4.557897134916354
com.google.javascript.rhino.jstype.RecordType#isSubtype(com.google.javascript.rhino.jstype.ObjectType,com.google.javascript.rhino.jstype.RecordType):258, 4.557897134916354
com.google.javascript.rhino.jstype.RecordType#isSubtype(com.google.javascript.rhino.jstype.ObjectType,com.google.javascript.rhino.jstype.RecordType):251, 4.557896574040912
com.google.javascript.rhino.jstype.RecordType#isSubtype(com.google.javascript.rhino.jstype.ObjectType,com.google.javascript.rhino.jstype.RecordType):252, 4.557896574040912
com.google.javascript.rhino.jstype.RecordType#isSubtype(com.google.javascript.rhino.jstype.ObjectType,com.google.javascript.rhino.jstype.RecordType):253, 4.55768
com.google.javascript.rhino.jstype.RecordType#isSubtype(com.google.javascript.rhino.jstype.ObjectType,com.google.javascript.rhino.jstype.RecordType):262, 4.55768
com.google.javascript.rhino.jstype.RecordType#isSubtype(com.google.javascript.rhino.jstype.ObjectType,com.google.javascript.rhino.jstype.RecordType):267, 4.55768
com.google.javascript.rhino.jstype.RecordType#isSubtype(com.google.javascript.rhino.jstype.ObjectType,com.google.javascript.rhino.jstype.RecordType):268, 4.55768
com.google.javascript.rhino.jstype.TemplateTypeMap#hasTemplateKey(com.google.javascript.rhino.jstype.TemplateType):117, 4.557827494114146
com.google.javascript.rhino.jstype.TemplateTypeMap#hasTemplateKey(com.google.javascript.rhino.jstype.TemplateType):118, 4.557827288640208
com.google.javascript.rhino.jstype.TemplateTypeMap#hasTemplateKey(com.google.javascript.rhino.jstype.TemplateType):114, 4.557827186121382
com.google.javascript.rhino.jstype.TemplateTypeMap#hasTemplateKey(com.google.javascript.rhino.jstype.TemplateType):113, 4.557826930457819
com.google.javascript.rhino.jstype.TemplateTypeMap#hasTemplateKey(com.google.javascript.rhino.jstype.TemplateType):115, 4.55761
com.google.javascript.jscomp.parsing.JsDocInfoParser#parseFieldTypeList(com.google.javascript.jscomp.parsing.JsDocToken):2239, 4.554166675695009
com.google.javascript.jscomp.parsing.JsDocInfoParser#parseFieldTypeList(com.google.javascript.jscomp.parsing.JsDocToken):2241, 4.554166675695009
com.google.javascript.jscomp.parsing.JsDocInfoParser#parseFieldTypeList(com.google.javascript.jscomp.parsing.JsDocToken):2242, 4.554166675695009
com.google.javascript.jscomp.parsing.JsDocInfoParser#parseFieldTypeList(com.google.javascript.jscomp.parsing.JsDocToken):2243, 4.554166675695009
com.google.javascript.jscomp.parsing.JsDocInfoParser#parseFieldTypeList(com.google.javascript.jscomp.parsing.JsDocToken):2254, 4.554166675695009
com.google.javascript.jscomp.parsing.JsDocInfoParser#parseFieldTypeList(com.google.javascript.jscomp.parsing.JsDocToken):2230, 4.5541666248500725
com.google.javascript.jscomp.parsing.JsDocInfoParser#parseFieldTypeList(com.google.javascript.jscomp.parsing.JsDocToken):2233, 4.5541666248500725
com.google.javascript.jscomp.parsing.JsDocInfoParser#parseFieldTypeList(com.google.javascript.jscomp.parsing.JsDocToken):2235, 4.5541666248500725
com.google.javascript.jscomp.parsing.JsDocInfoParser#parseFieldTypeList(com.google.javascript.jscomp.parsing.JsDocToken):2236, 4.55395
com.google.javascript.jscomp.parsing.JsDocInfoParser#parseFieldTypeList(com.google.javascript.jscomp.parsing.JsDocToken):2247, 4.55395
com.google.javascript.jscomp.parsing.JsDocInfoParser#parseFieldTypeList(com.google.javascript.jscomp.parsing.JsDocToken):2250, 4.55395
com.google.javascript.jscomp.parsing.JsDocInfoParser#parseFieldTypeList(com.google.javascript.jscomp.parsing.JsDocToken):2251, 4.55395
com.google.javascript.jscomp.parsing.JsDocInfoParser#parseFieldTypeList(com.google.javascript.jscomp.parsing.JsDocToken):2252, 4.55395
com.google.javascript.jscomp.parsing.JsDocInfoParser#parseFieldName(com.google.javascript.jscomp.parsing.JsDocToken):2297, 4.554166675695009
com.google.javascript.jscomp.parsing.JsDocInfoParser#parseFieldName(com.google.javascript.jscomp.parsing.JsDocToken):2298, 4.554166675695009
com.google.javascript.jscomp.parsing.JsDocInfoParser#parseFieldName(com.google.javascript.jscomp.parsing.JsDocToken):2295, 4.5541666248500725
com.google.javascript.jscomp.parsing.JsDocInfoParser#parseFieldName(com.google.javascript.jscomp.parsing.JsDocToken):2301, 4.55395
com.google.javascript.rhino.jstype.JSTypeRegistry#setTemplateTypeNames(java.util.List):1877, 4.548255816168388
com.google.javascript.rhino.jstype.JSTypeRegistry#setTemplateTypeNames(java.util.List):1878, 4.548255816168388
com.google.javascript.rhino.jstype.JSTypeRegistry#setTemplateTypeNames(java.util.List):1875, 4.548255615409118
com.google.javascript.rhino.jstype.JSTypeRegistry#setTemplateTypeNames(java.util.List):1876, 4.548255615409118
com.google.javascript.rhino.jstype.JSTypeRegistry#setTemplateTypeNames(java.util.List):1879, 4.548255615409118
com.google.javascript.jscomp.parsing.JsDocInfoParser#extractSingleLineBlock():1412, 4.547646067907851
com.google.javascript.jscomp.parsing.JsDocInfoParser#extractSingleLineBlock():1404, 4.547645765926001
com.google.javascript.jscomp.parsing.JsDocInfoParser#extractSingleLineBlock():1405, 4.547645765926001
com.google.javascript.jscomp.parsing.JsDocInfoParser#extractSingleLineBlock():1406, 4.547645765926001
com.google.javascript.jscomp.parsing.JsDocInfoParser#extractSingleLineBlock():1408, 4.547645765926001
com.google.javascript.jscomp.parsing.JsDocInfoParser#extractSingleLineBlock():1411, 4.547645765926001
com.google.javascript.jscomp.parsing.JsDocInfoParser#extractSingleLineBlock():1416, 4.547645765926001
com.google.javascript.jscomp.parsing.JsDocInfoParser#parseTypeExpressionList(com.google.javascript.jscomp.parsing.JsDocToken):1780, 4.546884619949465
com.google.javascript.jscomp.parsing.JsDocInfoParser#parseTypeExpressionList(com.google.javascript.jscomp.parsing.JsDocToken):1781, 4.546884619949465
com.google.javascript.jscomp.parsing.JsDocInfoParser#parseTypeExpressionList(com.google.javascript.jscomp.parsing.JsDocToken):1784, 4.546884619949465
com.google.javascript.jscomp.parsing.JsDocInfoParser#parseTypeExpressionList(com.google.javascript.jscomp.parsing.JsDocToken):1785, 4.546884619949465
com.google.javascript.jscomp.parsing.JsDocInfoParser#parseTypeExpressionList(com.google.javascript.jscomp.parsing.JsDocToken):1786, 4.546884619949465
com.google.javascript.jscomp.parsing.JsDocInfoParser#parseTypeExpressionList(com.google.javascript.jscomp.parsing.JsDocToken):1795, 4.546884619949465
com.google.javascript.jscomp.parsing.JsDocInfoParser#parseTypeExpressionList(com.google.javascript.jscomp.parsing.JsDocToken):1782, 4.54667
com.google.javascript.jscomp.parsing.JsDocInfoParser#parseTypeExpressionList(com.google.javascript.jscomp.parsing.JsDocToken):1787, 4.54667
com.google.javascript.jscomp.parsing.JsDocInfoParser#parseTypeExpressionList(com.google.javascript.jscomp.parsing.JsDocToken):1788, 4.54667
com.google.javascript.jscomp.parsing.JsDocInfoParser#parseTypeExpressionList(com.google.javascript.jscomp.parsing.JsDocToken):1789, 4.54667
com.google.javascript.jscomp.parsing.JsDocInfoParser#parseTypeExpressionList(com.google.javascript.jscomp.parsing.JsDocToken):1790, 4.54667
com.google.javascript.jscomp.parsing.JsDocInfoParser#parseTypeExpressionList(com.google.javascript.jscomp.parsing.JsDocToken):1791, 4.54667
com.google.javascript.jscomp.parsing.JsDocInfoParser#parseTypeExpressionList(com.google.javascript.jscomp.parsing.JsDocToken):1793, 4.54667
com.google.javascript.jscomp.FunctionTypeBuilder#inferParameterTypes(com.google.javascript.rhino.Node,com.google.javascript.rhino.JSDocInfo):525, 4.5428653601598
com.google.javascript.jscomp.FunctionTypeBuilder#inferParameterTypes(com.google.javascript.rhino.Node,com.google.javascript.rhino.JSDocInfo):486, 4.542864337081912
com.google.javascript.jscomp.FunctionTypeBuilder#inferParameterTypes(com.google.javascript.rhino.Node,com.google.javascript.rhino.JSDocInfo):505, 4.542849106203781
com.google.javascript.jscomp.FunctionTypeBuilder#inferParameterTypes(com.google.javascript.rhino.Node,com.google.javascript.rhino.JSDocInfo):496, 4.54284493696596
com.google.javascript.jscomp.FunctionTypeBuilder#inferParameterTypes(com.google.javascript.rhino.Node,com.google.javascript.rhino.JSDocInfo):497, 4.54284493696596
com.google.javascript.jscomp.FunctionTypeBuilder#inferParameterTypes(com.google.javascript.rhino.Node,com.google.javascript.rhino.JSDocInfo):500, 4.54284493696596
com.google.javascript.jscomp.FunctionTypeBuilder#inferParameterTypes(com.google.javascript.rhino.Node,com.google.javascript.rhino.JSDocInfo):501, 4.54284493696596
com.google.javascript.jscomp.FunctionTypeBuilder#inferParameterTypes(com.google.javascript.rhino.Node,com.google.javascript.rhino.JSDocInfo):502, 4.54284493696596
com.google.javascript.jscomp.FunctionTypeBuilder#inferParameterTypes(com.google.javascript.rhino.Node,com.google.javascript.rhino.JSDocInfo):504, 4.54284493696596
com.google.javascript.jscomp.FunctionTypeBuilder#inferParameterTypes(com.google.javascript.rhino.Node,com.google.javascript.rhino.JSDocInfo):519, 4.54284493696596
com.google.javascript.jscomp.FunctionTypeBuilder#inferParameterTypes(com.google.javascript.rhino.Node,com.google.javascript.rhino.JSDocInfo):524, 4.54284493696596
com.google.javascript.jscomp.FunctionTypeBuilder#inferParameterTypes(com.google.javascript.rhino.Node,com.google.javascript.rhino.JSDocInfo):527, 4.54284493696596
com.google.javascript.jscomp.FunctionTypeBuilder#inferParameterTypes(com.google.javascript.rhino.Node,com.google.javascript.rhino.JSDocInfo):531, 4.542831635594941
com.google.javascript.jscomp.FunctionTypeBuilder#inferParameterTypes(com.google.javascript.rhino.Node,com.google.javascript.rhino.JSDocInfo):475, 4.542831354707147
com.google.javascript.jscomp.FunctionTypeBuilder#inferParameterTypes(com.google.javascript.rhino.Node,com.google.javascript.rhino.JSDocInfo):484, 4.542831354707147
com.google.javascript.jscomp.FunctionTypeBuilder#inferParameterTypes(com.google.javascript.rhino.Node,com.google.javascript.rhino.JSDocInfo):485, 4.542831354707147
com.google.javascript.jscomp.FunctionTypeBuilder#inferParameterTypes(com.google.javascript.rhino.Node,com.google.javascript.rhino.JSDocInfo):489, 4.542831354707147
com.google.javascript.jscomp.FunctionTypeBuilder#inferParameterTypes(com.google.javascript.rhino.Node,com.google.javascript.rhino.JSDocInfo):490, 4.542831354707147
com.google.javascript.jscomp.FunctionTypeBuilder#inferParameterTypes(com.google.javascript.rhino.Node,com.google.javascript.rhino.JSDocInfo):491, 4.542831354707147
com.google.javascript.jscomp.FunctionTypeBuilder#inferParameterTypes(com.google.javascript.rhino.Node,com.google.javascript.rhino.JSDocInfo):494, 4.542831354707147
com.google.javascript.jscomp.FunctionTypeBuilder#inferParameterTypes(com.google.javascript.rhino.Node,com.google.javascript.rhino.JSDocInfo):495, 4.542831354707147
com.google.javascript.jscomp.FunctionTypeBuilder#inferParameterTypes(com.google.javascript.rhino.Node,com.google.javascript.rhino.JSDocInfo):530, 4.542831354707147
com.google.javascript.jscomp.FunctionTypeBuilder#inferParameterTypes(com.google.javascript.rhino.Node,com.google.javascript.rhino.JSDocInfo):537, 4.542831354707147
com.google.javascript.jscomp.FunctionTypeBuilder#inferParameterTypes(com.google.javascript.rhino.Node,com.google.javascript.rhino.JSDocInfo):541, 4.542831354707147
com.google.javascript.jscomp.FunctionTypeBuilder#inferParameterTypes(com.google.javascript.rhino.Node,com.google.javascript.rhino.JSDocInfo):542, 4.542831354707147
com.google.javascript.jscomp.FunctionTypeBuilder#inferParameterTypes(com.google.javascript.rhino.Node,com.google.javascript.rhino.JSDocInfo):476, 4.54264
com.google.javascript.jscomp.FunctionTypeBuilder#inferParameterTypes(com.google.javascript.rhino.Node,com.google.javascript.rhino.JSDocInfo):477, 4.54264
com.google.javascript.jscomp.FunctionTypeBuilder#inferParameterTypes(com.google.javascript.rhino.Node,com.google.javascript.rhino.JSDocInfo):479, 4.54264
com.google.javascript.jscomp.FunctionTypeBuilder#inferParameterTypes(com.google.javascript.rhino.Node,com.google.javascript.rhino.JSDocInfo):507, 4.54264
com.google.javascript.jscomp.FunctionTypeBuilder#inferParameterTypes(com.google.javascript.rhino.Node,com.google.javascript.rhino.JSDocInfo):508, 4.54264
com.google.javascript.jscomp.FunctionTypeBuilder#inferParameterTypes(com.google.javascript.rhino.Node,com.google.javascript.rhino.JSDocInfo):510, 4.54264
com.google.javascript.jscomp.FunctionTypeBuilder#inferParameterTypes(com.google.javascript.rhino.Node,com.google.javascript.rhino.JSDocInfo):512, 4.54264
com.google.javascript.jscomp.FunctionTypeBuilder#inferParameterTypes(com.google.javascript.rhino.Node,com.google.javascript.rhino.JSDocInfo):513, 4.54264
com.google.javascript.jscomp.FunctionTypeBuilder#inferParameterTypes(com.google.javascript.rhino.Node,com.google.javascript.rhino.JSDocInfo):514, 4.54264
com.google.javascript.jscomp.FunctionTypeBuilder#inferParameterTypes(com.google.javascript.rhino.Node,com.google.javascript.rhino.JSDocInfo):516, 4.54264
com.google.javascript.jscomp.FunctionTypeBuilder#inferParameterTypes(com.google.javascript.rhino.Node,com.google.javascript.rhino.JSDocInfo):532, 4.54264
com.google.javascript.jscomp.FunctionTypeBuilder#inferParameterTypes(com.google.javascript.rhino.Node,com.google.javascript.rhino.JSDocInfo):533, 4.54264
com.google.javascript.jscomp.FunctionTypeBuilder#inferParameterTypes(com.google.javascript.rhino.Node,com.google.javascript.rhino.JSDocInfo):538, 4.54264
com.google.javascript.jscomp.FunctionTypeBuilder#inferParameterTypes(com.google.javascript.rhino.Node,com.google.javascript.rhino.JSDocInfo):539, 4.54264
com.google.javascript.rhino.jstype.TemplateTypeMap#getUnfilledTemplateKeys():134, 4.542855115951858
com.google.javascript.rhino.JSDocInfo#hasFileOverview():1469, 4.539008094122478
com.google.javascript.rhino.jstype.FunctionType#isSubtype(com.google.javascript.rhino.jstype.JSType):1017, 4.538672477690287
com.google.javascript.rhino.jstype.FunctionType#isSubtype(com.google.javascript.rhino.jstype.JSType):1021, 4.538602003068104
com.google.javascript.rhino.jstype.FunctionType#isSubtype(com.google.javascript.rhino.jstype.JSType):1022, 4.538602003068104
com.google.javascript.rhino.jstype.FunctionType#isSubtype(com.google.javascript.rhino.jstype.JSType):1026, 4.538602003068104
com.google.javascript.rhino.jstype.FunctionType#isSubtype(com.google.javascript.rhino.jstype.JSType):1037, 4.538602003068104
com.google.javascript.rhino.jstype.FunctionType#isSubtype(com.google.javascript.rhino.jstype.JSType):1050, 4.538602003068104
com.google.javascript.rhino.jstype.FunctionType#isSubtype(com.google.javascript.rhino.jstype.JSType):1053, 4.538583954254112
com.google.javascript.rhino.jstype.FunctionType#isSubtype(com.google.javascript.rhino.jstype.JSType):1020, 4.5385829019601545
com.google.javascript.rhino.jstype.FunctionType#isSubtype(com.google.javascript.rhino.jstype.JSType):1016, 4.538580602713571
com.google.javascript.rhino.jstype.FunctionType#isSubtype(com.google.javascript.rhino.jstype.JSType):1024, 4.53838
com.google.javascript.rhino.jstype.FunctionType#isSubtype(com.google.javascript.rhino.jstype.JSType):1028, 4.53838
com.google.javascript.jscomp.parsing.JsDocInfoParser#parseHelperLoop(com.google.javascript.jscomp.parsing.JsDocToken,java.util.List):256, 4.536956320530301
com.google.javascript.jscomp.parsing.JsDocInfoParser#parseHelperLoop(com.google.javascript.jscomp.parsing.JsDocToken,java.util.List):265, 4.536947167697616
com.google.javascript.jscomp.parsing.JsDocInfoParser#parseHelperLoop(com.google.javascript.jscomp.parsing.JsDocToken,java.util.List):266, 4.536947167697616
com.google.javascript.jscomp.parsing.JsDocInfoParser#parseHelperLoop(com.google.javascript.jscomp.parsing.JsDocToken,java.util.List):268, 4.536947167697616
com.google.javascript.jscomp.parsing.JsDocInfoParser#parseHelperLoop(com.google.javascript.jscomp.parsing.JsDocToken,java.util.List):263, 4.536935590252964
com.google.javascript.jscomp.parsing.JsDocInfoParser#parseHelperLoop(com.google.javascript.jscomp.parsing.JsDocToken,java.util.List):262, 4.5369335282499295
com.google.javascript.jscomp.parsing.JsDocInfoParser#parseHelperLoop(com.google.javascript.jscomp.parsing.JsDocToken,java.util.List):255, 4.536932414460721
com.google.javascript.jscomp.parsing.JsDocInfoParser#parseHelperLoop(com.google.javascript.jscomp.parsing.JsDocToken,java.util.List):258, 4.536932414460721
com.google.javascript.jscomp.parsing.JsDocInfoParser#parseHelperLoop(com.google.javascript.jscomp.parsing.JsDocToken,java.util.List):259, 4.536932414460721
com.google.javascript.jscomp.parsing.JsDocInfoParser#parseHelperLoop(com.google.javascript.jscomp.parsing.JsDocToken,java.util.List):231, 4.536897231926983
com.google.javascript.jscomp.parsing.JsDocInfoParser#parseHelperLoop(com.google.javascript.jscomp.parsing.JsDocToken,java.util.List):232, 4.536897231926983
com.google.javascript.jscomp.parsing.JsDocInfoParser#parseHelperLoop(com.google.javascript.jscomp.parsing.JsDocToken,java.util.List):233, 4.536897231926983
com.google.javascript.jscomp.parsing.JsDocInfoParser#parseHelperLoop(com.google.javascript.jscomp.parsing.JsDocToken,java.util.List):240, 4.5368969798749
com.google.javascript.jscomp.parsing.JsDocInfoParser#parseHelperLoop(com.google.javascript.jscomp.parsing.JsDocToken,java.util.List):243, 4.5368969798749
com.google.javascript.jscomp.parsing.JsDocInfoParser#parseHelperLoop(com.google.javascript.jscomp.parsing.JsDocToken,java.util.List):244, 4.5368969798749
com.google.javascript.jscomp.parsing.JsDocInfoParser#parseHelperLoop(com.google.javascript.jscomp.parsing.JsDocToken,java.util.List):229, 4.536896960536449
com.google.javascript.jscomp.parsing.JsDocInfoParser#parseHelperLoop(com.google.javascript.jscomp.parsing.JsDocToken,java.util.List):235, 4.53674
com.google.javascript.jscomp.parsing.JsDocInfoParser#parseHelperLoop(com.google.javascript.jscomp.parsing.JsDocToken,java.util.List):237, 4.53674
com.google.javascript.jscomp.parsing.JsDocInfoParser#parseHelperLoop(com.google.javascript.jscomp.parsing.JsDocToken,java.util.List):241, 4.53674
com.google.javascript.jscomp.parsing.JsDocInfoParser#parseHelperLoop(com.google.javascript.jscomp.parsing.JsDocToken,java.util.List):248, 4.53674
com.google.javascript.jscomp.parsing.JsDocInfoParser#parseHelperLoop(com.google.javascript.jscomp.parsing.JsDocToken,java.util.List):249, 4.53674
com.google.javascript.jscomp.parsing.JsDocInfoParser#parseHelperLoop(com.google.javascript.jscomp.parsing.JsDocToken,java.util.List):251, 4.53674
com.google.javascript.jscomp.parsing.JsDocInfoParser#parseHelperLoop(com.google.javascript.jscomp.parsing.JsDocToken,java.util.List):252, 4.53674
com.google.javascript.rhino.JSDocInfoBuilder#markText(java.lang.String,int,int,int,int):178, 4.535301194301548
com.google.javascript.rhino.JSDocInfoBuilder#markText(java.lang.String,int,int,int,int):185, 4.535301194301548
com.google.javascript.rhino.JSDocInfoBuilder#markText(java.lang.String,int,int,int,int):179, 4.53509
com.google.javascript.rhino.JSDocInfoBuilder#markText(java.lang.String,int,int,int,int):180, 4.53509
com.google.javascript.rhino.JSDocInfoBuilder#markText(java.lang.String,int,int,int,int):181, 4.53509
com.google.javascript.rhino.JSDocInfoBuilder#markText(java.lang.String,int,int,int,int):183, 4.53509
com.google.javascript.rhino.jstype.FunctionType#hasAnyTemplateTypesInternal():1271, 4.53400393127492
com.google.javascript.jscomp.TypedScopeCreator.AbstractScopeBuilder#finishConstructorDefinition(com.google.javascript.rhino.Node,java.lang.String,com.google.javascript.rhino.jstype.FunctionType,com.google.javascript.jscomp.Scope,com.google.javascript.jscomp.CompilerInput,com.google.javascript.jscomp.Scope.Var):1273, 4.53001847813826
com.google.javascript.jscomp.TypedScopeCreator.AbstractScopeBuilder#finishConstructorDefinition(com.google.javascript.rhino.Node,java.lang.String,com.google.javascript.rhino.jstype.FunctionType,com.google.javascript.jscomp.Scope,com.google.javascript.jscomp.CompilerInput,com.google.javascript.jscomp.Scope.Var):1253, 4.5300027767764135
com.google.javascript.jscomp.TypedScopeCreator.AbstractScopeBuilder#finishConstructorDefinition(com.google.javascript.rhino.Node,java.lang.String,com.google.javascript.rhino.jstype.FunctionType,com.google.javascript.jscomp.Scope,com.google.javascript.jscomp.CompilerInput,com.google.javascript.jscomp.Scope.Var):1254, 4.5300027767764135
com.google.javascript.jscomp.TypedScopeCreator.AbstractScopeBuilder#finishConstructorDefinition(com.google.javascript.rhino.Node,java.lang.String,com.google.javascript.rhino.jstype.FunctionType,com.google.javascript.jscomp.Scope,com.google.javascript.jscomp.CompilerInput,com.google.javascript.jscomp.Scope.Var):1264, 4.5300027767764135
com.google.javascript.jscomp.TypedScopeCreator.AbstractScopeBuilder#finishConstructorDefinition(com.google.javascript.rhino.Node,java.lang.String,com.google.javascript.rhino.jstype.FunctionType,com.google.javascript.jscomp.Scope,com.google.javascript.jscomp.CompilerInput,com.google.javascript.jscomp.Scope.Var):1266, 4.5300027767764135
com.google.javascript.jscomp.TypedScopeCreator.AbstractScopeBuilder#finishConstructorDefinition(com.google.javascript.rhino.Node,java.lang.String,com.google.javascript.rhino.jstype.FunctionType,com.google.javascript.jscomp.Scope,com.google.javascript.jscomp.CompilerInput,com.google.javascript.jscomp.Scope.Var):1271, 4.5300027767764135
com.google.javascript.jscomp.TypedScopeCreator.AbstractScopeBuilder#finishConstructorDefinition(com.google.javascript.rhino.Node,java.lang.String,com.google.javascript.rhino.jstype.FunctionType,com.google.javascript.jscomp.Scope,com.google.javascript.jscomp.CompilerInput,com.google.javascript.jscomp.Scope.Var):1272, 4.5300027767764135
com.google.javascript.jscomp.TypedScopeCreator.AbstractScopeBuilder#finishConstructorDefinition(com.google.javascript.rhino.Node,java.lang.String,com.google.javascript.rhino.jstype.FunctionType,com.google.javascript.jscomp.Scope,com.google.javascript.jscomp.CompilerInput,com.google.javascript.jscomp.Scope.Var):1276, 4.5300027767764135
com.google.javascript.jscomp.TypedScopeCreator.AbstractScopeBuilder#finishConstructorDefinition(com.google.javascript.rhino.Node,java.lang.String,com.google.javascript.rhino.jstype.FunctionType,com.google.javascript.jscomp.Scope,com.google.javascript.jscomp.CompilerInput,com.google.javascript.jscomp.Scope.Var):1285, 4.5300027767764135
com.google.javascript.jscomp.TypedScopeCreator.AbstractScopeBuilder#finishConstructorDefinition(com.google.javascript.rhino.Node,java.lang.String,com.google.javascript.rhino.jstype.FunctionType,com.google.javascript.jscomp.Scope,com.google.javascript.jscomp.CompilerInput,com.google.javascript.jscomp.Scope.Var):1293, 4.5300027767764135
com.google.javascript.jscomp.TypedScopeCreator.AbstractScopeBuilder#finishConstructorDefinition(com.google.javascript.rhino.Node,java.lang.String,com.google.javascript.rhino.jstype.FunctionType,com.google.javascript.jscomp.Scope,com.google.javascript.jscomp.CompilerInput,com.google.javascript.jscomp.Scope.Var):1287, 4.5298
com.google.javascript.jscomp.FunctionTypeBuilder#getOrCreateConstructor():749, 4.52696837392736
com.google.javascript.jscomp.FunctionTypeBuilder#getOrCreateConstructor():754, 4.52696837392736
com.google.javascript.jscomp.FunctionTypeBuilder#getOrCreateConstructor():755, 4.52696837392736
com.google.javascript.jscomp.FunctionTypeBuilder#getOrCreateConstructor():758, 4.52696837392736
com.google.javascript.jscomp.FunctionTypeBuilder#getOrCreateConstructor():763, 4.52696837392736
com.google.javascript.jscomp.FunctionTypeBuilder#getOrCreateConstructor():747, 4.526968269865439
com.google.javascript.jscomp.FunctionTypeBuilder#getOrCreateConstructor():748, 4.526968269865439
com.google.javascript.jscomp.FunctionTypeBuilder#getOrCreateConstructor():774, 4.526954379779828
com.google.javascript.jscomp.FunctionTypeBuilder#getOrCreateConstructor():771, 4.526954039146625
com.google.javascript.jscomp.FunctionTypeBuilder#getOrCreateConstructor():773, 4.526954039146625
com.google.javascript.jscomp.FunctionTypeBuilder#getOrCreateConstructor():776, 4.526954039146625
com.google.javascript.jscomp.FunctionTypeBuilder#getOrCreateConstructor():743, 4.526953657962625
com.google.javascript.jscomp.FunctionTypeBuilder#getOrCreateConstructor():736, 4.526953531375253
com.google.javascript.jscomp.FunctionTypeBuilder#getOrCreateConstructor():739, 4.526953531375253
com.google.javascript.jscomp.FunctionTypeBuilder#getOrCreateConstructor():741, 4.526953531375253
com.google.javascript.jscomp.FunctionTypeBuilder#getOrCreateConstructor():746, 4.526953531375253
com.google.javascript.jscomp.FunctionTypeBuilder#getOrCreateConstructor():742, 4.52675
com.google.javascript.jscomp.FunctionTypeBuilder#getOrCreateConstructor():744, 4.52675
com.google.javascript.jscomp.FunctionTypeBuilder#getOrCreateConstructor():759, 4.52675
com.google.javascript.jscomp.parsing.JsDocInfoParser#parseUnionTypeWithAlternate(com.google.javascript.jscomp.parsing.JsDocToken,com.google.javascript.rhino.Node):2125, 4.526574521160071
com.google.javascript.jscomp.parsing.JsDocInfoParser#parseUnionTypeWithAlternate(com.google.javascript.jscomp.parsing.JsDocToken,com.google.javascript.rhino.Node):2160, 4.52657305550073
com.google.javascript.jscomp.parsing.JsDocInfoParser#parseUnionTypeWithAlternate(com.google.javascript.jscomp.parsing.JsDocToken,com.google.javascript.rhino.Node):2153, 4.526573007161422
com.google.javascript.jscomp.parsing.JsDocInfoParser#parseUnionTypeWithAlternate(com.google.javascript.jscomp.parsing.JsDocToken,com.google.javascript.rhino.Node):2149, 4.526572862340672
com.google.javascript.jscomp.parsing.JsDocInfoParser#parseUnionTypeWithAlternate(com.google.javascript.jscomp.parsing.JsDocToken,com.google.javascript.rhino.Node):2151, 4.526572862340672
com.google.javascript.jscomp.parsing.JsDocInfoParser#parseUnionTypeWithAlternate(com.google.javascript.jscomp.parsing.JsDocToken,com.google.javascript.rhino.Node):2123, 4.5265727659574475
com.google.javascript.jscomp.parsing.JsDocInfoParser#parseUnionTypeWithAlternate(com.google.javascript.jscomp.parsing.JsDocToken,com.google.javascript.rhino.Node):2124, 4.5265727659574475
com.google.javascript.jscomp.parsing.JsDocInfoParser#parseUnionTypeWithAlternate(com.google.javascript.jscomp.parsing.JsDocToken,com.google.javascript.rhino.Node):2128, 4.5265727659574475
com.google.javascript.jscomp.parsing.JsDocInfoParser#parseUnionTypeWithAlternate(com.google.javascript.jscomp.parsing.JsDocToken,com.google.javascript.rhino.Node):2130, 4.5265727659574475
com.google.javascript.jscomp.parsing.JsDocInfoParser#parseUnionTypeWithAlternate(com.google.javascript.jscomp.parsing.JsDocToken,com.google.javascript.rhino.Node):2144, 4.5265727659574475
com.google.javascript.jscomp.parsing.JsDocInfoParser#parseUnionTypeWithAlternate(com.google.javascript.jscomp.parsing.JsDocToken,com.google.javascript.rhino.Node):2145, 4.5265727659574475
com.google.javascript.jscomp.parsing.JsDocInfoParser#parseUnionTypeWithAlternate(com.google.javascript.jscomp.parsing.JsDocToken,com.google.javascript.rhino.Node):2131, 4.52636
com.google.javascript.jscomp.parsing.JsDocInfoParser#parseUnionTypeWithAlternate(com.google.javascript.jscomp.parsing.JsDocToken,com.google.javascript.rhino.Node):2132, 4.52636
com.google.javascript.jscomp.parsing.JsDocInfoParser#parseUnionTypeWithAlternate(com.google.javascript.jscomp.parsing.JsDocToken,com.google.javascript.rhino.Node):2133, 4.52636
com.google.javascript.jscomp.parsing.JsDocInfoParser#parseUnionTypeWithAlternate(com.google.javascript.jscomp.parsing.JsDocToken,com.google.javascript.rhino.Node):2136, 4.52636
com.google.javascript.jscomp.parsing.JsDocInfoParser#parseUnionTypeWithAlternate(com.google.javascript.jscomp.parsing.JsDocToken,com.google.javascript.rhino.Node):2137, 4.52636
com.google.javascript.jscomp.parsing.JsDocInfoParser#parseUnionTypeWithAlternate(com.google.javascript.jscomp.parsing.JsDocToken,com.google.javascript.rhino.Node):2139, 4.52636
com.google.javascript.jscomp.parsing.JsDocInfoParser#parseUnionTypeWithAlternate(com.google.javascript.jscomp.parsing.JsDocToken,com.google.javascript.rhino.Node):2141, 4.52636
com.google.javascript.jscomp.parsing.JsDocInfoParser#parseUnionTypeWithAlternate(com.google.javascript.jscomp.parsing.JsDocToken,com.google.javascript.rhino.Node):2142, 4.52636
com.google.javascript.jscomp.parsing.JsDocInfoParser#parseUnionTypeWithAlternate(com.google.javascript.jscomp.parsing.JsDocToken,com.google.javascript.rhino.Node):2146, 4.52636
com.google.javascript.jscomp.parsing.JsDocInfoParser#parseUnionTypeWithAlternate(com.google.javascript.jscomp.parsing.JsDocToken,com.google.javascript.rhino.Node):2154, 4.52636
com.google.javascript.jscomp.parsing.JsDocInfoParser#parseUnionTypeWithAlternate(com.google.javascript.jscomp.parsing.JsDocToken,com.google.javascript.rhino.Node):2155, 4.52636
com.google.javascript.jscomp.parsing.JsDocInfoParser#parseUnionTypeWithAlternate(com.google.javascript.jscomp.parsing.JsDocToken,com.google.javascript.rhino.Node):2156, 4.52636
com.google.javascript.jscomp.parsing.JsDocInfoParser#parseUnionTypeWithAlternate(com.google.javascript.jscomp.parsing.JsDocToken,com.google.javascript.rhino.Node):2158, 4.52636
com.google.javascript.rhino.jstype.SimpleSlot#getType():71, 4.522421063434911
com.google.javascript.jscomp.TypedScopeCreator.AbstractScopeBuilder#defineSlot(com.google.javascript.rhino.Node,com.google.javascript.rhino.Node,com.google.javascript.rhino.jstype.JSType):1104, 4.522241565257044
com.google.javascript.jscomp.TypedScopeCreator.AbstractScopeBuilder#defineSlot(com.google.javascript.rhino.Node,com.google.javascript.rhino.Node,com.google.javascript.rhino.jstype.JSType):1105, 4.522241565257044
com.google.javascript.jscomp.FunctionTypeBuilder#inferFromOverriddenFunction(com.google.javascript.rhino.jstype.FunctionType,com.google.javascript.rhino.Node):273, 4.517875474701184
com.google.javascript.jscomp.FunctionTypeBuilder#inferFromOverriddenFunction(com.google.javascript.rhino.jstype.FunctionType,com.google.javascript.rhino.Node):274, 4.517875474701184
com.google.javascript.jscomp.FunctionTypeBuilder#inferFromOverriddenFunction(com.google.javascript.rhino.jstype.FunctionType,com.google.javascript.rhino.Node):275, 4.517875474701184
com.google.javascript.jscomp.FunctionTypeBuilder#inferFromOverriddenFunction(com.google.javascript.rhino.jstype.FunctionType,com.google.javascript.rhino.Node):277, 4.517875474701184
com.google.javascript.jscomp.FunctionTypeBuilder#inferFromOverriddenFunction(com.google.javascript.rhino.jstype.FunctionType,com.google.javascript.rhino.Node):283, 4.517875474701184
com.google.javascript.jscomp.FunctionTypeBuilder#inferFromOverriddenFunction(com.google.javascript.rhino.jstype.FunctionType,com.google.javascript.rhino.Node):287, 4.517875474701184
com.google.javascript.jscomp.FunctionTypeBuilder#inferFromOverriddenFunction(com.google.javascript.rhino.jstype.FunctionType,com.google.javascript.rhino.Node):266, 4.5178744500696215
com.google.javascript.jscomp.FunctionTypeBuilder#inferFromOverriddenFunction(com.google.javascript.rhino.jstype.FunctionType,com.google.javascript.rhino.Node):268, 4.5178744500696215
com.google.javascript.jscomp.FunctionTypeBuilder#inferFromOverriddenFunction(com.google.javascript.rhino.jstype.FunctionType,com.google.javascript.rhino.Node):269, 4.5178744500696215
com.google.javascript.jscomp.FunctionTypeBuilder#inferFromOverriddenFunction(com.google.javascript.rhino.jstype.FunctionType,com.google.javascript.rhino.Node):270, 4.5178744500696215
com.google.javascript.jscomp.FunctionTypeBuilder#inferFromOverriddenFunction(com.google.javascript.rhino.jstype.FunctionType,com.google.javascript.rhino.Node):271, 4.5178744500696215
com.google.javascript.jscomp.FunctionTypeBuilder#inferFromOverriddenFunction(com.google.javascript.rhino.jstype.FunctionType,com.google.javascript.rhino.Node):272, 4.5178744500696215
com.google.javascript.jscomp.FunctionTypeBuilder#inferFromOverriddenFunction(com.google.javascript.rhino.jstype.FunctionType,com.google.javascript.rhino.Node):300, 4.5178744500696215
com.google.javascript.jscomp.FunctionTypeBuilder#inferFromOverriddenFunction(com.google.javascript.rhino.jstype.FunctionType,com.google.javascript.rhino.Node):304, 4.5178744500696215
com.google.javascript.jscomp.FunctionTypeBuilder#inferFromOverriddenFunction(com.google.javascript.rhino.jstype.FunctionType,com.google.javascript.rhino.Node):255, 4.5178743370819126
com.google.javascript.jscomp.FunctionTypeBuilder#inferFromOverriddenFunction(com.google.javascript.rhino.jstype.FunctionType,com.google.javascript.rhino.Node):256, 4.5178743370819126
com.google.javascript.jscomp.FunctionTypeBuilder#inferFromOverriddenFunction(com.google.javascript.rhino.jstype.FunctionType,com.google.javascript.rhino.Node):257, 4.5178743370819126
com.google.javascript.jscomp.FunctionTypeBuilder#inferFromOverriddenFunction(com.google.javascript.rhino.jstype.FunctionType,com.google.javascript.rhino.Node):306, 4.5178743370819126
com.google.javascript.jscomp.FunctionTypeBuilder#inferFromOverriddenFunction(com.google.javascript.rhino.jstype.FunctionType,com.google.javascript.rhino.Node):251, 4.517841354707147
com.google.javascript.jscomp.FunctionTypeBuilder#inferFromOverriddenFunction(com.google.javascript.rhino.jstype.FunctionType,com.google.javascript.rhino.Node):252, 4.517841354707147
com.google.javascript.jscomp.FunctionTypeBuilder#inferFromOverriddenFunction(com.google.javascript.rhino.jstype.FunctionType,com.google.javascript.rhino.Node):259, 4.51765
com.google.javascript.jscomp.FunctionTypeBuilder#inferFromOverriddenFunction(com.google.javascript.rhino.jstype.FunctionType,com.google.javascript.rhino.Node):260, 4.51765
com.google.javascript.jscomp.FunctionTypeBuilder#inferFromOverriddenFunction(com.google.javascript.rhino.jstype.FunctionType,com.google.javascript.rhino.Node):261, 4.51765
com.google.javascript.jscomp.FunctionTypeBuilder#inferFromOverriddenFunction(com.google.javascript.rhino.jstype.FunctionType,com.google.javascript.rhino.Node):284, 4.51765
com.google.javascript.jscomp.FunctionTypeBuilder#inferFromOverriddenFunction(com.google.javascript.rhino.jstype.FunctionType,com.google.javascript.rhino.Node):285, 4.51765
com.google.javascript.jscomp.FunctionTypeBuilder#inferFromOverriddenFunction(com.google.javascript.rhino.jstype.FunctionType,com.google.javascript.rhino.Node):288, 4.51765
com.google.javascript.jscomp.FunctionTypeBuilder#inferFromOverriddenFunction(com.google.javascript.rhino.jstype.FunctionType,com.google.javascript.rhino.Node):301, 4.51765
com.google.javascript.jscomp.parsing.JsDocInfoParser#parseModifiesTag(com.google.javascript.jscomp.parsing.JsDocToken):1118, 4.514611477467219
com.google.javascript.jscomp.parsing.JsDocInfoParser#parseModifiesTag(com.google.javascript.jscomp.parsing.JsDocToken):1119, 4.514611477467219
com.google.javascript.jscomp.parsing.JsDocInfoParser#parseModifiesTag(com.google.javascript.jscomp.parsing.JsDocToken):1114, 4.514611382952145
com.google.javascript.jscomp.parsing.JsDocInfoParser#parseModifiesTag(com.google.javascript.jscomp.parsing.JsDocToken):1125, 4.514611382952145
com.google.javascript.jscomp.parsing.JsDocInfoParser#parseModifiesTag(com.google.javascript.jscomp.parsing.JsDocToken):1092, 4.514611335742105
com.google.javascript.jscomp.parsing.JsDocInfoParser#parseModifiesTag(com.google.javascript.jscomp.parsing.JsDocToken):1093, 4.514611335742105
com.google.javascript.jscomp.parsing.JsDocInfoParser#parseModifiesTag(com.google.javascript.jscomp.parsing.JsDocToken):1099, 4.514611335742105
com.google.javascript.jscomp.parsing.JsDocInfoParser#parseModifiesTag(com.google.javascript.jscomp.parsing.JsDocToken):1100, 4.514611335742105
com.google.javascript.jscomp.parsing.JsDocInfoParser#parseModifiesTag(com.google.javascript.jscomp.parsing.JsDocToken):1101, 4.514611335742105
com.google.javascript.jscomp.parsing.JsDocInfoParser#parseModifiesTag(com.google.javascript.jscomp.parsing.JsDocToken):1107, 4.514611335742105
com.google.javascript.jscomp.parsing.JsDocInfoParser#parseModifiesTag(com.google.javascript.jscomp.parsing.JsDocToken):1088, 4.514611241416842
com.google.javascript.jscomp.parsing.JsDocInfoParser#parseModifiesTag(com.google.javascript.jscomp.parsing.JsDocToken):1089, 4.514611241416842
com.google.javascript.jscomp.parsing.JsDocInfoParser#parseModifiesTag(com.google.javascript.jscomp.parsing.JsDocToken):1091, 4.514611241416842
com.google.javascript.jscomp.parsing.JsDocInfoParser#parseModifiesTag(com.google.javascript.jscomp.parsing.JsDocToken):1095, 4.5144
com.google.javascript.jscomp.parsing.JsDocInfoParser#parseModifiesTag(com.google.javascript.jscomp.parsing.JsDocToken):1102, 4.5144
com.google.javascript.jscomp.parsing.JsDocInfoParser#parseModifiesTag(com.google.javascript.jscomp.parsing.JsDocToken):1104, 4.5144
com.google.javascript.jscomp.parsing.JsDocInfoParser#parseModifiesTag(com.google.javascript.jscomp.parsing.JsDocToken):1108, 4.5144
com.google.javascript.jscomp.parsing.JsDocInfoParser#parseModifiesTag(com.google.javascript.jscomp.parsing.JsDocToken):1115, 4.5144
com.google.javascript.jscomp.parsing.JsDocInfoParser#parseModifiesTag(com.google.javascript.jscomp.parsing.JsDocToken):1120, 4.5144
com.google.javascript.jscomp.parsing.ParserRunner#parse(com.google.javascript.rhino.jstype.StaticSourceFile,java.lang.String,com.google.javascript.jscomp.parsing.Config,com.google.javascript.rhino.head.ErrorReporter,java.util.logging.Logger):150, 4.512999728285653
com.google.javascript.jscomp.parsing.ParserRunner#parse(com.google.javascript.rhino.jstype.StaticSourceFile,java.lang.String,com.google.javascript.jscomp.parsing.Config,com.google.javascript.rhino.head.ErrorReporter,java.util.logging.Logger):152, 4.512999728285653
com.google.javascript.jscomp.parsing.ParserRunner#parse(com.google.javascript.rhino.jstype.StaticSourceFile,java.lang.String,com.google.javascript.jscomp.parsing.Config,com.google.javascript.rhino.head.ErrorReporter,java.util.logging.Logger):117, 4.512999539939288
com.google.javascript.jscomp.parsing.ParserRunner#parse(com.google.javascript.rhino.jstype.StaticSourceFile,java.lang.String,com.google.javascript.jscomp.parsing.Config,com.google.javascript.rhino.head.ErrorReporter,java.util.logging.Logger):118, 4.512999539939288
com.google.javascript.jscomp.parsing.ParserRunner#parse(com.google.javascript.rhino.jstype.StaticSourceFile,java.lang.String,com.google.javascript.jscomp.parsing.Config,com.google.javascript.rhino.head.ErrorReporter,java.util.logging.Logger):119, 4.512999539939288
com.google.javascript.jscomp.parsing.ParserRunner#parse(com.google.javascript.rhino.jstype.StaticSourceFile,java.lang.String,com.google.javascript.jscomp.parsing.Config,com.google.javascript.rhino.head.ErrorReporter,java.util.logging.Logger):120, 4.512999539939288
com.google.javascript.jscomp.parsing.ParserRunner#parse(com.google.javascript.rhino.jstype.StaticSourceFile,java.lang.String,com.google.javascript.jscomp.parsing.Config,com.google.javascript.rhino.head.ErrorReporter,java.util.logging.Logger):121, 4.512999539939288
com.google.javascript.jscomp.parsing.ParserRunner#parse(com.google.javascript.rhino.jstype.StaticSourceFile,java.lang.String,com.google.javascript.jscomp.parsing.Config,com.google.javascript.rhino.head.ErrorReporter,java.util.logging.Logger):122, 4.512999539939288
com.google.javascript.jscomp.parsing.ParserRunner#parse(com.google.javascript.rhino.jstype.StaticSourceFile,java.lang.String,com.google.javascript.jscomp.parsing.Config,com.google.javascript.rhino.head.ErrorReporter,java.util.logging.Logger):123, 4.512999539939288
com.google.javascript.jscomp.parsing.ParserRunner#parse(com.google.javascript.rhino.jstype.StaticSourceFile,java.lang.String,com.google.javascript.jscomp.parsing.Config,com.google.javascript.rhino.head.ErrorReporter,java.util.logging.Logger):126, 4.512999539939288
com.google.javascript.jscomp.parsing.ParserRunner#parse(com.google.javascript.rhino.jstype.StaticSourceFile,java.lang.String,com.google.javascript.jscomp.parsing.Config,com.google.javascript.rhino.head.ErrorReporter,java.util.logging.Logger):130, 4.512999539939288
com.google.javascript.jscomp.parsing.ParserRunner#parse(com.google.javascript.rhino.jstype.StaticSourceFile,java.lang.String,com.google.javascript.jscomp.parsing.Config,com.google.javascript.rhino.head.ErrorReporter,java.util.logging.Logger):132, 4.512999539939288
com.google.javascript.jscomp.parsing.ParserRunner#parse(com.google.javascript.rhino.jstype.StaticSourceFile,java.lang.String,com.google.javascript.jscomp.parsing.Config,com.google.javascript.rhino.head.ErrorReporter,java.util.logging.Logger):134, 4.512999539939288
com.google.javascript.jscomp.parsing.ParserRunner#parse(com.google.javascript.rhino.jstype.StaticSourceFile,java.lang.String,com.google.javascript.jscomp.parsing.Config,com.google.javascript.rhino.head.ErrorReporter,java.util.logging.Logger):135, 4.512999539939288
com.google.javascript.jscomp.parsing.ParserRunner#parse(com.google.javascript.rhino.jstype.StaticSourceFile,java.lang.String,com.google.javascript.jscomp.parsing.Config,com.google.javascript.rhino.head.ErrorReporter,java.util.logging.Logger):136, 4.512999539939288
com.google.javascript.jscomp.parsing.ParserRunner#parse(com.google.javascript.rhino.jstype.StaticSourceFile,java.lang.String,com.google.javascript.jscomp.parsing.Config,com.google.javascript.rhino.head.ErrorReporter,java.util.logging.Logger):138, 4.512999539939288
com.google.javascript.jscomp.parsing.ParserRunner#parse(com.google.javascript.rhino.jstype.StaticSourceFile,java.lang.String,com.google.javascript.jscomp.parsing.Config,com.google.javascript.rhino.head.ErrorReporter,java.util.logging.Logger):139, 4.512999539939288
com.google.javascript.jscomp.parsing.ParserRunner#parse(com.google.javascript.rhino.jstype.StaticSourceFile,java.lang.String,com.google.javascript.jscomp.parsing.Config,com.google.javascript.rhino.head.ErrorReporter,java.util.logging.Logger):141, 4.512999539939288
com.google.javascript.jscomp.parsing.ParserRunner#parse(com.google.javascript.rhino.jstype.StaticSourceFile,java.lang.String,com.google.javascript.jscomp.parsing.Config,com.google.javascript.rhino.head.ErrorReporter,java.util.logging.Logger):146, 4.512999539939288
com.google.javascript.jscomp.parsing.ParserRunner#parse(com.google.javascript.rhino.jstype.StaticSourceFile,java.lang.String,com.google.javascript.jscomp.parsing.Config,com.google.javascript.rhino.head.ErrorReporter,java.util.logging.Logger):147, 4.512999539939288
com.google.javascript.jscomp.parsing.ParserRunner#parse(com.google.javascript.rhino.jstype.StaticSourceFile,java.lang.String,com.google.javascript.jscomp.parsing.Config,com.google.javascript.rhino.head.ErrorReporter,java.util.logging.Logger):148, 4.512999539939288
com.google.javascript.jscomp.parsing.ParserRunner#parse(com.google.javascript.rhino.jstype.StaticSourceFile,java.lang.String,com.google.javascript.jscomp.parsing.Config,com.google.javascript.rhino.head.ErrorReporter,java.util.logging.Logger):149, 4.512999539939288
com.google.javascript.jscomp.parsing.ParserRunner#parse(com.google.javascript.rhino.jstype.StaticSourceFile,java.lang.String,com.google.javascript.jscomp.parsing.Config,com.google.javascript.rhino.head.ErrorReporter,java.util.logging.Logger):154, 4.512999539939288
com.google.javascript.jscomp.parsing.ParserRunner#parse(com.google.javascript.rhino.jstype.StaticSourceFile,java.lang.String,com.google.javascript.jscomp.parsing.Config,com.google.javascript.rhino.head.ErrorReporter,java.util.logging.Logger):142, 4.51288
com.google.javascript.jscomp.parsing.ParserRunner#parse(com.google.javascript.rhino.jstype.StaticSourceFile,java.lang.String,com.google.javascript.jscomp.parsing.Config,com.google.javascript.rhino.head.ErrorReporter,java.util.logging.Logger):143, 4.51288
com.google.javascript.rhino.Node#setOptionalArg(boolean):1923, 4.512600560705542
com.google.javascript.rhino.Node#setOptionalArg(boolean):1924, 4.512600560705542
com.google.javascript.jscomp.TypeCheck#checkDeclaredPropertyInheritance(com.google.javascript.jscomp.NodeTraversal,com.google.javascript.rhino.Node,com.google.javascript.rhino.jstype.FunctionType,java.lang.String,com.google.javascript.rhino.JSDocInfo,com.google.javascript.rhino.jstype.JSType):1257, 4.512651194301547
com.google.javascript.jscomp.TypeCheck#checkDeclaredPropertyInheritance(com.google.javascript.jscomp.NodeTraversal,com.google.javascript.rhino.Node,com.google.javascript.rhino.jstype.FunctionType,java.lang.String,com.google.javascript.rhino.JSDocInfo,com.google.javascript.rhino.jstype.JSType):1228, 4.51265110016546
com.google.javascript.jscomp.TypeCheck#checkDeclaredPropertyInheritance(com.google.javascript.jscomp.NodeTraversal,com.google.javascript.rhino.Node,com.google.javascript.rhino.jstype.FunctionType,java.lang.String,com.google.javascript.rhino.JSDocInfo,com.google.javascript.rhino.jstype.JSType):1204, 4.512650865374858
com.google.javascript.jscomp.TypeCheck#checkDeclaredPropertyInheritance(com.google.javascript.jscomp.NodeTraversal,com.google.javascript.rhino.Node,com.google.javascript.rhino.jstype.FunctionType,java.lang.String,com.google.javascript.rhino.JSDocInfo,com.google.javascript.rhino.jstype.JSType):1205, 4.512650865374858
com.google.javascript.jscomp.TypeCheck#checkDeclaredPropertyInheritance(com.google.javascript.jscomp.NodeTraversal,com.google.javascript.rhino.Node,com.google.javascript.rhino.jstype.FunctionType,java.lang.String,com.google.javascript.rhino.JSDocInfo,com.google.javascript.rhino.jstype.JSType):1207, 4.512650865374858
com.google.javascript.jscomp.TypeCheck#checkDeclaredPropertyInheritance(com.google.javascript.jscomp.NodeTraversal,com.google.javascript.rhino.Node,com.google.javascript.rhino.jstype.FunctionType,java.lang.String,com.google.javascript.rhino.JSDocInfo,com.google.javascript.rhino.jstype.JSType):1211, 4.512650865374858
com.google.javascript.jscomp.TypeCheck#checkDeclaredPropertyInheritance(com.google.javascript.jscomp.NodeTraversal,com.google.javascript.rhino.Node,com.google.javascript.rhino.jstype.FunctionType,java.lang.String,com.google.javascript.rhino.JSDocInfo,com.google.javascript.rhino.jstype.JSType):1212, 4.512650865374858
com.google.javascript.jscomp.TypeCheck#checkDeclaredPropertyInheritance(com.google.javascript.jscomp.NodeTraversal,com.google.javascript.rhino.Node,com.google.javascript.rhino.jstype.FunctionType,java.lang.String,com.google.javascript.rhino.JSDocInfo,com.google.javascript.rhino.jstype.JSType):1213, 4.512650865374858
com.google.javascript.jscomp.TypeCheck#checkDeclaredPropertyInheritance(com.google.javascript.jscomp.NodeTraversal,com.google.javascript.rhino.Node,com.google.javascript.rhino.jstype.FunctionType,java.lang.String,com.google.javascript.rhino.JSDocInfo,com.google.javascript.rhino.jstype.JSType):1223, 4.512650865374858
com.google.javascript.jscomp.TypeCheck#checkDeclaredPropertyInheritance(com.google.javascript.jscomp.NodeTraversal,com.google.javascript.rhino.Node,com.google.javascript.rhino.jstype.FunctionType,java.lang.String,com.google.javascript.rhino.JSDocInfo,com.google.javascript.rhino.jstype.JSType):1225, 4.512650865374858
com.google.javascript.jscomp.TypeCheck#checkDeclaredPropertyInheritance(com.google.javascript.jscomp.NodeTraversal,com.google.javascript.rhino.Node,com.google.javascript.rhino.jstype.FunctionType,java.lang.String,com.google.javascript.rhino.JSDocInfo,com.google.javascript.rhino.jstype.JSType):1226, 4.512650865374858
com.google.javascript.jscomp.TypeCheck#checkDeclaredPropertyInheritance(com.google.javascript.jscomp.NodeTraversal,com.google.javascript.rhino.Node,com.google.javascript.rhino.jstype.FunctionType,java.lang.String,com.google.javascript.rhino.JSDocInfo,com.google.javascript.rhino.jstype.JSType):1253, 4.512650865374858
com.google.javascript.jscomp.TypeCheck#checkDeclaredPropertyInheritance(com.google.javascript.jscomp.NodeTraversal,com.google.javascript.rhino.Node,com.google.javascript.rhino.jstype.FunctionType,java.lang.String,com.google.javascript.rhino.JSDocInfo,com.google.javascript.rhino.jstype.JSType):1200, 4.51265077167773
com.google.javascript.jscomp.TypeCheck#checkDeclaredPropertyInheritance(com.google.javascript.jscomp.NodeTraversal,com.google.javascript.rhino.Node,com.google.javascript.rhino.jstype.FunctionType,java.lang.String,com.google.javascript.rhino.JSDocInfo,com.google.javascript.rhino.jstype.JSType):1201, 4.51244
com.google.javascript.jscomp.TypeCheck#checkDeclaredPropertyInheritance(com.google.javascript.jscomp.NodeTraversal,com.google.javascript.rhino.Node,com.google.javascript.rhino.jstype.FunctionType,java.lang.String,com.google.javascript.rhino.JSDocInfo,com.google.javascript.rhino.jstype.JSType):1214, 4.51244
com.google.javascript.jscomp.TypeCheck#checkDeclaredPropertyInheritance(com.google.javascript.jscomp.NodeTraversal,com.google.javascript.rhino.Node,com.google.javascript.rhino.jstype.FunctionType,java.lang.String,com.google.javascript.rhino.JSDocInfo,com.google.javascript.rhino.jstype.JSType):1215, 4.51244
com.google.javascript.jscomp.TypeCheck#checkDeclaredPropertyInheritance(com.google.javascript.jscomp.NodeTraversal,com.google.javascript.rhino.Node,com.google.javascript.rhino.jstype.FunctionType,java.lang.String,com.google.javascript.rhino.JSDocInfo,com.google.javascript.rhino.jstype.JSType):1218, 4.51244
com.google.javascript.jscomp.TypeCheck#checkDeclaredPropertyInheritance(com.google.javascript.jscomp.NodeTraversal,com.google.javascript.rhino.Node,com.google.javascript.rhino.jstype.FunctionType,java.lang.String,com.google.javascript.rhino.JSDocInfo,com.google.javascript.rhino.jstype.JSType):1221, 4.51244
com.google.javascript.jscomp.TypeCheck#checkDeclaredPropertyInheritance(com.google.javascript.jscomp.NodeTraversal,com.google.javascript.rhino.Node,com.google.javascript.rhino.jstype.FunctionType,java.lang.String,com.google.javascript.rhino.JSDocInfo,com.google.javascript.rhino.jstype.JSType):1229, 4.51244
com.google.javascript.jscomp.TypeCheck#checkDeclaredPropertyInheritance(com.google.javascript.jscomp.NodeTraversal,com.google.javascript.rhino.Node,com.google.javascript.rhino.jstype.FunctionType,java.lang.String,com.google.javascript.rhino.JSDocInfo,com.google.javascript.rhino.jstype.JSType):1231, 4.51244
com.google.javascript.jscomp.TypeCheck#checkDeclaredPropertyInheritance(com.google.javascript.jscomp.NodeTraversal,com.google.javascript.rhino.Node,com.google.javascript.rhino.jstype.FunctionType,java.lang.String,com.google.javascript.rhino.JSDocInfo,com.google.javascript.rhino.jstype.JSType):1233, 4.51244
com.google.javascript.jscomp.TypeCheck#checkDeclaredPropertyInheritance(com.google.javascript.jscomp.NodeTraversal,com.google.javascript.rhino.Node,com.google.javascript.rhino.jstype.FunctionType,java.lang.String,com.google.javascript.rhino.JSDocInfo,com.google.javascript.rhino.jstype.JSType):1235, 4.51244
com.google.javascript.jscomp.TypeCheck#checkDeclaredPropertyInheritance(com.google.javascript.jscomp.NodeTraversal,com.google.javascript.rhino.Node,com.google.javascript.rhino.jstype.FunctionType,java.lang.String,com.google.javascript.rhino.JSDocInfo,com.google.javascript.rhino.jstype.JSType):1237, 4.51244
com.google.javascript.jscomp.TypeCheck#checkDeclaredPropertyInheritance(com.google.javascript.jscomp.NodeTraversal,com.google.javascript.rhino.Node,com.google.javascript.rhino.jstype.FunctionType,java.lang.String,com.google.javascript.rhino.JSDocInfo,com.google.javascript.rhino.jstype.JSType):1239, 4.51244
com.google.javascript.jscomp.TypeCheck#checkDeclaredPropertyInheritance(com.google.javascript.jscomp.NodeTraversal,com.google.javascript.rhino.Node,com.google.javascript.rhino.jstype.FunctionType,java.lang.String,com.google.javascript.rhino.JSDocInfo,com.google.javascript.rhino.jstype.JSType):1241, 4.51244
com.google.javascript.jscomp.TypeCheck#checkDeclaredPropertyInheritance(com.google.javascript.jscomp.NodeTraversal,com.google.javascript.rhino.Node,com.google.javascript.rhino.jstype.FunctionType,java.lang.String,com.google.javascript.rhino.JSDocInfo,com.google.javascript.rhino.jstype.JSType):1246, 4.51244
com.google.javascript.jscomp.TypeCheck#checkDeclaredPropertyInheritance(com.google.javascript.jscomp.NodeTraversal,com.google.javascript.rhino.Node,com.google.javascript.rhino.jstype.FunctionType,java.lang.String,com.google.javascript.rhino.JSDocInfo,com.google.javascript.rhino.jstype.JSType):1250, 4.51244
com.google.javascript.jscomp.TypeCheck#checkDeclaredPropertyInheritance(com.google.javascript.jscomp.NodeTraversal,com.google.javascript.rhino.Node,com.google.javascript.rhino.jstype.FunctionType,java.lang.String,com.google.javascript.rhino.JSDocInfo,com.google.javascript.rhino.jstype.JSType):1260, 4.51244
com.google.javascript.jscomp.TypeCheck#checkDeclaredPropertyInheritance(com.google.javascript.jscomp.NodeTraversal,com.google.javascript.rhino.Node,com.google.javascript.rhino.jstype.FunctionType,java.lang.String,com.google.javascript.rhino.JSDocInfo,com.google.javascript.rhino.jstype.JSType):1262, 4.51244
com.google.javascript.jscomp.TypeCheck#checkDeclaredPropertyInheritance(com.google.javascript.jscomp.NodeTraversal,com.google.javascript.rhino.Node,com.google.javascript.rhino.jstype.FunctionType,java.lang.String,com.google.javascript.rhino.JSDocInfo,com.google.javascript.rhino.jstype.JSType):1266, 4.51244
com.google.javascript.jscomp.TypeCheck#checkDeclaredPropertyInheritance(com.google.javascript.jscomp.NodeTraversal,com.google.javascript.rhino.Node,com.google.javascript.rhino.jstype.FunctionType,java.lang.String,com.google.javascript.rhino.JSDocInfo,com.google.javascript.rhino.jstype.JSType):1272, 4.51244
com.google.javascript.jscomp.TypeCheck#checkDeclaredPropertyInheritance(com.google.javascript.jscomp.NodeTraversal,com.google.javascript.rhino.Node,com.google.javascript.rhino.jstype.FunctionType,java.lang.String,com.google.javascript.rhino.JSDocInfo,com.google.javascript.rhino.jstype.JSType):1278, 4.51244
com.google.javascript.jscomp.TypeCheck#checkDeclaredPropertyInheritance(com.google.javascript.jscomp.NodeTraversal,com.google.javascript.rhino.Node,com.google.javascript.rhino.jstype.FunctionType,java.lang.String,com.google.javascript.rhino.JSDocInfo,com.google.javascript.rhino.jstype.JSType):1280, 4.51244
com.google.javascript.jscomp.TypeCheck#checkDeclaredPropertyInheritance(com.google.javascript.jscomp.NodeTraversal,com.google.javascript.rhino.Node,com.google.javascript.rhino.jstype.FunctionType,java.lang.String,com.google.javascript.rhino.JSDocInfo,com.google.javascript.rhino.jstype.JSType):1282, 4.51244
com.google.javascript.jscomp.TypeCheck#checkDeclaredPropertyInheritance(com.google.javascript.jscomp.NodeTraversal,com.google.javascript.rhino.Node,com.google.javascript.rhino.jstype.FunctionType,java.lang.String,com.google.javascript.rhino.JSDocInfo,com.google.javascript.rhino.jstype.JSType):1284, 4.51244
com.google.javascript.jscomp.TypeCheck#checkDeclaredPropertyInheritance(com.google.javascript.jscomp.NodeTraversal,com.google.javascript.rhino.Node,com.google.javascript.rhino.jstype.FunctionType,java.lang.String,com.google.javascript.rhino.JSDocInfo,com.google.javascript.rhino.jstype.JSType):1285, 4.51244
com.google.javascript.jscomp.TypeCheck#checkDeclaredPropertyInheritance(com.google.javascript.jscomp.NodeTraversal,com.google.javascript.rhino.Node,com.google.javascript.rhino.jstype.FunctionType,java.lang.String,com.google.javascript.rhino.JSDocInfo,com.google.javascript.rhino.jstype.JSType):1289, 4.51244
com.google.javascript.jscomp.TypeCheck#checkDeclaredPropertyInheritance(com.google.javascript.jscomp.NodeTraversal,com.google.javascript.rhino.Node,com.google.javascript.rhino.jstype.FunctionType,java.lang.String,com.google.javascript.rhino.JSDocInfo,com.google.javascript.rhino.jstype.JSType):1290, 4.51244
com.google.javascript.jscomp.TypeCheck#checkDeclaredPropertyInheritance(com.google.javascript.jscomp.NodeTraversal,com.google.javascript.rhino.Node,com.google.javascript.rhino.jstype.FunctionType,java.lang.String,com.google.javascript.rhino.JSDocInfo,com.google.javascript.rhino.jstype.JSType):1295, 4.51244
com.google.javascript.jscomp.TypeCheck#checkDeclaredPropertyInheritance(com.google.javascript.jscomp.NodeTraversal,com.google.javascript.rhino.Node,com.google.javascript.rhino.jstype.FunctionType,java.lang.String,com.google.javascript.rhino.JSDocInfo,com.google.javascript.rhino.jstype.JSType):1297, 4.51244
com.google.javascript.jscomp.TypeCheck#checkDeclaredPropertyInheritance(com.google.javascript.jscomp.NodeTraversal,com.google.javascript.rhino.Node,com.google.javascript.rhino.jstype.FunctionType,java.lang.String,com.google.javascript.rhino.JSDocInfo,com.google.javascript.rhino.jstype.JSType):1298, 4.51244
com.google.javascript.jscomp.TypeCheck#checkDeclaredPropertyInheritance(com.google.javascript.jscomp.NodeTraversal,com.google.javascript.rhino.Node,com.google.javascript.rhino.jstype.FunctionType,java.lang.String,com.google.javascript.rhino.JSDocInfo,com.google.javascript.rhino.jstype.JSType):1299, 4.51244
com.google.javascript.jscomp.TypeCheck#checkDeclaredPropertyInheritance(com.google.javascript.jscomp.NodeTraversal,com.google.javascript.rhino.Node,com.google.javascript.rhino.jstype.FunctionType,java.lang.String,com.google.javascript.rhino.JSDocInfo,com.google.javascript.rhino.jstype.JSType):1301, 4.51244
com.google.javascript.jscomp.TypeCheck#checkDeclaredPropertyInheritance(com.google.javascript.jscomp.NodeTraversal,com.google.javascript.rhino.Node,com.google.javascript.rhino.jstype.FunctionType,java.lang.String,com.google.javascript.rhino.JSDocInfo,com.google.javascript.rhino.jstype.JSType):1302, 4.51244
com.google.javascript.jscomp.TypeCheck#checkDeclaredPropertyInheritance(com.google.javascript.jscomp.NodeTraversal,com.google.javascript.rhino.Node,com.google.javascript.rhino.jstype.FunctionType,java.lang.String,com.google.javascript.rhino.JSDocInfo,com.google.javascript.rhino.jstype.JSType):1304, 4.51244
com.google.javascript.jscomp.TypeCheck#checkDeclaredPropertyInheritance(com.google.javascript.jscomp.NodeTraversal,com.google.javascript.rhino.Node,com.google.javascript.rhino.jstype.FunctionType,java.lang.String,com.google.javascript.rhino.JSDocInfo,com.google.javascript.rhino.jstype.JSType):1311, 4.51244
com.google.javascript.jscomp.TypeCheck#checkDeclaredPropertyInheritance(com.google.javascript.jscomp.NodeTraversal,com.google.javascript.rhino.Node,com.google.javascript.rhino.jstype.FunctionType,java.lang.String,com.google.javascript.rhino.JSDocInfo,com.google.javascript.rhino.jstype.JSType):1312, 4.51244
com.google.javascript.jscomp.TypeCheck#checkDeclaredPropertyInheritance(com.google.javascript.jscomp.NodeTraversal,com.google.javascript.rhino.Node,com.google.javascript.rhino.jstype.FunctionType,java.lang.String,com.google.javascript.rhino.JSDocInfo,com.google.javascript.rhino.jstype.JSType):1316, 4.51244
com.google.javascript.jscomp.TypeCheck#checkDeclaredPropertyInheritance(com.google.javascript.jscomp.NodeTraversal,com.google.javascript.rhino.Node,com.google.javascript.rhino.jstype.FunctionType,java.lang.String,com.google.javascript.rhino.JSDocInfo,com.google.javascript.rhino.jstype.JSType):1320, 4.51244
com.google.javascript.jscomp.TypeCheck#hasUnknownOrEmptySupertype(com.google.javascript.rhino.jstype.FunctionType):1342, 4.511660912270305
com.google.javascript.jscomp.TypeCheck#hasUnknownOrEmptySupertype(com.google.javascript.rhino.jstype.FunctionType):1343, 4.511660912270305
com.google.javascript.jscomp.TypeCheck#hasUnknownOrEmptySupertype(com.google.javascript.rhino.jstype.FunctionType):1346, 4.511660912270305
com.google.javascript.jscomp.TypeCheck#hasUnknownOrEmptySupertype(com.google.javascript.rhino.jstype.FunctionType):1347, 4.511660912270305
com.google.javascript.jscomp.TypeCheck#hasUnknownOrEmptySupertype(com.google.javascript.rhino.jstype.FunctionType):1336, 4.511660865374858
com.google.javascript.jscomp.TypeCheck#hasUnknownOrEmptySupertype(com.google.javascript.rhino.jstype.FunctionType):1338, 4.511660818510678
com.google.javascript.jscomp.TypeCheck#hasUnknownOrEmptySupertype(com.google.javascript.rhino.jstype.FunctionType):1327, 4.511660771677731
com.google.javascript.jscomp.TypeCheck#hasUnknownOrEmptySupertype(com.google.javascript.rhino.jstype.FunctionType):1328, 4.511660771677731
com.google.javascript.jscomp.TypeCheck#hasUnknownOrEmptySupertype(com.google.javascript.rhino.jstype.FunctionType):1333, 4.511660771677731
com.google.javascript.jscomp.TypeCheck#hasUnknownOrEmptySupertype(com.google.javascript.rhino.jstype.FunctionType):1335, 4.511660771677731
com.google.javascript.jscomp.TypeCheck#hasUnknownOrEmptySupertype(com.google.javascript.rhino.jstype.FunctionType):1340, 4.51145
com.google.javascript.jscomp.TypeCheck#hasUnknownOrEmptySupertype(com.google.javascript.rhino.jstype.FunctionType):1344, 4.51145
com.google.javascript.jscomp.FunctionTypeBuilder#addParameter(com.google.javascript.rhino.jstype.FunctionParamBuilder,com.google.javascript.rhino.jstype.JSType,boolean,boolean,boolean):630, 4.511307083747527
com.google.javascript.jscomp.FunctionTypeBuilder#addParameter(com.google.javascript.rhino.jstype.FunctionParamBuilder,com.google.javascript.rhino.jstype.JSType,boolean,boolean,boolean):625, 4.511304176468439
com.google.javascript.jscomp.FunctionTypeBuilder#addParameter(com.google.javascript.rhino.jstype.FunctionParamBuilder,com.google.javascript.rhino.jstype.JSType,boolean,boolean,boolean):635, 4.511296416046251
com.google.javascript.jscomp.FunctionTypeBuilder#addParameter(com.google.javascript.rhino.jstype.FunctionParamBuilder,com.google.javascript.rhino.jstype.JSType,boolean,boolean,boolean):629, 4.511295498734132
com.google.javascript.jscomp.FunctionTypeBuilder#addParameter(com.google.javascript.rhino.jstype.FunctionParamBuilder,com.google.javascript.rhino.jstype.JSType,boolean,boolean,boolean):620, 4.51129493696596
com.google.javascript.jscomp.FunctionTypeBuilder#addParameter(com.google.javascript.rhino.jstype.FunctionParamBuilder,com.google.javascript.rhino.jstype.JSType,boolean,boolean,boolean):621, 4.51129493696596
com.google.javascript.jscomp.FunctionTypeBuilder#addParameter(com.google.javascript.rhino.jstype.FunctionParamBuilder,com.google.javascript.rhino.jstype.JSType,boolean,boolean,boolean):646, 4.51129493696596
com.google.javascript.jscomp.FunctionTypeBuilder#addParameter(com.google.javascript.rhino.jstype.FunctionParamBuilder,com.google.javascript.rhino.jstype.JSType,boolean,boolean,boolean):626, 4.51109
com.google.javascript.jscomp.FunctionTypeBuilder#addParameter(com.google.javascript.rhino.jstype.FunctionParamBuilder,com.google.javascript.rhino.jstype.JSType,boolean,boolean,boolean):627, 4.51109
com.google.javascript.jscomp.FunctionTypeBuilder#addParameter(com.google.javascript.rhino.jstype.FunctionParamBuilder,com.google.javascript.rhino.jstype.JSType,boolean,boolean,boolean):631, 4.51109
com.google.javascript.jscomp.FunctionTypeBuilder#addParameter(com.google.javascript.rhino.jstype.FunctionParamBuilder,com.google.javascript.rhino.jstype.JSType,boolean,boolean,boolean):632, 4.51109
com.google.javascript.jscomp.FunctionTypeBuilder#addParameter(com.google.javascript.rhino.jstype.FunctionParamBuilder,com.google.javascript.rhino.jstype.JSType,boolean,boolean,boolean):638, 4.51109
com.google.javascript.jscomp.FunctionTypeBuilder#addParameter(com.google.javascript.rhino.jstype.FunctionParamBuilder,com.google.javascript.rhino.jstype.JSType,boolean,boolean,boolean):639, 4.51109
com.google.javascript.jscomp.FunctionTypeBuilder#addParameter(com.google.javascript.rhino.jstype.FunctionParamBuilder,com.google.javascript.rhino.jstype.JSType,boolean,boolean,boolean):641, 4.51109
com.google.javascript.jscomp.FunctionTypeBuilder#addParameter(com.google.javascript.rhino.jstype.FunctionParamBuilder,com.google.javascript.rhino.jstype.JSType,boolean,boolean,boolean):643, 4.51109
com.google.javascript.jscomp.TypedScopeCreator.AbstractScopeBuilder#getDeclaredTypeInAnnotation(com.google.javascript.rhino.Node,com.google.javascript.rhino.JSDocInfo):730, 4.511310755392844
com.google.javascript.jscomp.TypedScopeCreator.AbstractScopeBuilder#getDeclaredTypeInAnnotation(com.google.javascript.rhino.Node,com.google.javascript.rhino.JSDocInfo):736, 4.511310755392844
com.google.javascript.jscomp.TypedScopeCreator.AbstractScopeBuilder#getDeclaredTypeInAnnotation(com.google.javascript.rhino.Node,com.google.javascript.rhino.JSDocInfo):723, 4.511307032614857
com.google.javascript.jscomp.TypedScopeCreator.AbstractScopeBuilder#getDeclaredTypeInAnnotation(com.google.javascript.rhino.Node,com.google.javascript.rhino.JSDocInfo):720, 4.511304323989845
com.google.javascript.jscomp.TypedScopeCreator.AbstractScopeBuilder#getDeclaredTypeInAnnotation(com.google.javascript.rhino.Node,com.google.javascript.rhino.JSDocInfo):722, 4.511304323989845
com.google.javascript.jscomp.TypedScopeCreator.AbstractScopeBuilder#getDeclaredTypeInAnnotation(com.google.javascript.rhino.Node,com.google.javascript.rhino.JSDocInfo):718, 4.511303735725268
com.google.javascript.jscomp.TypedScopeCreator.AbstractScopeBuilder#getDeclaredTypeInAnnotation(com.google.javascript.rhino.Node,com.google.javascript.rhino.JSDocInfo):719, 4.511303735725268
com.google.javascript.jscomp.TypedScopeCreator.AbstractScopeBuilder#getDeclaredTypeInAnnotation(com.google.javascript.rhino.Node,com.google.javascript.rhino.JSDocInfo):713, 4.511300351580956
com.google.javascript.jscomp.TypedScopeCreator.AbstractScopeBuilder#getDeclaredTypeInAnnotation(com.google.javascript.rhino.Node,com.google.javascript.rhino.JSDocInfo):714, 4.511300351580956
com.google.javascript.jscomp.TypedScopeCreator.AbstractScopeBuilder#getDeclaredTypeInAnnotation(com.google.javascript.rhino.Node,com.google.javascript.rhino.JSDocInfo):715, 4.511300351580956
com.google.javascript.jscomp.TypedScopeCreator.AbstractScopeBuilder#getDeclaredTypeInAnnotation(com.google.javascript.rhino.Node,com.google.javascript.rhino.JSDocInfo):716, 4.511300351580956
com.google.javascript.jscomp.TypedScopeCreator.AbstractScopeBuilder#getDeclaredTypeInAnnotation(com.google.javascript.rhino.Node,com.google.javascript.rhino.JSDocInfo):717, 4.511300351580956
com.google.javascript.jscomp.TypedScopeCreator.AbstractScopeBuilder#getDeclaredTypeInAnnotation(com.google.javascript.rhino.Node,com.google.javascript.rhino.JSDocInfo):729, 4.511300351580956
com.google.javascript.jscomp.TypedScopeCreator.AbstractScopeBuilder#getDeclaredTypeInAnnotation(com.google.javascript.rhino.Node,com.google.javascript.rhino.JSDocInfo):733, 4.511300351580956
com.google.javascript.jscomp.TypedScopeCreator.AbstractScopeBuilder#getDeclaredTypeInAnnotation(com.google.javascript.rhino.Node,com.google.javascript.rhino.JSDocInfo):735, 4.511300351580956
com.google.javascript.jscomp.TypedScopeCreator.AbstractScopeBuilder#getDeclaredTypeInAnnotation(com.google.javascript.rhino.Node,com.google.javascript.rhino.JSDocInfo):711, 4.511298333333333
com.google.javascript.jscomp.TypedScopeCreator.AbstractScopeBuilder#getDeclaredTypeInAnnotation(com.google.javascript.rhino.Node,com.google.javascript.rhino.JSDocInfo):738, 4.511298333333333
com.google.javascript.jscomp.TypedScopeCreator.AbstractScopeBuilder#getDeclaredTypeInAnnotation(com.google.javascript.rhino.Node,com.google.javascript.rhino.JSDocInfo):709, 4.5112846247360405
com.google.javascript.jscomp.TypedScopeCreator.AbstractScopeBuilder#getDeclaredTypeInAnnotation(com.google.javascript.rhino.Node,com.google.javascript.rhino.JSDocInfo):710, 4.5112846247360405
com.google.javascript.jscomp.TypedScopeCreator.AbstractScopeBuilder#getDeclaredTypeInAnnotation(com.google.javascript.rhino.Node,com.google.javascript.rhino.JSDocInfo):744, 4.5112846247360405
com.google.javascript.jscomp.TypedScopeCreator.AbstractScopeBuilder#getDeclaredTypeInAnnotation(com.google.javascript.rhino.Node,com.google.javascript.rhino.JSDocInfo):739, 4.51109
com.google.javascript.jscomp.TypedScopeCreator.AbstractScopeBuilder#getDeclaredTypeInAnnotation(com.google.javascript.rhino.Node,com.google.javascript.rhino.JSDocInfo):740, 4.51109
com.google.javascript.jscomp.GoogleCodingConvention#isOptionalParameter(com.google.javascript.rhino.Node):125, 4.511190959197053
com.google.javascript.rhino.jstype.TemplateType#visit(com.google.javascript.rhino.jstype.Visitor):80, 4.510027134916354
com.google.javascript.rhino.jstype.RecordTypeBuilder#build():91, 4.509220678105394
com.google.javascript.rhino.jstype.RecordTypeBuilder#build():95, 4.509220678105394
com.google.javascript.rhino.jstype.RecordTypeBuilder#build():92, 4.50901
com.google.javascript.rhino.jstype.RecordTypeBuilder#addProperty(java.lang.String,com.google.javascript.rhino.jstype.JSType,com.google.javascript.rhino.Node):77, 4.508980678105394
com.google.javascript.rhino.jstype.RecordTypeBuilder#addProperty(java.lang.String,com.google.javascript.rhino.jstype.JSType,com.google.javascript.rhino.Node):78, 4.508980678105394
com.google.javascript.rhino.jstype.RecordTypeBuilder#addProperty(java.lang.String,com.google.javascript.rhino.jstype.JSType,com.google.javascript.rhino.Node):81, 4.508980678105394
com.google.javascript.rhino.jstype.RecordTypeBuilder#addProperty(java.lang.String,com.google.javascript.rhino.jstype.JSType,com.google.javascript.rhino.Node):82, 4.508980678105394
com.google.javascript.rhino.jstype.RecordTypeBuilder#addProperty(java.lang.String,com.google.javascript.rhino.jstype.JSType,com.google.javascript.rhino.Node):79, 4.50877
com.google.javascript.jscomp.TypeInference#ensurePropertyDeclared(com.google.javascript.rhino.Node):625, 4.506050212105917
com.google.javascript.jscomp.TypeInference#ensurePropertyDeclared(com.google.javascript.rhino.Node):627, 4.506050212105917
com.google.javascript.jscomp.TypeInference#ensurePropertyDeclared(com.google.javascript.rhino.Node):628, 4.506050212105917
com.google.javascript.jscomp.TypeInference#ensurePropertyDeclared(com.google.javascript.rhino.Node):630, 4.506050212105917
com.google.javascript.rhino.JSDocInfo#getReturnType():1139, 4.499527874373821
com.google.javascript.rhino.jstype.SimpleSlot#getName():66, 4.4990468876552745
com.google.javascript.rhino.jstype.FunctionType#getImplementedInterfaces():519, 4.498837990690697
com.google.javascript.rhino.jstype.FunctionType#getImplementedInterfaces():514, 4.498837488126384
com.google.javascript.rhino.jstype.FunctionType#getImplementedInterfaces():516, 4.498837488126384
com.google.javascript.rhino.jstype.FunctionType#getImplementedInterfaces():517, 4.498837488126384
com.google.javascript.rhino.jstype.JSType#isDict():313, 4.4971140816326525
com.google.javascript.rhino.jstype.JSType#isDict():300, 4.497113320919841
com.google.javascript.rhino.jstype.JSType#isDict():301, 4.497113320919841
com.google.javascript.rhino.jstype.JSType#isDict():304, 4.497113320919841
com.google.javascript.rhino.jstype.JSType#isDict():307, 4.497113320919841
com.google.javascript.rhino.jstype.JSType#isDict():309, 4.497113320919841
com.google.javascript.rhino.jstype.JSType#isDict():310, 4.497113320919841
com.google.javascript.rhino.jstype.JSType#isDict():311, 4.497113320919841
com.google.javascript.rhino.jstype.JSType#isDict():299, 4.497113069233026
com.google.javascript.rhino.jstype.JSType#isDict():305, 4.49691
com.google.javascript.rhino.jstype.JSType#isDict():316, 4.49691
com.google.javascript.jscomp.TypedScopeCreator.LocalScopeBuilder#declareArguments(com.google.javascript.rhino.Node):2032, 4.495065585570702
com.google.javascript.jscomp.TypedScopeCreator.LocalScopeBuilder#declareArguments(com.google.javascript.rhino.Node):2034, 4.495065585570702
com.google.javascript.jscomp.TypedScopeCreator.LocalScopeBuilder#declareArguments(com.google.javascript.rhino.Node):2036, 4.495065585570702
com.google.javascript.jscomp.TypedScopeCreator.LocalScopeBuilder#declareArguments(com.google.javascript.rhino.Node):2046, 4.495065585570702
com.google.javascript.jscomp.TypedScopeCreator.LocalScopeBuilder#declareArguments(com.google.javascript.rhino.Node):2050, 4.495065585570702
com.google.javascript.jscomp.TypedScopeCreator.LocalScopeBuilder#declareArguments(com.google.javascript.rhino.Node):2052, 4.495065585570702
com.google.javascript.jscomp.TypedScopeCreator.LocalScopeBuilder#declareArguments(com.google.javascript.rhino.Node):2053, 4.495065585570702
com.google.javascript.jscomp.TypedScopeCreator.LocalScopeBuilder#declareArguments(com.google.javascript.rhino.Node):2055, 4.495065585570702
com.google.javascript.jscomp.TypedScopeCreator.LocalScopeBuilder#declareArguments(com.google.javascript.rhino.Node):2058, 4.495065585570702
com.google.javascript.jscomp.TypedScopeCreator.LocalScopeBuilder#declareArguments(com.google.javascript.rhino.Node):2018, 4.495051635594941
com.google.javascript.jscomp.TypedScopeCreator.LocalScopeBuilder#declareArguments(com.google.javascript.rhino.Node):2019, 4.495051635594941
com.google.javascript.jscomp.TypedScopeCreator.LocalScopeBuilder#declareArguments(com.google.javascript.rhino.Node):2021, 4.495051635594941
com.google.javascript.jscomp.TypedScopeCreator.LocalScopeBuilder#declareArguments(com.google.javascript.rhino.Node):2025, 4.495051635594941
com.google.javascript.jscomp.TypedScopeCreator.LocalScopeBuilder#declareArguments(com.google.javascript.rhino.Node):2027, 4.495051635594941
com.google.javascript.jscomp.TypedScopeCreator.LocalScopeBuilder#declareArguments(com.google.javascript.rhino.Node):2028, 4.495051635594941
com.google.javascript.jscomp.TypedScopeCreator.LocalScopeBuilder#declareArguments(com.google.javascript.rhino.Node):2029, 4.495051635594941
com.google.javascript.jscomp.TypedScopeCreator.LocalScopeBuilder#declareArguments(com.google.javascript.rhino.Node):2030, 4.495051635594941
com.google.javascript.jscomp.TypedScopeCreator.LocalScopeBuilder#declareArguments(com.google.javascript.rhino.Node):2031, 4.495051635594941
com.google.javascript.jscomp.TypedScopeCreator.LocalScopeBuilder#declareArguments(com.google.javascript.rhino.Node):2061, 4.495051635594941
com.google.javascript.jscomp.TypedScopeCreator.LocalScopeBuilder#declareArguments(com.google.javascript.rhino.Node):2022, 4.49486
com.google.javascript.jscomp.TypedScopeCreator.LocalScopeBuilder#declareArguments(com.google.javascript.rhino.Node):2037, 4.49486
com.google.javascript.jscomp.TypedScopeCreator.LocalScopeBuilder#declareArguments(com.google.javascript.rhino.Node):2038, 4.49486
com.google.javascript.jscomp.TypedScopeCreator.LocalScopeBuilder#declareArguments(com.google.javascript.rhino.Node):2041, 4.49486
com.google.javascript.jscomp.TypedScopeCreator.LocalScopeBuilder#declareArguments(com.google.javascript.rhino.Node):2042, 4.49486
com.google.javascript.jscomp.TypedScopeCreator.LocalScopeBuilder#declareArguments(com.google.javascript.rhino.Node):2047, 4.49486
com.google.javascript.jscomp.TypedScopeCreator.LocalScopeBuilder#declareArguments(com.google.javascript.rhino.Node):2056, 4.49486
com.google.javascript.jscomp.TypeCheck#checkPropertyInheritanceOnGetpropAssign(com.google.javascript.jscomp.NodeTraversal,com.google.javascript.rhino.Node,com.google.javascript.rhino.Node,java.lang.String,com.google.javascript.rhino.JSDocInfo,com.google.javascript.rhino.jstype.JSType):1087, 4.4950307716777305
com.google.javascript.jscomp.TypeCheck#checkPropertyInheritanceOnGetpropAssign(com.google.javascript.jscomp.NodeTraversal,com.google.javascript.rhino.Node,com.google.javascript.rhino.Node,java.lang.String,com.google.javascript.rhino.JSDocInfo,com.google.javascript.rhino.jstype.JSType):1083, 4.495030631365935
com.google.javascript.jscomp.TypeCheck#checkPropertyInheritanceOnGetpropAssign(com.google.javascript.jscomp.NodeTraversal,com.google.javascript.rhino.Node,com.google.javascript.rhino.Node,java.lang.String,com.google.javascript.rhino.JSDocInfo,com.google.javascript.rhino.jstype.JSType):1084, 4.495030631365935
com.google.javascript.jscomp.TypeCheck#checkPropertyInheritanceOnGetpropAssign(com.google.javascript.jscomp.NodeTraversal,com.google.javascript.rhino.Node,com.google.javascript.rhino.Node,java.lang.String,com.google.javascript.rhino.JSDocInfo,com.google.javascript.rhino.jstype.JSType):1085, 4.495030631365935
com.google.javascript.jscomp.TypeCheck#checkPropertyInheritanceOnGetpropAssign(com.google.javascript.jscomp.NodeTraversal,com.google.javascript.rhino.Node,com.google.javascript.rhino.Node,java.lang.String,com.google.javascript.rhino.JSDocInfo,com.google.javascript.rhino.jstype.JSType):1086, 4.495030631365935
com.google.javascript.jscomp.TypeCheck#checkPropertyInheritanceOnGetpropAssign(com.google.javascript.jscomp.NodeTraversal,com.google.javascript.rhino.Node,com.google.javascript.rhino.Node,java.lang.String,com.google.javascript.rhino.JSDocInfo,com.google.javascript.rhino.jstype.JSType):1079, 4.495028514414057
com.google.javascript.jscomp.TypeCheck#checkPropertyInheritanceOnGetpropAssign(com.google.javascript.jscomp.NodeTraversal,com.google.javascript.rhino.Node,com.google.javascript.rhino.Node,java.lang.String,com.google.javascript.rhino.JSDocInfo,com.google.javascript.rhino.jstype.JSType):1080, 4.495028514414057
com.google.javascript.jscomp.TypeCheck#checkPropertyInheritanceOnGetpropAssign(com.google.javascript.jscomp.NodeTraversal,com.google.javascript.rhino.Node,com.google.javascript.rhino.Node,java.lang.String,com.google.javascript.rhino.JSDocInfo,com.google.javascript.rhino.jstype.JSType):1082, 4.495028514414057
com.google.javascript.jscomp.TypeCheck#checkPropertyInheritanceOnGetpropAssign(com.google.javascript.jscomp.NodeTraversal,com.google.javascript.rhino.Node,com.google.javascript.rhino.Node,java.lang.String,com.google.javascript.rhino.JSDocInfo,com.google.javascript.rhino.jstype.JSType):1078, 4.495025368685347
com.google.javascript.jscomp.TypeCheck#checkPropertyInheritanceOnGetpropAssign(com.google.javascript.jscomp.NodeTraversal,com.google.javascript.rhino.Node,com.google.javascript.rhino.Node,java.lang.String,com.google.javascript.rhino.JSDocInfo,com.google.javascript.rhino.jstype.JSType):1093, 4.495025368685347
com.google.javascript.jscomp.parsing.JsDocInfoParser#getRemainingJSDocLine():2441, 4.492098469099612
com.google.javascript.jscomp.parsing.JsDocInfoParser#getRemainingJSDocLine():2442, 4.492098469099612
com.google.javascript.jscomp.parsing.JsDocInfoParser#getRemainingJSDocLine():2443, 4.492098469099612
com.google.javascript.jscomp.parsing.JsDocTokenStream#getRemainingJSDocLine():219, 4.4920999339861405
com.google.javascript.jscomp.parsing.JsDocTokenStream#getRemainingJSDocLine():220, 4.4920999339861405
com.google.javascript.jscomp.parsing.JsDocTokenStream#getRemainingJSDocLine():203, 4.492098469099612
com.google.javascript.jscomp.parsing.JsDocTokenStream#getRemainingJSDocLine():204, 4.492098469099612
com.google.javascript.jscomp.parsing.JsDocTokenStream#getRemainingJSDocLine():213, 4.492098469099612
com.google.javascript.jscomp.parsing.JsDocTokenStream#getRemainingJSDocLine():214, 4.492098469099612
com.google.javascript.jscomp.parsing.JsDocTokenStream#getRemainingJSDocLine():215, 4.492098469099612
com.google.javascript.jscomp.parsing.JsDocTokenStream#getRemainingJSDocLine():216, 4.492098469099612
com.google.javascript.jscomp.parsing.JsDocTokenStream#getRemainingJSDocLine():206, 4.49189
com.google.javascript.jscomp.parsing.JsDocTokenStream#getRemainingJSDocLine():207, 4.49189
com.google.javascript.jscomp.parsing.JsDocTokenStream#getRemainingJSDocLine():208, 4.49189
com.google.javascript.jscomp.TypedScopeCreator#declareNativeValueType(com.google.javascript.jscomp.Scope,java.lang.String,com.google.javascript.rhino.jstype.JSTypeNative):354, 4.490669015992374
com.google.javascript.jscomp.TypedScopeCreator#declareNativeValueType(com.google.javascript.jscomp.Scope,java.lang.String,com.google.javascript.rhino.jstype.JSTypeNative):355, 4.490669015992374
com.google.javascript.rhino.jstype.ProxyObjectType#toMaybeRecordType():210, 4.4871979276205165
com.google.javascript.jscomp.FunctionTypeBuilder#isOptionalParameter(com.google.javascript.rhino.Node,com.google.javascript.rhino.JSDocInfo):551, 4.486998426014166
com.google.javascript.jscomp.FunctionTypeBuilder#isOptionalParameter(com.google.javascript.rhino.Node,com.google.javascript.rhino.JSDocInfo):554, 4.4869852821232
com.google.javascript.jscomp.FunctionTypeBuilder#isOptionalParameter(com.google.javascript.rhino.Node,com.google.javascript.rhino.JSDocInfo):555, 4.4869852821232
com.google.javascript.jscomp.FunctionTypeBuilder#isOptionalParameter(com.google.javascript.rhino.Node,com.google.javascript.rhino.JSDocInfo):550, 4.4869849369659605
com.google.javascript.rhino.jstype.JSTypeRegistry#createFromTypeNodesInternal(com.google.javascript.rhino.Node,java.lang.String,com.google.javascript.rhino.jstype.StaticScope):1664, 4.48674873931963
com.google.javascript.rhino.jstype.JSTypeRegistry#createFromTypeNodesInternal(com.google.javascript.rhino.Node,java.lang.String,com.google.javascript.rhino.jstype.StaticScope):1641, 4.48674806218712
com.google.javascript.rhino.jstype.JSTypeRegistry#createFromTypeNodesInternal(com.google.javascript.rhino.Node,java.lang.String,com.google.javascript.rhino.jstype.StaticScope):1703, 4.486746219375032
com.google.javascript.rhino.jstype.JSTypeRegistry#createFromTypeNodesInternal(com.google.javascript.rhino.Node,java.lang.String,com.google.javascript.rhino.jstype.StaticScope):1707, 4.486746219375032
com.google.javascript.rhino.jstype.JSTypeRegistry#createFromTypeNodesInternal(com.google.javascript.rhino.Node,java.lang.String,com.google.javascript.rhino.jstype.StaticScope):1712, 4.486746219375032
com.google.javascript.rhino.jstype.JSTypeRegistry#createFromTypeNodesInternal(com.google.javascript.rhino.Node,java.lang.String,com.google.javascript.rhino.jstype.StaticScope):1713, 4.486746219375032
com.google.javascript.rhino.jstype.JSTypeRegistry#createFromTypeNodesInternal(com.google.javascript.rhino.Node,java.lang.String,com.google.javascript.rhino.jstype.StaticScope):1724, 4.486746219375032
com.google.javascript.rhino.jstype.JSTypeRegistry#createFromTypeNodesInternal(com.google.javascript.rhino.Node,java.lang.String,com.google.javascript.rhino.jstype.StaticScope):1727, 4.486746219375032
com.google.javascript.rhino.jstype.JSTypeRegistry#createFromTypeNodesInternal(com.google.javascript.rhino.Node,java.lang.String,com.google.javascript.rhino.jstype.StaticScope):1729, 4.486746219375032
com.google.javascript.rhino.jstype.JSTypeRegistry#createFromTypeNodesInternal(com.google.javascript.rhino.Node,java.lang.String,com.google.javascript.rhino.jstype.StaticScope):1730, 4.486746219375032
com.google.javascript.rhino.jstype.JSTypeRegistry#createFromTypeNodesInternal(com.google.javascript.rhino.Node,java.lang.String,com.google.javascript.rhino.jstype.StaticScope):1732, 4.486746219375032
com.google.javascript.rhino.jstype.JSTypeRegistry#createFromTypeNodesInternal(com.google.javascript.rhino.Node,java.lang.String,com.google.javascript.rhino.jstype.StaticScope):1659, 4.486745916758544
com.google.javascript.rhino.jstype.JSTypeRegistry#createFromTypeNodesInternal(com.google.javascript.rhino.Node,java.lang.String,com.google.javascript.rhino.jstype.StaticScope):1669, 4.486745816168388
com.google.javascript.rhino.jstype.JSTypeRegistry#createFromTypeNodesInternal(com.google.javascript.rhino.Node,java.lang.String,com.google.javascript.rhino.jstype.StaticScope):1676, 4.486744867521297
com.google.javascript.rhino.jstype.JSTypeRegistry#createFromTypeNodesInternal(com.google.javascript.rhino.Node,java.lang.String,com.google.javascript.rhino.jstype.StaticScope):1677, 4.486744867521297
com.google.javascript.rhino.jstype.JSTypeRegistry#createFromTypeNodesInternal(com.google.javascript.rhino.Node,java.lang.String,com.google.javascript.rhino.jstype.StaticScope):1679, 4.486744867521297
com.google.javascript.rhino.jstype.JSTypeRegistry#createFromTypeNodesInternal(com.google.javascript.rhino.Node,java.lang.String,com.google.javascript.rhino.jstype.StaticScope):1678, 4.486744867521297
com.google.javascript.rhino.jstype.JSTypeRegistry#createFromTypeNodesInternal(com.google.javascript.rhino.Node,java.lang.String,com.google.javascript.rhino.jstype.StaticScope):1682, 4.486744867521297
com.google.javascript.rhino.jstype.JSTypeRegistry#createFromTypeNodesInternal(com.google.javascript.rhino.Node,java.lang.String,com.google.javascript.rhino.jstype.StaticScope):1645, 4.486737703246199
com.google.javascript.rhino.jstype.JSTypeRegistry#createFromTypeNodesInternal(com.google.javascript.rhino.Node,java.lang.String,com.google.javascript.rhino.jstype.StaticScope):1698, 4.48673174251089
com.google.javascript.rhino.jstype.JSTypeRegistry#createFromTypeNodesInternal(com.google.javascript.rhino.Node,java.lang.String,com.google.javascript.rhino.jstype.StaticScope):1699, 4.48673174251089
com.google.javascript.rhino.jstype.JSTypeRegistry#createFromTypeNodesInternal(com.google.javascript.rhino.Node,java.lang.String,com.google.javascript.rhino.jstype.StaticScope):1701, 4.48673174251089
com.google.javascript.rhino.jstype.JSTypeRegistry#createFromTypeNodesInternal(com.google.javascript.rhino.Node,java.lang.String,com.google.javascript.rhino.jstype.StaticScope):1734, 4.48673174251089
com.google.javascript.rhino.jstype.JSTypeRegistry#createFromTypeNodesInternal(com.google.javascript.rhino.Node,java.lang.String,com.google.javascript.rhino.jstype.StaticScope):1736, 4.486728497111392
com.google.javascript.rhino.jstype.JSTypeRegistry#createFromTypeNodesInternal(com.google.javascript.rhino.Node,java.lang.String,com.google.javascript.rhino.jstype.StaticScope):1691, 4.486721776503487
com.google.javascript.rhino.jstype.JSTypeRegistry#createFromTypeNodesInternal(com.google.javascript.rhino.Node,java.lang.String,com.google.javascript.rhino.jstype.StaticScope):1693, 4.486721776503487
com.google.javascript.rhino.jstype.JSTypeRegistry#createFromTypeNodesInternal(com.google.javascript.rhino.Node,java.lang.String,com.google.javascript.rhino.jstype.StaticScope):1696, 4.486721776503487
com.google.javascript.rhino.jstype.JSTypeRegistry#createFromTypeNodesInternal(com.google.javascript.rhino.Node,java.lang.String,com.google.javascript.rhino.jstype.StaticScope):1639, 4.48672079661713
com.google.javascript.rhino.jstype.JSTypeRegistry#createFromTypeNodesInternal(com.google.javascript.rhino.Node,java.lang.String,com.google.javascript.rhino.jstype.StaticScope):1650, 4.48653
com.google.javascript.rhino.jstype.JSTypeRegistry#createFromTypeNodesInternal(com.google.javascript.rhino.Node,java.lang.String,com.google.javascript.rhino.jstype.StaticScope):1651, 4.48653
com.google.javascript.rhino.jstype.JSTypeRegistry#createFromTypeNodesInternal(com.google.javascript.rhino.Node,java.lang.String,com.google.javascript.rhino.jstype.StaticScope):1652, 4.48653
com.google.javascript.rhino.jstype.JSTypeRegistry#createFromTypeNodesInternal(com.google.javascript.rhino.Node,java.lang.String,com.google.javascript.rhino.jstype.StaticScope):1654, 4.48653
com.google.javascript.rhino.jstype.JSTypeRegistry#createFromTypeNodesInternal(com.google.javascript.rhino.Node,java.lang.String,com.google.javascript.rhino.jstype.StaticScope):1673, 4.48653
com.google.javascript.rhino.jstype.JSTypeRegistry#createFromTypeNodesInternal(com.google.javascript.rhino.Node,java.lang.String,com.google.javascript.rhino.jstype.StaticScope):1685, 4.48653
com.google.javascript.rhino.jstype.JSTypeRegistry#createFromTypeNodesInternal(com.google.javascript.rhino.Node,java.lang.String,com.google.javascript.rhino.jstype.StaticScope):1688, 4.48653
com.google.javascript.rhino.jstype.JSTypeRegistry#createFromTypeNodesInternal(com.google.javascript.rhino.Node,java.lang.String,com.google.javascript.rhino.jstype.StaticScope):1694, 4.48653
com.google.javascript.rhino.jstype.JSTypeRegistry#createFromTypeNodesInternal(com.google.javascript.rhino.Node,java.lang.String,com.google.javascript.rhino.jstype.StaticScope):1709, 4.48653
com.google.javascript.rhino.jstype.JSTypeRegistry#createFromTypeNodesInternal(com.google.javascript.rhino.Node,java.lang.String,com.google.javascript.rhino.jstype.StaticScope):1725, 4.48653
com.google.javascript.rhino.jstype.JSTypeRegistry#createFromTypeNodesInternal(com.google.javascript.rhino.Node,java.lang.String,com.google.javascript.rhino.jstype.StaticScope):1740, 4.48653
com.google.javascript.rhino.jstype.JSTypeRegistry#createFromTypeNodesInternal(com.google.javascript.rhino.Node,java.lang.String,com.google.javascript.rhino.jstype.StaticScope):1741, 4.48653
com.google.javascript.rhino.jstype.JSTypeRegistry#createFromTypeNodesInternal(com.google.javascript.rhino.Node,java.lang.String,com.google.javascript.rhino.jstype.StaticScope):1742, 4.48653
com.google.javascript.rhino.jstype.JSTypeRegistry#createFromTypeNodesInternal(com.google.javascript.rhino.Node,java.lang.String,com.google.javascript.rhino.jstype.StaticScope):1743, 4.48653
com.google.javascript.rhino.jstype.JSTypeRegistry#createFromTypeNodesInternal(com.google.javascript.rhino.Node,java.lang.String,com.google.javascript.rhino.jstype.StaticScope):1745, 4.48653
com.google.javascript.rhino.jstype.JSTypeRegistry#createFromTypeNodesInternal(com.google.javascript.rhino.Node,java.lang.String,com.google.javascript.rhino.jstype.StaticScope):1746, 4.48653
com.google.javascript.rhino.jstype.JSTypeRegistry#createFromTypeNodesInternal(com.google.javascript.rhino.Node,java.lang.String,com.google.javascript.rhino.jstype.StaticScope):1751, 4.48653
com.google.javascript.rhino.jstype.JSTypeRegistry#createFromTypeNodesInternal(com.google.javascript.rhino.Node,java.lang.String,com.google.javascript.rhino.jstype.StaticScope):1752, 4.48653
com.google.javascript.rhino.jstype.JSTypeRegistry#createFromTypeNodesInternal(com.google.javascript.rhino.Node,java.lang.String,com.google.javascript.rhino.jstype.StaticScope):1761, 4.48653
com.google.javascript.rhino.jstype.JSTypeRegistry#createFromTypeNodesInternal(com.google.javascript.rhino.Node,java.lang.String,com.google.javascript.rhino.jstype.StaticScope):1762, 4.48653
com.google.javascript.rhino.jstype.JSTypeRegistry#createFromTypeNodesInternal(com.google.javascript.rhino.Node,java.lang.String,com.google.javascript.rhino.jstype.StaticScope):1765, 4.48653
com.google.javascript.rhino.jstype.JSTypeRegistry#createFromTypeNodesInternal(com.google.javascript.rhino.Node,java.lang.String,com.google.javascript.rhino.jstype.StaticScope):1767, 4.48653
com.google.javascript.rhino.jstype.JSTypeRegistry#createFromTypeNodesInternal(com.google.javascript.rhino.Node,java.lang.String,com.google.javascript.rhino.jstype.StaticScope):1768, 4.48653
com.google.javascript.rhino.jstype.JSTypeRegistry#createFromTypeNodesInternal(com.google.javascript.rhino.Node,java.lang.String,com.google.javascript.rhino.jstype.StaticScope):1770, 4.48653
com.google.javascript.rhino.jstype.JSTypeRegistry#createFromTypeNodesInternal(com.google.javascript.rhino.Node,java.lang.String,com.google.javascript.rhino.jstype.StaticScope):1771, 4.48653
com.google.javascript.rhino.jstype.JSTypeRegistry#createFromTypeNodesInternal(com.google.javascript.rhino.Node,java.lang.String,com.google.javascript.rhino.jstype.StaticScope):1772, 4.48653
com.google.javascript.rhino.jstype.JSTypeRegistry#createFromTypeNodesInternal(com.google.javascript.rhino.Node,java.lang.String,com.google.javascript.rhino.jstype.StaticScope):1774, 4.48653
com.google.javascript.rhino.jstype.JSTypeRegistry#createFromTypeNodesInternal(com.google.javascript.rhino.Node,java.lang.String,com.google.javascript.rhino.jstype.StaticScope):1779, 4.48653
com.google.javascript.rhino.jstype.JSTypeRegistry#createFromTypeNodesInternal(com.google.javascript.rhino.Node,java.lang.String,com.google.javascript.rhino.jstype.StaticScope):1781, 4.48653
com.google.javascript.rhino.jstype.JSTypeRegistry#createFromTypeNodesInternal(com.google.javascript.rhino.Node,java.lang.String,com.google.javascript.rhino.jstype.StaticScope):1782, 4.48653
com.google.javascript.rhino.jstype.JSTypeRegistry#createFromTypeNodesInternal(com.google.javascript.rhino.Node,java.lang.String,com.google.javascript.rhino.jstype.StaticScope):1783, 4.48653
com.google.javascript.rhino.jstype.JSTypeRegistry#createFromTypeNodesInternal(com.google.javascript.rhino.Node,java.lang.String,com.google.javascript.rhino.jstype.StaticScope):1784, 4.48653
com.google.javascript.rhino.jstype.JSTypeRegistry#createFromTypeNodesInternal(com.google.javascript.rhino.Node,java.lang.String,com.google.javascript.rhino.jstype.StaticScope):1789, 4.48653
com.google.javascript.rhino.jstype.JSTypeRegistry#createFromTypeNodesInternal(com.google.javascript.rhino.Node,java.lang.String,com.google.javascript.rhino.jstype.StaticScope):1790, 4.48653
com.google.javascript.rhino.jstype.JSTypeRegistry#createFromTypeNodesInternal(com.google.javascript.rhino.Node,java.lang.String,com.google.javascript.rhino.jstype.StaticScope):1769, 4.48653
com.google.javascript.rhino.jstype.JSTypeRegistry#createFromTypeNodesInternal(com.google.javascript.rhino.Node,java.lang.String,com.google.javascript.rhino.jstype.StaticScope):1794, 4.48653
com.google.javascript.rhino.jstype.JSTypeRegistry#createFromTypeNodesInternal(com.google.javascript.rhino.Node,java.lang.String,com.google.javascript.rhino.jstype.StaticScope):1797, 4.48653
com.google.javascript.rhino.jstype.JSTypeRegistry#createFromTypeNodesInternal(com.google.javascript.rhino.Node,java.lang.String,com.google.javascript.rhino.jstype.StaticScope):1800, 4.48653
com.google.javascript.rhino.jstype.JSTypeRegistry#createFromTypeNodesInternal(com.google.javascript.rhino.Node,java.lang.String,com.google.javascript.rhino.jstype.StaticScope):1808, 4.48653
com.google.javascript.jscomp.FunctionTypeBuilder#isVarArgsParameter(com.google.javascript.rhino.Node,com.google.javascript.rhino.JSDocInfo):566, 4.486511132891044
com.google.javascript.jscomp.FunctionTypeBuilder#isVarArgsParameter(com.google.javascript.rhino.Node,com.google.javascript.rhino.JSDocInfo):569, 4.4864951093267695
com.google.javascript.jscomp.FunctionTypeBuilder#isVarArgsParameter(com.google.javascript.rhino.Node,com.google.javascript.rhino.JSDocInfo):570, 4.4864951093267695
com.google.javascript.jscomp.FunctionTypeBuilder#isVarArgsParameter(com.google.javascript.rhino.Node,com.google.javascript.rhino.JSDocInfo):565, 4.48649493696596
com.google.javascript.rhino.JSDocInfo#getParameterType(java.lang.String):1009, 4.485897882687482
com.google.javascript.rhino.JSDocInfo#getParameterType(java.lang.String):1006, 4.485897345753255
com.google.javascript.rhino.JSDocInfo#getParameterType(java.lang.String):1007, 4.48569
com.google.javascript.jscomp.TypedScopeCreator.AbstractScopeBuilder#defineSlot(com.google.javascript.rhino.Node,com.google.javascript.rhino.Node,java.lang.String,com.google.javascript.rhino.jstype.JSType,boolean):1182, 4.485245265424455
com.google.javascript.jscomp.TypedScopeCreator.AbstractScopeBuilder#defineSlot(com.google.javascript.rhino.Node,com.google.javascript.rhino.Node,java.lang.String,com.google.javascript.rhino.jstype.JSType,boolean):1183, 4.485245265424455
com.google.javascript.jscomp.TypedScopeCreator.AbstractScopeBuilder#defineSlot(com.google.javascript.rhino.Node,com.google.javascript.rhino.Node,java.lang.String,com.google.javascript.rhino.jstype.JSType,boolean):1185, 4.485245265424455
com.google.javascript.jscomp.TypedScopeCreator.AbstractScopeBuilder#defineSlot(com.google.javascript.rhino.Node,com.google.javascript.rhino.Node,java.lang.String,com.google.javascript.rhino.jstype.JSType,boolean):1217, 4.485232776776414
com.google.javascript.jscomp.TypedScopeCreator.AbstractScopeBuilder#defineSlot(com.google.javascript.rhino.Node,com.google.javascript.rhino.Node,java.lang.String,com.google.javascript.rhino.jstype.JSType,boolean):1232, 4.485226760445367
com.google.javascript.jscomp.TypedScopeCreator.AbstractScopeBuilder#defineSlot(com.google.javascript.rhino.Node,com.google.javascript.rhino.Node,java.lang.String,com.google.javascript.rhino.jstype.JSType,boolean):1215, 4.485225254411397
com.google.javascript.jscomp.TypedScopeCreator.AbstractScopeBuilder#defineSlot(com.google.javascript.rhino.Node,com.google.javascript.rhino.Node,java.lang.String,com.google.javascript.rhino.jstype.JSType,boolean):1187, 4.485224257172471
com.google.javascript.jscomp.TypedScopeCreator.AbstractScopeBuilder#defineSlot(com.google.javascript.rhino.Node,com.google.javascript.rhino.Node,java.lang.String,com.google.javascript.rhino.jstype.JSType,boolean):1223, 4.485224147308853
com.google.javascript.jscomp.TypedScopeCreator.AbstractScopeBuilder#defineSlot(com.google.javascript.rhino.Node,com.google.javascript.rhino.Node,java.lang.String,com.google.javascript.rhino.jstype.JSType,boolean):1225, 4.485224147308853
com.google.javascript.jscomp.TypedScopeCreator.AbstractScopeBuilder#defineSlot(com.google.javascript.rhino.Node,com.google.javascript.rhino.Node,java.lang.String,com.google.javascript.rhino.jstype.JSType,boolean):1186, 4.485221424813289
com.google.javascript.jscomp.TypedScopeCreator.AbstractScopeBuilder#defineSlot(com.google.javascript.rhino.Node,com.google.javascript.rhino.Node,java.lang.String,com.google.javascript.rhino.jstype.JSType,boolean):1190, 4.485221424813289
com.google.javascript.jscomp.TypedScopeCreator.AbstractScopeBuilder#defineSlot(com.google.javascript.rhino.Node,com.google.javascript.rhino.Node,java.lang.String,com.google.javascript.rhino.jstype.JSType,boolean):1193, 4.485221424813289
com.google.javascript.jscomp.TypedScopeCreator.AbstractScopeBuilder#defineSlot(com.google.javascript.rhino.Node,com.google.javascript.rhino.Node,java.lang.String,com.google.javascript.rhino.jstype.JSType,boolean):1152, 4.4852213897505875
com.google.javascript.jscomp.TypedScopeCreator.AbstractScopeBuilder#defineSlot(com.google.javascript.rhino.Node,com.google.javascript.rhino.Node,java.lang.String,com.google.javascript.rhino.jstype.JSType,boolean):1154, 4.4852213897505875
com.google.javascript.jscomp.TypedScopeCreator.AbstractScopeBuilder#defineSlot(com.google.javascript.rhino.Node,com.google.javascript.rhino.Node,java.lang.String,com.google.javascript.rhino.jstype.JSType,boolean):1155, 4.4852213897505875
com.google.javascript.jscomp.TypedScopeCreator.AbstractScopeBuilder#defineSlot(com.google.javascript.rhino.Node,com.google.javascript.rhino.Node,java.lang.String,com.google.javascript.rhino.jstype.JSType,boolean):1163, 4.4852213897505875
com.google.javascript.jscomp.TypedScopeCreator.AbstractScopeBuilder#defineSlot(com.google.javascript.rhino.Node,com.google.javascript.rhino.Node,java.lang.String,com.google.javascript.rhino.jstype.JSType,boolean):1164, 4.4852213897505875
com.google.javascript.jscomp.TypedScopeCreator.AbstractScopeBuilder#defineSlot(com.google.javascript.rhino.Node,com.google.javascript.rhino.Node,java.lang.String,com.google.javascript.rhino.jstype.JSType,boolean):1177, 4.4852213897505875
com.google.javascript.jscomp.TypedScopeCreator.AbstractScopeBuilder#defineSlot(com.google.javascript.rhino.Node,com.google.javascript.rhino.Node,java.lang.String,com.google.javascript.rhino.jstype.JSType,boolean):1180, 4.4852213897505875
com.google.javascript.jscomp.TypedScopeCreator.AbstractScopeBuilder#defineSlot(com.google.javascript.rhino.Node,com.google.javascript.rhino.Node,java.lang.String,com.google.javascript.rhino.jstype.JSType,boolean):1181, 4.4852213897505875
com.google.javascript.jscomp.TypedScopeCreator.AbstractScopeBuilder#defineSlot(com.google.javascript.rhino.Node,com.google.javascript.rhino.Node,java.lang.String,com.google.javascript.rhino.jstype.JSType,boolean):1205, 4.4852213897505875
com.google.javascript.jscomp.TypedScopeCreator.AbstractScopeBuilder#defineSlot(com.google.javascript.rhino.Node,com.google.javascript.rhino.Node,java.lang.String,com.google.javascript.rhino.jstype.JSType,boolean):1206, 4.4852213897505875
com.google.javascript.jscomp.TypedScopeCreator.AbstractScopeBuilder#defineSlot(com.google.javascript.rhino.Node,com.google.javascript.rhino.Node,java.lang.String,com.google.javascript.rhino.jstype.JSType,boolean):1222, 4.4852213897505875
com.google.javascript.jscomp.TypedScopeCreator.AbstractScopeBuilder#defineSlot(com.google.javascript.rhino.Node,com.google.javascript.rhino.Node,java.lang.String,com.google.javascript.rhino.jstype.JSType,boolean):1236, 4.4852213897505875
com.google.javascript.jscomp.TypedScopeCreator.AbstractScopeBuilder#defineSlot(com.google.javascript.rhino.Node,com.google.javascript.rhino.Node,java.lang.String,com.google.javascript.rhino.jstype.JSType,boolean):1247, 4.4852213897505875
com.google.javascript.jscomp.TypedScopeCreator.AbstractScopeBuilder#defineSlot(com.google.javascript.rhino.Node,com.google.javascript.rhino.Node,java.lang.String,com.google.javascript.rhino.jstype.JSType,boolean):1166, 4.48503
com.google.javascript.jscomp.TypedScopeCreator.AbstractScopeBuilder#defineSlot(com.google.javascript.rhino.Node,com.google.javascript.rhino.Node,java.lang.String,com.google.javascript.rhino.jstype.JSType,boolean):1170, 4.48503
com.google.javascript.jscomp.TypedScopeCreator.AbstractScopeBuilder#defineSlot(com.google.javascript.rhino.Node,com.google.javascript.rhino.Node,java.lang.String,com.google.javascript.rhino.jstype.JSType,boolean):1171, 4.48503
com.google.javascript.jscomp.TypedScopeCreator.AbstractScopeBuilder#defineSlot(com.google.javascript.rhino.Node,com.google.javascript.rhino.Node,java.lang.String,com.google.javascript.rhino.jstype.JSType,boolean):1194, 4.48503
com.google.javascript.jscomp.TypedScopeCreator.AbstractScopeBuilder#defineSlot(com.google.javascript.rhino.Node,com.google.javascript.rhino.Node,java.lang.String,com.google.javascript.rhino.jstype.JSType,boolean):1195, 4.48503
com.google.javascript.jscomp.TypedScopeCreator.AbstractScopeBuilder#defineSlot(com.google.javascript.rhino.Node,com.google.javascript.rhino.Node,java.lang.String,com.google.javascript.rhino.jstype.JSType,boolean):1198, 4.48503
com.google.javascript.jscomp.TypedScopeCreator.AbstractScopeBuilder#defineSlot(com.google.javascript.rhino.Node,com.google.javascript.rhino.Node,java.lang.String,com.google.javascript.rhino.jstype.JSType,boolean):1199, 4.48503
com.google.javascript.jscomp.TypedScopeCreator.AbstractScopeBuilder#defineSlot(com.google.javascript.rhino.Node,com.google.javascript.rhino.Node,java.lang.String,com.google.javascript.rhino.jstype.JSType,boolean):1226, 4.48503
com.google.javascript.jscomp.TypedScopeCreator.AbstractScopeBuilder#defineSlot(com.google.javascript.rhino.Node,com.google.javascript.rhino.Node,java.lang.String,com.google.javascript.rhino.jstype.JSType,boolean):1240, 4.48503
com.google.javascript.jscomp.TypedScopeCreator.AbstractScopeBuilder#defineSlot(com.google.javascript.rhino.Node,com.google.javascript.rhino.Node,java.lang.String,com.google.javascript.rhino.jstype.JSType,boolean):1242, 4.48503
com.google.javascript.jscomp.TypedScopeCreator.AbstractScopeBuilder#defineSlot(com.google.javascript.rhino.Node,com.google.javascript.rhino.Node,java.lang.String,com.google.javascript.rhino.jstype.JSType,boolean):1243, 4.48503
com.google.javascript.jscomp.TypedScopeCreator.AbstractScopeBuilder#defineSlot(com.google.javascript.rhino.Node,com.google.javascript.rhino.Node,java.lang.String,com.google.javascript.rhino.jstype.JSType,boolean):1244, 4.48503
com.google.javascript.jscomp.TypeCheck#propertyIsImplicitCast(com.google.javascript.rhino.jstype.ObjectType,java.lang.String):1186, 4.483157434953411
com.google.javascript.jscomp.TypeCheck#propertyIsImplicitCast(com.google.javascript.rhino.jstype.ObjectType,java.lang.String):1180, 4.483157256668072
com.google.javascript.jscomp.TypeCheck#propertyIsImplicitCast(com.google.javascript.rhino.jstype.ObjectType,java.lang.String):1181, 4.483157256668072
com.google.javascript.jscomp.TypeCheck#propertyIsImplicitCast(com.google.javascript.rhino.jstype.ObjectType,java.lang.String):1182, 4.483157256668072
com.google.javascript.jscomp.TypeCheck#propertyIsImplicitCast(com.google.javascript.rhino.jstype.ObjectType,java.lang.String):1183, 4.48295
com.google.javascript.jscomp.TypeCheck#visitAssign(com.google.javascript.jscomp.NodeTraversal,com.google.javascript.rhino.Node):927, 4.482208514414057
com.google.javascript.jscomp.TypeCheck#visitAssign(com.google.javascript.jscomp.NodeTraversal,com.google.javascript.rhino.Node):928, 4.482208514414057
com.google.javascript.jscomp.TypeCheck#visitAssign(com.google.javascript.jscomp.NodeTraversal,com.google.javascript.rhino.Node):970, 4.482208062594644
com.google.javascript.jscomp.TypeCheck#visitAssign(com.google.javascript.jscomp.NodeTraversal,com.google.javascript.rhino.Node):973, 4.482208062594644
com.google.javascript.jscomp.TypeCheck#visitAssign(com.google.javascript.jscomp.NodeTraversal,com.google.javascript.rhino.Node):975, 4.482208062594644
com.google.javascript.jscomp.TypeCheck#visitAssign(com.google.javascript.jscomp.NodeTraversal,com.google.javascript.rhino.Node):968, 4.482207524268788
com.google.javascript.jscomp.TypeCheck#visitAssign(com.google.javascript.jscomp.NodeTraversal,com.google.javascript.rhino.Node):969, 4.482207524268788
com.google.javascript.jscomp.TypeCheck#visitAssign(com.google.javascript.jscomp.NodeTraversal,com.google.javascript.rhino.Node):919, 4.482205368685348
com.google.javascript.jscomp.TypeCheck#visitAssign(com.google.javascript.jscomp.NodeTraversal,com.google.javascript.rhino.Node):920, 4.482205368685348
com.google.javascript.jscomp.TypeCheck#visitAssign(com.google.javascript.jscomp.NodeTraversal,com.google.javascript.rhino.Node):921, 4.482205368685348
com.google.javascript.jscomp.TypeCheck#visitAssign(com.google.javascript.jscomp.NodeTraversal,com.google.javascript.rhino.Node):922, 4.482205368685348
com.google.javascript.jscomp.TypeCheck#visitAssign(com.google.javascript.jscomp.NodeTraversal,com.google.javascript.rhino.Node):926, 4.482205368685348
com.google.javascript.jscomp.TypeCheck#visitAssign(com.google.javascript.jscomp.NodeTraversal,com.google.javascript.rhino.Node):934, 4.482205368685348
com.google.javascript.jscomp.TypeCheck#visitAssign(com.google.javascript.jscomp.NodeTraversal,com.google.javascript.rhino.Node):935, 4.482205368685348
com.google.javascript.jscomp.TypeCheck#visitAssign(com.google.javascript.jscomp.NodeTraversal,com.google.javascript.rhino.Node):941, 4.482205368685348
com.google.javascript.jscomp.TypeCheck#visitAssign(com.google.javascript.jscomp.NodeTraversal,com.google.javascript.rhino.Node):962, 4.482205368685348
com.google.javascript.jscomp.TypeCheck#visitAssign(com.google.javascript.jscomp.NodeTraversal,com.google.javascript.rhino.Node):964, 4.482205368685348
com.google.javascript.jscomp.TypeCheck#visitAssign(com.google.javascript.jscomp.NodeTraversal,com.google.javascript.rhino.Node):965, 4.482205368685348
com.google.javascript.jscomp.TypeCheck#visitAssign(com.google.javascript.jscomp.NodeTraversal,com.google.javascript.rhino.Node):913, 4.48220493696596
com.google.javascript.jscomp.TypeCheck#visitAssign(com.google.javascript.jscomp.NodeTraversal,com.google.javascript.rhino.Node):914, 4.48220493696596
com.google.javascript.jscomp.TypeCheck#visitAssign(com.google.javascript.jscomp.NodeTraversal,com.google.javascript.rhino.Node):915, 4.48220493696596
com.google.javascript.jscomp.TypeCheck#visitAssign(com.google.javascript.jscomp.NodeTraversal,com.google.javascript.rhino.Node):918, 4.48220493696596
com.google.javascript.jscomp.TypeCheck#visitAssign(com.google.javascript.jscomp.NodeTraversal,com.google.javascript.rhino.Node):930, 4.482
com.google.javascript.jscomp.TypeCheck#visitAssign(com.google.javascript.jscomp.NodeTraversal,com.google.javascript.rhino.Node):942, 4.482
com.google.javascript.jscomp.TypeCheck#visitAssign(com.google.javascript.jscomp.NodeTraversal,com.google.javascript.rhino.Node):943, 4.482
com.google.javascript.jscomp.TypeCheck#visitAssign(com.google.javascript.jscomp.NodeTraversal,com.google.javascript.rhino.Node):944, 4.482
com.google.javascript.jscomp.TypeCheck#visitAssign(com.google.javascript.jscomp.NodeTraversal,com.google.javascript.rhino.Node):945, 4.482
com.google.javascript.jscomp.TypeCheck#visitAssign(com.google.javascript.jscomp.NodeTraversal,com.google.javascript.rhino.Node):946, 4.482
com.google.javascript.jscomp.TypeCheck#visitAssign(com.google.javascript.jscomp.NodeTraversal,com.google.javascript.rhino.Node):949, 4.482
com.google.javascript.jscomp.TypeCheck#visitAssign(com.google.javascript.jscomp.NodeTraversal,com.google.javascript.rhino.Node):950, 4.482
com.google.javascript.jscomp.TypeCheck#visitAssign(com.google.javascript.jscomp.NodeTraversal,com.google.javascript.rhino.Node):951, 4.482
com.google.javascript.jscomp.TypeCheck#visitAssign(com.google.javascript.jscomp.NodeTraversal,com.google.javascript.rhino.Node):954, 4.482
com.google.javascript.jscomp.TypeCheck#visitAssign(com.google.javascript.jscomp.NodeTraversal,com.google.javascript.rhino.Node):982, 4.482
com.google.javascript.jscomp.TypeCheck#visitAssign(com.google.javascript.jscomp.NodeTraversal,com.google.javascript.rhino.Node):991, 4.482
com.google.javascript.jscomp.TypeCheck#visitAssign(com.google.javascript.jscomp.NodeTraversal,com.google.javascript.rhino.Node):992, 4.482
com.google.javascript.jscomp.TypeCheck#visitAssign(com.google.javascript.jscomp.NodeTraversal,com.google.javascript.rhino.Node):994, 4.482
com.google.javascript.jscomp.TypeCheck#visitAssign(com.google.javascript.jscomp.NodeTraversal,com.google.javascript.rhino.Node):995, 4.482
com.google.javascript.jscomp.TypeCheck#visitAssign(com.google.javascript.jscomp.NodeTraversal,com.google.javascript.rhino.Node):996, 4.482
com.google.javascript.jscomp.TypeCheck#visitAssign(com.google.javascript.jscomp.NodeTraversal,com.google.javascript.rhino.Node):997, 4.482
com.google.javascript.jscomp.TypeCheck#visitAssign(com.google.javascript.jscomp.NodeTraversal,com.google.javascript.rhino.Node):1000, 4.482
com.google.javascript.jscomp.TypeCheck#visitAssign(com.google.javascript.jscomp.NodeTraversal,com.google.javascript.rhino.Node):1003, 4.482
com.google.javascript.jscomp.TypeCheck#visitAssign(com.google.javascript.jscomp.NodeTraversal,com.google.javascript.rhino.Node):1006, 4.482
com.google.javascript.jscomp.TypeCheck#visitAssign(com.google.javascript.jscomp.NodeTraversal,com.google.javascript.rhino.Node):1007, 4.482
com.google.javascript.jscomp.TypeCheck#visitAssign(com.google.javascript.jscomp.NodeTraversal,com.google.javascript.rhino.Node):1013, 4.482
com.google.javascript.jscomp.TypeCheck#visitAssign(com.google.javascript.jscomp.NodeTraversal,com.google.javascript.rhino.Node):1014, 4.482
com.google.javascript.jscomp.TypeCheck#visitAssign(com.google.javascript.jscomp.NodeTraversal,com.google.javascript.rhino.Node):1015, 4.482
com.google.javascript.jscomp.TypeCheck#visitAssign(com.google.javascript.jscomp.NodeTraversal,com.google.javascript.rhino.Node):1017, 4.482
com.google.javascript.jscomp.TypeCheck#visitAssign(com.google.javascript.jscomp.NodeTraversal,com.google.javascript.rhino.Node):1019, 4.482
com.google.javascript.jscomp.TypeCheck#visitAssign(com.google.javascript.jscomp.NodeTraversal,com.google.javascript.rhino.Node):1021, 4.482
com.google.javascript.rhino.jstype.ObjectType#getOwnPropertyJSDocInfo(java.lang.String):390, 4.479976901472151
com.google.javascript.rhino.jstype.ObjectType#getOwnPropertyJSDocInfo(java.lang.String):391, 4.479976901472151
com.google.javascript.jscomp.InferJSDocInfo#visit(com.google.javascript.jscomp.NodeTraversal,com.google.javascript.rhino.Node,com.google.javascript.rhino.Node):143, 4.476445816168388
com.google.javascript.jscomp.InferJSDocInfo#visit(com.google.javascript.jscomp.NodeTraversal,com.google.javascript.rhino.Node,com.google.javascript.rhino.Node):174, 4.476441335742105
com.google.javascript.jscomp.InferJSDocInfo#visit(com.google.javascript.jscomp.NodeTraversal,com.google.javascript.rhino.Node,com.google.javascript.rhino.Node):168, 4.476441194301548
com.google.javascript.jscomp.InferJSDocInfo#visit(com.google.javascript.jscomp.NodeTraversal,com.google.javascript.rhino.Node,com.google.javascript.rhino.Node):170, 4.476441194301548
com.google.javascript.jscomp.InferJSDocInfo#visit(com.google.javascript.jscomp.NodeTraversal,com.google.javascript.rhino.Node,com.google.javascript.rhino.Node):172, 4.476441194301548
com.google.javascript.jscomp.InferJSDocInfo#visit(com.google.javascript.jscomp.NodeTraversal,com.google.javascript.rhino.Node,com.google.javascript.rhino.Node):173, 4.476441194301548
com.google.javascript.jscomp.InferJSDocInfo#visit(com.google.javascript.jscomp.NodeTraversal,com.google.javascript.rhino.Node,com.google.javascript.rhino.Node):178, 4.476441194301548
com.google.javascript.jscomp.InferJSDocInfo#visit(com.google.javascript.jscomp.NodeTraversal,com.google.javascript.rhino.Node,com.google.javascript.rhino.Node):180, 4.476441194301548
com.google.javascript.jscomp.InferJSDocInfo#visit(com.google.javascript.jscomp.NodeTraversal,com.google.javascript.rhino.Node,com.google.javascript.rhino.Node):181, 4.476441194301548
com.google.javascript.jscomp.InferJSDocInfo#visit(com.google.javascript.jscomp.NodeTraversal,com.google.javascript.rhino.Node,com.google.javascript.rhino.Node):165, 4.476434550737433
com.google.javascript.jscomp.InferJSDocInfo#visit(com.google.javascript.jscomp.NodeTraversal,com.google.javascript.rhino.Node,com.google.javascript.rhino.Node):163, 4.476434124145232
com.google.javascript.jscomp.InferJSDocInfo#visit(com.google.javascript.jscomp.NodeTraversal,com.google.javascript.rhino.Node,com.google.javascript.rhino.Node):164, 4.476434124145232
com.google.javascript.jscomp.InferJSDocInfo#visit(com.google.javascript.jscomp.NodeTraversal,com.google.javascript.rhino.Node,com.google.javascript.rhino.Node):167, 4.476434124145232
com.google.javascript.jscomp.InferJSDocInfo#visit(com.google.javascript.jscomp.NodeTraversal,com.google.javascript.rhino.Node,com.google.javascript.rhino.Node):160, 4.476433615740594
com.google.javascript.jscomp.InferJSDocInfo#visit(com.google.javascript.jscomp.NodeTraversal,com.google.javascript.rhino.Node,com.google.javascript.rhino.Node):146, 4.476433362958696
com.google.javascript.jscomp.InferJSDocInfo#visit(com.google.javascript.jscomp.NodeTraversal,com.google.javascript.rhino.Node,com.google.javascript.rhino.Node):147, 4.476433362958696
com.google.javascript.jscomp.InferJSDocInfo#visit(com.google.javascript.jscomp.NodeTraversal,com.google.javascript.rhino.Node,com.google.javascript.rhino.Node):141, 4.476433027376027
com.google.javascript.jscomp.InferJSDocInfo#visit(com.google.javascript.jscomp.NodeTraversal,com.google.javascript.rhino.Node,com.google.javascript.rhino.Node):142, 4.476433027376027
com.google.javascript.jscomp.InferJSDocInfo#visit(com.google.javascript.jscomp.NodeTraversal,com.google.javascript.rhino.Node,com.google.javascript.rhino.Node):124, 4.476429323448464
com.google.javascript.jscomp.InferJSDocInfo#visit(com.google.javascript.jscomp.NodeTraversal,com.google.javascript.rhino.Node,com.google.javascript.rhino.Node):108, 4.476429283864818
com.google.javascript.jscomp.InferJSDocInfo#visit(com.google.javascript.jscomp.NodeTraversal,com.google.javascript.rhino.Node,com.google.javascript.rhino.Node):120, 4.476429244304746
com.google.javascript.jscomp.InferJSDocInfo#visit(com.google.javascript.jscomp.NodeTraversal,com.google.javascript.rhino.Node,com.google.javascript.rhino.Node):121, 4.476429244304746
com.google.javascript.jscomp.InferJSDocInfo#visit(com.google.javascript.jscomp.NodeTraversal,com.google.javascript.rhino.Node,com.google.javascript.rhino.Node):128, 4.476429244304746
com.google.javascript.jscomp.InferJSDocInfo#visit(com.google.javascript.jscomp.NodeTraversal,com.google.javascript.rhino.Node,com.google.javascript.rhino.Node):129, 4.476429244304746
com.google.javascript.jscomp.InferJSDocInfo#visit(com.google.javascript.jscomp.NodeTraversal,com.google.javascript.rhino.Node,com.google.javascript.rhino.Node):135, 4.476429244304746
com.google.javascript.jscomp.InferJSDocInfo#visit(com.google.javascript.jscomp.NodeTraversal,com.google.javascript.rhino.Node,com.google.javascript.rhino.Node):99, 4.476428771414115
com.google.javascript.jscomp.InferJSDocInfo#visit(com.google.javascript.jscomp.NodeTraversal,com.google.javascript.rhino.Node,com.google.javascript.rhino.Node):104, 4.476428771414115
com.google.javascript.jscomp.InferJSDocInfo#visit(com.google.javascript.jscomp.NodeTraversal,com.google.javascript.rhino.Node,com.google.javascript.rhino.Node):96, 4.476428458017918
com.google.javascript.jscomp.InferJSDocInfo#visit(com.google.javascript.jscomp.NodeTraversal,com.google.javascript.rhino.Node,com.google.javascript.rhino.Node):189, 4.476428458017918
com.google.javascript.jscomp.InferJSDocInfo#visit(com.google.javascript.jscomp.NodeTraversal,com.google.javascript.rhino.Node,com.google.javascript.rhino.Node):100, 4.47623
com.google.javascript.jscomp.InferJSDocInfo#visit(com.google.javascript.jscomp.NodeTraversal,com.google.javascript.rhino.Node,com.google.javascript.rhino.Node):130, 4.47623
com.google.javascript.jscomp.InferJSDocInfo#visit(com.google.javascript.jscomp.NodeTraversal,com.google.javascript.rhino.Node,com.google.javascript.rhino.Node):136, 4.47623
com.google.javascript.jscomp.TypedScopeCreator.AbstractScopeBuilder#maybeDeclareQualifiedName(com.google.javascript.jscomp.NodeTraversal,com.google.javascript.rhino.JSDocInfo,com.google.javascript.rhino.Node,com.google.javascript.rhino.Node,com.google.javascript.rhino.Node):1609, 4.472429335160605
com.google.javascript.jscomp.TypedScopeCreator.AbstractScopeBuilder#maybeDeclareQualifiedName(com.google.javascript.jscomp.NodeTraversal,com.google.javascript.rhino.JSDocInfo,com.google.javascript.rhino.Node,com.google.javascript.rhino.Node,com.google.javascript.rhino.Node):1603, 4.472429151935046
com.google.javascript.jscomp.TypedScopeCreator.AbstractScopeBuilder#maybeDeclareQualifiedName(com.google.javascript.jscomp.NodeTraversal,com.google.javascript.rhino.JSDocInfo,com.google.javascript.rhino.Node,com.google.javascript.rhino.Node,com.google.javascript.rhino.Node):1604, 4.472429151935046
com.google.javascript.jscomp.TypedScopeCreator.AbstractScopeBuilder#maybeDeclareQualifiedName(com.google.javascript.jscomp.NodeTraversal,com.google.javascript.rhino.JSDocInfo,com.google.javascript.rhino.Node,com.google.javascript.rhino.Node,com.google.javascript.rhino.Node):1599, 4.47242399668712
com.google.javascript.jscomp.TypedScopeCreator.AbstractScopeBuilder#maybeDeclareQualifiedName(com.google.javascript.jscomp.NodeTraversal,com.google.javascript.rhino.JSDocInfo,com.google.javascript.rhino.Node,com.google.javascript.rhino.Node,com.google.javascript.rhino.Node):1600, 4.47242399668712
com.google.javascript.jscomp.TypedScopeCreator.AbstractScopeBuilder#maybeDeclareQualifiedName(com.google.javascript.jscomp.NodeTraversal,com.google.javascript.rhino.JSDocInfo,com.google.javascript.rhino.Node,com.google.javascript.rhino.Node,com.google.javascript.rhino.Node):1615, 4.47242399668712
com.google.javascript.jscomp.TypedScopeCreator.AbstractScopeBuilder#maybeDeclareQualifiedName(com.google.javascript.jscomp.NodeTraversal,com.google.javascript.rhino.JSDocInfo,com.google.javascript.rhino.Node,com.google.javascript.rhino.Node,com.google.javascript.rhino.Node):1596, 4.472421660451699
com.google.javascript.jscomp.TypedScopeCreator.AbstractScopeBuilder#maybeDeclareQualifiedName(com.google.javascript.jscomp.NodeTraversal,com.google.javascript.rhino.JSDocInfo,com.google.javascript.rhino.Node,com.google.javascript.rhino.Node,com.google.javascript.rhino.Node):1598, 4.472421660451699
com.google.javascript.jscomp.TypedScopeCreator.AbstractScopeBuilder#maybeDeclareQualifiedName(com.google.javascript.jscomp.NodeTraversal,com.google.javascript.rhino.JSDocInfo,com.google.javascript.rhino.Node,com.google.javascript.rhino.Node,com.google.javascript.rhino.Node):1616, 4.472421660451699
com.google.javascript.jscomp.TypedScopeCreator.AbstractScopeBuilder#maybeDeclareQualifiedName(com.google.javascript.jscomp.NodeTraversal,com.google.javascript.rhino.JSDocInfo,com.google.javascript.rhino.Node,com.google.javascript.rhino.Node,com.google.javascript.rhino.Node):1631, 4.472421660451699
com.google.javascript.jscomp.TypedScopeCreator.AbstractScopeBuilder#maybeDeclareQualifiedName(com.google.javascript.jscomp.NodeTraversal,com.google.javascript.rhino.JSDocInfo,com.google.javascript.rhino.Node,com.google.javascript.rhino.Node,com.google.javascript.rhino.Node):1526, 4.472420602713571
com.google.javascript.jscomp.TypedScopeCreator.AbstractScopeBuilder#maybeDeclareQualifiedName(com.google.javascript.jscomp.NodeTraversal,com.google.javascript.rhino.JSDocInfo,com.google.javascript.rhino.Node,com.google.javascript.rhino.Node,com.google.javascript.rhino.Node):1527, 4.472420602713571
com.google.javascript.jscomp.TypedScopeCreator.AbstractScopeBuilder#maybeDeclareQualifiedName(com.google.javascript.jscomp.NodeTraversal,com.google.javascript.rhino.JSDocInfo,com.google.javascript.rhino.Node,com.google.javascript.rhino.Node,com.google.javascript.rhino.Node):1528, 4.472420602713571
com.google.javascript.jscomp.TypedScopeCreator.AbstractScopeBuilder#maybeDeclareQualifiedName(com.google.javascript.jscomp.NodeTraversal,com.google.javascript.rhino.JSDocInfo,com.google.javascript.rhino.Node,com.google.javascript.rhino.Node,com.google.javascript.rhino.Node):1529, 4.472420602713571
com.google.javascript.jscomp.TypedScopeCreator.AbstractScopeBuilder#maybeDeclareQualifiedName(com.google.javascript.jscomp.NodeTraversal,com.google.javascript.rhino.JSDocInfo,com.google.javascript.rhino.Node,com.google.javascript.rhino.Node,com.google.javascript.rhino.Node):1530, 4.472420602713571
com.google.javascript.jscomp.TypedScopeCreator.AbstractScopeBuilder#maybeDeclareQualifiedName(com.google.javascript.jscomp.NodeTraversal,com.google.javascript.rhino.JSDocInfo,com.google.javascript.rhino.Node,com.google.javascript.rhino.Node,com.google.javascript.rhino.Node):1546, 4.472420602713571
com.google.javascript.jscomp.TypedScopeCreator.AbstractScopeBuilder#maybeDeclareQualifiedName(com.google.javascript.jscomp.NodeTraversal,com.google.javascript.rhino.JSDocInfo,com.google.javascript.rhino.Node,com.google.javascript.rhino.Node,com.google.javascript.rhino.Node):1547, 4.472420602713571
com.google.javascript.jscomp.TypedScopeCreator.AbstractScopeBuilder#maybeDeclareQualifiedName(com.google.javascript.jscomp.NodeTraversal,com.google.javascript.rhino.JSDocInfo,com.google.javascript.rhino.Node,com.google.javascript.rhino.Node,com.google.javascript.rhino.Node):1557, 4.472420602713571
com.google.javascript.jscomp.TypedScopeCreator.AbstractScopeBuilder#maybeDeclareQualifiedName(com.google.javascript.jscomp.NodeTraversal,com.google.javascript.rhino.JSDocInfo,com.google.javascript.rhino.Node,com.google.javascript.rhino.Node,com.google.javascript.rhino.Node):1585, 4.472420602713571
com.google.javascript.jscomp.TypedScopeCreator.AbstractScopeBuilder#maybeDeclareQualifiedName(com.google.javascript.jscomp.NodeTraversal,com.google.javascript.rhino.JSDocInfo,com.google.javascript.rhino.Node,com.google.javascript.rhino.Node,com.google.javascript.rhino.Node):1549, 4.47222
com.google.javascript.jscomp.TypedScopeCreator.AbstractScopeBuilder#maybeDeclareQualifiedName(com.google.javascript.jscomp.NodeTraversal,com.google.javascript.rhino.JSDocInfo,com.google.javascript.rhino.Node,com.google.javascript.rhino.Node,com.google.javascript.rhino.Node):1558, 4.47222
com.google.javascript.jscomp.TypedScopeCreator.AbstractScopeBuilder#maybeDeclareQualifiedName(com.google.javascript.jscomp.NodeTraversal,com.google.javascript.rhino.JSDocInfo,com.google.javascript.rhino.Node,com.google.javascript.rhino.Node,com.google.javascript.rhino.Node):1559, 4.47222
com.google.javascript.jscomp.TypedScopeCreator.AbstractScopeBuilder#maybeDeclareQualifiedName(com.google.javascript.jscomp.NodeTraversal,com.google.javascript.rhino.JSDocInfo,com.google.javascript.rhino.Node,com.google.javascript.rhino.Node,com.google.javascript.rhino.Node):1565, 4.47222
com.google.javascript.jscomp.TypedScopeCreator.AbstractScopeBuilder#maybeDeclareQualifiedName(com.google.javascript.jscomp.NodeTraversal,com.google.javascript.rhino.JSDocInfo,com.google.javascript.rhino.Node,com.google.javascript.rhino.Node,com.google.javascript.rhino.Node):1566, 4.47222
com.google.javascript.jscomp.TypedScopeCreator.AbstractScopeBuilder#maybeDeclareQualifiedName(com.google.javascript.jscomp.NodeTraversal,com.google.javascript.rhino.JSDocInfo,com.google.javascript.rhino.Node,com.google.javascript.rhino.Node,com.google.javascript.rhino.Node):1569, 4.47222
com.google.javascript.jscomp.TypedScopeCreator.AbstractScopeBuilder#maybeDeclareQualifiedName(com.google.javascript.jscomp.NodeTraversal,com.google.javascript.rhino.JSDocInfo,com.google.javascript.rhino.Node,com.google.javascript.rhino.Node,com.google.javascript.rhino.Node):1571, 4.47222
com.google.javascript.jscomp.TypedScopeCreator.AbstractScopeBuilder#maybeDeclareQualifiedName(com.google.javascript.jscomp.NodeTraversal,com.google.javascript.rhino.JSDocInfo,com.google.javascript.rhino.Node,com.google.javascript.rhino.Node,com.google.javascript.rhino.Node):1577, 4.47222
com.google.javascript.jscomp.TypedScopeCreator.AbstractScopeBuilder#maybeDeclareQualifiedName(com.google.javascript.jscomp.NodeTraversal,com.google.javascript.rhino.JSDocInfo,com.google.javascript.rhino.Node,com.google.javascript.rhino.Node,com.google.javascript.rhino.Node):1579, 4.47222
com.google.javascript.jscomp.TypedScopeCreator.AbstractScopeBuilder#maybeDeclareQualifiedName(com.google.javascript.jscomp.NodeTraversal,com.google.javascript.rhino.JSDocInfo,com.google.javascript.rhino.Node,com.google.javascript.rhino.Node,com.google.javascript.rhino.Node):1580, 4.47222
com.google.javascript.jscomp.TypedScopeCreator.AbstractScopeBuilder#maybeDeclareQualifiedName(com.google.javascript.jscomp.NodeTraversal,com.google.javascript.rhino.JSDocInfo,com.google.javascript.rhino.Node,com.google.javascript.rhino.Node,com.google.javascript.rhino.Node):1586, 4.47222
com.google.javascript.jscomp.TypedScopeCreator.AbstractScopeBuilder#maybeDeclareQualifiedName(com.google.javascript.jscomp.NodeTraversal,com.google.javascript.rhino.JSDocInfo,com.google.javascript.rhino.Node,com.google.javascript.rhino.Node,com.google.javascript.rhino.Node):1587, 4.47222
com.google.javascript.jscomp.TypedScopeCreator.AbstractScopeBuilder#maybeDeclareQualifiedName(com.google.javascript.jscomp.NodeTraversal,com.google.javascript.rhino.JSDocInfo,com.google.javascript.rhino.Node,com.google.javascript.rhino.Node,com.google.javascript.rhino.Node):1593, 4.47222
com.google.javascript.jscomp.TypedScopeCreator.AbstractScopeBuilder#maybeDeclareQualifiedName(com.google.javascript.jscomp.NodeTraversal,com.google.javascript.rhino.JSDocInfo,com.google.javascript.rhino.Node,com.google.javascript.rhino.Node,com.google.javascript.rhino.Node):1618, 4.47222
com.google.javascript.jscomp.TypedScopeCreator.AbstractScopeBuilder#maybeDeclareQualifiedName(com.google.javascript.jscomp.NodeTraversal,com.google.javascript.rhino.JSDocInfo,com.google.javascript.rhino.Node,com.google.javascript.rhino.Node,com.google.javascript.rhino.Node):1620, 4.47222
com.google.javascript.jscomp.TypedScopeCreator.AbstractScopeBuilder#maybeDeclareQualifiedName(com.google.javascript.jscomp.NodeTraversal,com.google.javascript.rhino.JSDocInfo,com.google.javascript.rhino.Node,com.google.javascript.rhino.Node,com.google.javascript.rhino.Node):1621, 4.47222
com.google.javascript.jscomp.TypedScopeCreator.AbstractScopeBuilder#maybeDeclareQualifiedName(com.google.javascript.jscomp.NodeTraversal,com.google.javascript.rhino.JSDocInfo,com.google.javascript.rhino.Node,com.google.javascript.rhino.Node,com.google.javascript.rhino.Node):1622, 4.47222
com.google.javascript.jscomp.TypedScopeCreator.AbstractScopeBuilder#maybeDeclareQualifiedName(com.google.javascript.jscomp.NodeTraversal,com.google.javascript.rhino.JSDocInfo,com.google.javascript.rhino.Node,com.google.javascript.rhino.Node,com.google.javascript.rhino.Node):1623, 4.47222
com.google.javascript.jscomp.TypedScopeCreator.AbstractScopeBuilder#maybeDeclareQualifiedName(com.google.javascript.jscomp.NodeTraversal,com.google.javascript.rhino.JSDocInfo,com.google.javascript.rhino.Node,com.google.javascript.rhino.Node,com.google.javascript.rhino.Node):1625, 4.47222
com.google.javascript.jscomp.TypedScopeCreator.AbstractScopeBuilder#maybeDeclareQualifiedName(com.google.javascript.jscomp.NodeTraversal,com.google.javascript.rhino.JSDocInfo,com.google.javascript.rhino.Node,com.google.javascript.rhino.Node,com.google.javascript.rhino.Node):1627, 4.47222
com.google.javascript.jscomp.TypeValidator#expectAllInterfaceProperties(com.google.javascript.jscomp.NodeTraversal,com.google.javascript.rhino.Node,com.google.javascript.rhino.jstype.FunctionType):588, 4.46956545535709
com.google.javascript.jscomp.TypeValidator#expectAllInterfaceProperties(com.google.javascript.jscomp.NodeTraversal,com.google.javascript.rhino.Node,com.google.javascript.rhino.jstype.FunctionType):589, 4.46956545535709
com.google.javascript.jscomp.TypeValidator#expectAllInterfaceProperties(com.google.javascript.jscomp.NodeTraversal,com.google.javascript.rhino.Node,com.google.javascript.rhino.jstype.FunctionType):597, 4.46956545535709
com.google.javascript.jscomp.TypeValidator#expectAllInterfaceProperties(com.google.javascript.jscomp.NodeTraversal,com.google.javascript.rhino.Node,com.google.javascript.rhino.jstype.FunctionType):590, 4.46936
com.google.javascript.jscomp.TypeValidator#expectAllInterfaceProperties(com.google.javascript.jscomp.NodeTraversal,com.google.javascript.rhino.Node,com.google.javascript.rhino.jstype.FunctionType):592, 4.46936
com.google.javascript.jscomp.TypeValidator#expectAllInterfaceProperties(com.google.javascript.jscomp.NodeTraversal,com.google.javascript.rhino.Node,com.google.javascript.rhino.jstype.FunctionType):593, 4.46936
com.google.javascript.jscomp.TypeValidator#expectAllInterfaceProperties(com.google.javascript.jscomp.NodeTraversal,com.google.javascript.rhino.Node,com.google.javascript.rhino.jstype.FunctionType):594, 4.46936
com.google.javascript.jscomp.TypeValidator#expectAllInterfaceProperties(com.google.javascript.jscomp.NodeTraversal,com.google.javascript.rhino.Node,com.google.javascript.rhino.jstype.FunctionType):596, 4.46936
com.google.javascript.rhino.jstype.ProxyObjectType#toMaybeUnionType():215, 4.466795498734132
com.google.javascript.rhino.jstype.FunctionType#getAllImplementedInterfaces():489, 4.466275066195799
com.google.javascript.rhino.jstype.FunctionType#getAllImplementedInterfaces():491, 4.466275066195799
com.google.javascript.rhino.jstype.FunctionType#getAllImplementedInterfaces():494, 4.466275066195799
com.google.javascript.rhino.jstype.FunctionType#getAllImplementedInterfaces():492, 4.46607
com.google.javascript.rhino.jstype.FunctionType#getAllImplementedInterfaces():493, 4.46607
com.google.javascript.jscomp.InferJSDocInfo#attachJSDocInfoToNominalTypeOrShape(com.google.javascript.rhino.jstype.ObjectType,com.google.javascript.rhino.JSDocInfo,java.lang.String):221, 4.465778969189764
com.google.javascript.jscomp.InferJSDocInfo#attachJSDocInfoToNominalTypeOrShape(com.google.javascript.rhino.jstype.ObjectType,com.google.javascript.rhino.JSDocInfo,java.lang.String):218, 4.465777703246198
com.google.javascript.jscomp.InferJSDocInfo#attachJSDocInfoToNominalTypeOrShape(com.google.javascript.rhino.jstype.ObjectType,com.google.javascript.rhino.JSDocInfo,java.lang.String):209, 4.465777301196307
com.google.javascript.jscomp.InferJSDocInfo#attachJSDocInfoToNominalTypeOrShape(com.google.javascript.rhino.jstype.ObjectType,com.google.javascript.rhino.JSDocInfo,java.lang.String):211, 4.465777301196307
com.google.javascript.jscomp.InferJSDocInfo#attachJSDocInfoToNominalTypeOrShape(com.google.javascript.rhino.jstype.ObjectType,com.google.javascript.rhino.JSDocInfo,java.lang.String):212, 4.465777301196307
com.google.javascript.jscomp.InferJSDocInfo#attachJSDocInfoToNominalTypeOrShape(com.google.javascript.rhino.jstype.ObjectType,com.google.javascript.rhino.JSDocInfo,java.lang.String):207, 4.465774850948342
com.google.javascript.jscomp.InferJSDocInfo#attachJSDocInfoToNominalTypeOrShape(com.google.javascript.rhino.jstype.ObjectType,com.google.javascript.rhino.JSDocInfo,java.lang.String):203, 4.465771414873627
com.google.javascript.jscomp.InferJSDocInfo#attachJSDocInfoToNominalTypeOrShape(com.google.javascript.rhino.jstype.ObjectType,com.google.javascript.rhino.JSDocInfo,java.lang.String):223, 4.465771414873627
com.google.javascript.jscomp.InferJSDocInfo#attachJSDocInfoToNominalTypeOrShape(com.google.javascript.rhino.jstype.ObjectType,com.google.javascript.rhino.JSDocInfo,java.lang.String):214, 4.46557
com.google.javascript.jscomp.InferJSDocInfo#attachJSDocInfoToNominalTypeOrShape(com.google.javascript.rhino.jstype.ObjectType,com.google.javascript.rhino.JSDocInfo,java.lang.String):215, 4.46557
com.google.javascript.jscomp.TypeCheck#checkPropCreation(com.google.javascript.jscomp.NodeTraversal,com.google.javascript.rhino.Node):1038, 4.465585368685347
com.google.javascript.jscomp.TypeCheck#checkPropCreation(com.google.javascript.jscomp.NodeTraversal,com.google.javascript.rhino.Node):1032, 4.465585282123199
com.google.javascript.jscomp.TypeCheck#checkPropCreation(com.google.javascript.jscomp.NodeTraversal,com.google.javascript.rhino.Node):1033, 4.465585282123199
com.google.javascript.jscomp.TypeCheck#checkPropCreation(com.google.javascript.jscomp.NodeTraversal,com.google.javascript.rhino.Node):1034, 4.465585282123199
com.google.javascript.jscomp.TypeCheck#checkPropCreation(com.google.javascript.jscomp.NodeTraversal,com.google.javascript.rhino.Node):1035, 4.465585282123199
com.google.javascript.jscomp.TypeCheck#checkPropCreation(com.google.javascript.jscomp.NodeTraversal,com.google.javascript.rhino.Node):1037, 4.465585282123199
com.google.javascript.jscomp.TypeCheck#checkPropCreation(com.google.javascript.jscomp.NodeTraversal,com.google.javascript.rhino.Node):1031, 4.465585238883151
com.google.javascript.jscomp.TypeCheck#checkPropCreation(com.google.javascript.jscomp.NodeTraversal,com.google.javascript.rhino.Node):1040, 4.46538
com.google.javascript.jscomp.TypeCheck#checkPropCreation(com.google.javascript.jscomp.NodeTraversal,com.google.javascript.rhino.Node):1041, 4.46538
com.google.javascript.jscomp.TypeCheck#checkPropCreation(com.google.javascript.jscomp.NodeTraversal,com.google.javascript.rhino.Node):1042, 4.46538
com.google.javascript.jscomp.TypeCheck#checkPropCreation(com.google.javascript.jscomp.NodeTraversal,com.google.javascript.rhino.Node):1045, 4.46538
com.google.javascript.jscomp.TypeCheck#checkPropCreation(com.google.javascript.jscomp.NodeTraversal,com.google.javascript.rhino.Node):1046, 4.46538
com.google.javascript.jscomp.TypeCheck#checkPropCreation(com.google.javascript.jscomp.NodeTraversal,com.google.javascript.rhino.Node):1047, 4.46538
com.google.javascript.jscomp.TypeCheck#checkPropCreation(com.google.javascript.jscomp.NodeTraversal,com.google.javascript.rhino.Node):1050, 4.46538
com.google.javascript.jscomp.TypeCheck#checkPropCreation(com.google.javascript.jscomp.NodeTraversal,com.google.javascript.rhino.Node):1052, 4.46538
com.google.javascript.jscomp.TypeCheck#checkPropCreation(com.google.javascript.jscomp.NodeTraversal,com.google.javascript.rhino.Node):1053, 4.46538
com.google.javascript.jscomp.TypeCheck#checkPropCreation(com.google.javascript.jscomp.NodeTraversal,com.google.javascript.rhino.Node):1054, 4.46538
com.google.javascript.jscomp.TypeCheck#checkPropCreation(com.google.javascript.jscomp.NodeTraversal,com.google.javascript.rhino.Node):1055, 4.46538
com.google.javascript.jscomp.TypeCheck#checkPropCreation(com.google.javascript.jscomp.NodeTraversal,com.google.javascript.rhino.Node):1056, 4.46538
com.google.javascript.jscomp.TypeCheck#checkPropCreation(com.google.javascript.jscomp.NodeTraversal,com.google.javascript.rhino.Node):1057, 4.46538
com.google.javascript.jscomp.TypeCheck#checkPropCreation(com.google.javascript.jscomp.NodeTraversal,com.google.javascript.rhino.Node):1060, 4.46538
com.google.javascript.jscomp.TypeCheck#checkPropCreation(com.google.javascript.jscomp.NodeTraversal,com.google.javascript.rhino.Node):1062, 4.46538
com.google.javascript.rhino.jstype.ProxyObjectType#toMaybeFunctionType():220, 4.465585325390588
com.google.javascript.rhino.jstype.UnionType#restrictByNotNullOrUndefined():225, 4.464153784786484
com.google.javascript.rhino.jstype.UnionType#restrictByNotNullOrUndefined():226, 4.464153784786484
com.google.javascript.rhino.jstype.UnionType#restrictByNotNullOrUndefined():227, 4.464153784786484
com.google.javascript.rhino.jstype.UnionType#restrictByNotNullOrUndefined():228, 4.464153784786484
com.google.javascript.rhino.jstype.UnionType#restrictByNotNullOrUndefined():229, 4.464153784786484
com.google.javascript.rhino.jstype.ObjectType#isPropertyTypeDeclared(java.lang.String):469, 4.462111414873627
com.google.javascript.rhino.jstype.ObjectType#isPropertyTypeDeclared(java.lang.String):470, 4.462111414873627
com.google.javascript.jscomp.parsing.JsDocInfoParser#newNode(int):2312, 4.461722195633997
com.google.javascript.rhino.JSDocInfo#getParameterNames():1043, 4.461719106203781
com.google.javascript.rhino.JSDocInfo#getParameterNames():1041, 4.461710723911476
com.google.javascript.rhino.JSDocInfo#getParameterNames():1040, 4.461707142430671
com.google.javascript.jscomp.FunctionTypeBuilder#getScopeDeclaredIn():812, 4.461675412007505
com.google.javascript.jscomp.FunctionTypeBuilder#getScopeDeclaredIn():804, 4.461673236920284
com.google.javascript.jscomp.FunctionTypeBuilder#getScopeDeclaredIn():805, 4.461673236920284
com.google.javascript.jscomp.FunctionTypeBuilder#getScopeDeclaredIn():806, 4.46147
com.google.javascript.jscomp.FunctionTypeBuilder#getScopeDeclaredIn():807, 4.46147
com.google.javascript.jscomp.FunctionTypeBuilder#getScopeDeclaredIn():808, 4.46147
com.google.javascript.jscomp.FunctionTypeBuilder#getScopeDeclaredIn():809, 4.46147
com.google.javascript.rhino.jstype.FunctionType#getParameters():278, 4.455454166684389
com.google.javascript.rhino.jstype.FunctionType#getParameters():279, 4.455454166684389
com.google.javascript.rhino.jstype.FunctionType#getParameters():280, 4.455454166684389
com.google.javascript.rhino.jstype.FunctionType#getParameters():282, 4.45525
com.google.javascript.jscomp.TypeCheck#visitGetProp(com.google.javascript.jscomp.NodeTraversal,com.google.javascript.rhino.Node,com.google.javascript.rhino.Node):1440, 4.455094039146625
com.google.javascript.jscomp.TypeCheck#visitGetProp(com.google.javascript.jscomp.NodeTraversal,com.google.javascript.rhino.Node,com.google.javascript.rhino.Node):1441, 4.455094039146625
com.google.javascript.jscomp.TypeCheck#visitGetProp(com.google.javascript.jscomp.NodeTraversal,com.google.javascript.rhino.Node,com.google.javascript.rhino.Node):1442, 4.455094039146625
com.google.javascript.jscomp.TypeCheck#visitGetProp(com.google.javascript.jscomp.NodeTraversal,com.google.javascript.rhino.Node,com.google.javascript.rhino.Node):1444, 4.455094039146625
com.google.javascript.jscomp.TypeCheck#visitGetProp(com.google.javascript.jscomp.NodeTraversal,com.google.javascript.rhino.Node,com.google.javascript.rhino.Node):1446, 4.455094039146625
com.google.javascript.jscomp.TypeCheck#visitGetProp(com.google.javascript.jscomp.NodeTraversal,com.google.javascript.rhino.Node,com.google.javascript.rhino.Node):1448, 4.455094039146625
com.google.javascript.jscomp.TypeCheck#visitGetProp(com.google.javascript.jscomp.NodeTraversal,com.google.javascript.rhino.Node,com.google.javascript.rhino.Node):1450, 4.455094039146625
com.google.javascript.jscomp.TypeCheck#visitGetProp(com.google.javascript.jscomp.NodeTraversal,com.google.javascript.rhino.Node,com.google.javascript.rhino.Node):1451, 4.455094039146625
com.google.javascript.jscomp.TypeCheck#visitGetProp(com.google.javascript.jscomp.NodeTraversal,com.google.javascript.rhino.Node,com.google.javascript.rhino.Node):1445, 4.45489
com.google.javascript.jscomp.TypeCheck#checkPropertyAccess(com.google.javascript.rhino.jstype.JSType,java.lang.String,com.google.javascript.jscomp.NodeTraversal,com.google.javascript.rhino.Node):1466, 4.455094039146625
com.google.javascript.jscomp.TypeCheck#checkPropertyAccess(com.google.javascript.rhino.jstype.JSType,java.lang.String,com.google.javascript.jscomp.NodeTraversal,com.google.javascript.rhino.Node):1467, 4.455094039146625
com.google.javascript.jscomp.TypeCheck#checkPropertyAccess(com.google.javascript.rhino.jstype.JSType,java.lang.String,com.google.javascript.jscomp.NodeTraversal,com.google.javascript.rhino.Node):1488, 4.455094039146625
com.google.javascript.jscomp.TypeCheck#checkPropertyAccess(com.google.javascript.rhino.jstype.JSType,java.lang.String,com.google.javascript.jscomp.NodeTraversal,com.google.javascript.rhino.Node):1468, 4.45489
com.google.javascript.jscomp.TypeCheck#checkPropertyAccess(com.google.javascript.rhino.jstype.JSType,java.lang.String,com.google.javascript.jscomp.NodeTraversal,com.google.javascript.rhino.Node):1469, 4.45489
com.google.javascript.jscomp.TypeCheck#checkPropertyAccess(com.google.javascript.rhino.jstype.JSType,java.lang.String,com.google.javascript.jscomp.NodeTraversal,com.google.javascript.rhino.Node):1470, 4.45489
com.google.javascript.jscomp.TypeCheck#checkPropertyAccess(com.google.javascript.rhino.jstype.JSType,java.lang.String,com.google.javascript.jscomp.NodeTraversal,com.google.javascript.rhino.Node):1474, 4.45489
com.google.javascript.jscomp.TypeCheck#checkPropertyAccess(com.google.javascript.rhino.jstype.JSType,java.lang.String,com.google.javascript.jscomp.NodeTraversal,com.google.javascript.rhino.Node):1477, 4.45489
com.google.javascript.jscomp.TypeCheck#checkPropertyAccess(com.google.javascript.rhino.jstype.JSType,java.lang.String,com.google.javascript.jscomp.NodeTraversal,com.google.javascript.rhino.Node):1478, 4.45489
com.google.javascript.jscomp.TypeCheck#checkPropertyAccess(com.google.javascript.rhino.jstype.JSType,java.lang.String,com.google.javascript.jscomp.NodeTraversal,com.google.javascript.rhino.Node):1480, 4.45489
com.google.javascript.jscomp.TypeCheck#checkPropertyAccess(com.google.javascript.rhino.jstype.JSType,java.lang.String,com.google.javascript.jscomp.NodeTraversal,com.google.javascript.rhino.Node):1485, 4.45489
com.google.javascript.rhino.jstype.FunctionType#makesDicts():233, 4.453873869467472
com.google.javascript.rhino.jstype.FunctionType#makesDicts():236, 4.453873869467472
com.google.javascript.rhino.jstype.FunctionType#makesDicts():239, 4.453873869467472
com.google.javascript.rhino.jstype.FunctionType#makesDicts():240, 4.453873869467472
com.google.javascript.rhino.jstype.FunctionType#makesDicts():244, 4.453873869467472
com.google.javascript.rhino.jstype.FunctionType#makesDicts():234, 4.45367
com.google.javascript.rhino.jstype.FunctionType#makesDicts():237, 4.45367
com.google.javascript.rhino.jstype.FunctionType#makesDicts():241, 4.45367
com.google.javascript.rhino.jstype.FunctionType#makesDicts():242, 4.45367
com.google.javascript.rhino.JSDocInfoBuilder#markName(java.lang.String,com.google.javascript.rhino.jstype.StaticSourceFile,int,int):216, 4.45383137403111
com.google.javascript.rhino.JSDocInfoBuilder#markName(java.lang.String,com.google.javascript.rhino.jstype.StaticSourceFile,int,int):241, 4.45383137403111
com.google.javascript.rhino.JSDocInfoBuilder#markName(java.lang.String,com.google.javascript.rhino.jstype.StaticSourceFile,int,int):224, 4.45363
com.google.javascript.rhino.JSDocInfoBuilder#markName(java.lang.String,com.google.javascript.rhino.jstype.StaticSourceFile,int,int):226, 4.45363
com.google.javascript.rhino.JSDocInfoBuilder#markName(java.lang.String,com.google.javascript.rhino.jstype.StaticSourceFile,int,int):227, 4.45363
com.google.javascript.rhino.JSDocInfoBuilder#markName(java.lang.String,com.google.javascript.rhino.jstype.StaticSourceFile,int,int):229, 4.45363
com.google.javascript.rhino.JSDocInfoBuilder#markName(java.lang.String,com.google.javascript.rhino.jstype.StaticSourceFile,int,int):231, 4.45363
com.google.javascript.rhino.JSDocInfoBuilder#markName(java.lang.String,com.google.javascript.rhino.jstype.StaticSourceFile,int,int):233, 4.45363
com.google.javascript.rhino.JSDocInfoBuilder#markName(java.lang.String,com.google.javascript.rhino.jstype.StaticSourceFile,int,int):234, 4.45363
com.google.javascript.rhino.JSDocInfoBuilder#markName(java.lang.String,com.google.javascript.rhino.jstype.StaticSourceFile,int,int):235, 4.45363
com.google.javascript.rhino.JSDocInfoBuilder#markName(java.lang.String,com.google.javascript.rhino.jstype.StaticSourceFile,int,int):236, 4.45363
com.google.javascript.rhino.JSDocInfoBuilder#markName(java.lang.String,com.google.javascript.rhino.jstype.StaticSourceFile,int,int):237, 4.45363
com.google.javascript.rhino.JSDocInfoBuilder#markName(java.lang.String,com.google.javascript.rhino.jstype.StaticSourceFile,int,int):239, 4.45363
com.google.javascript.jscomp.DataFlowAnalysis.BranchedForwardDataFlowAnalysis#initialize():394, 4.452359049766339
com.google.javascript.jscomp.DataFlowAnalysis.BranchedForwardDataFlowAnalysis#initialize():395, 4.452359049766339
com.google.javascript.jscomp.DataFlowAnalysis.BranchedForwardDataFlowAnalysis#initialize():396, 4.452359049766339
com.google.javascript.jscomp.DataFlowAnalysis.BranchedForwardDataFlowAnalysis#initialize():397, 4.452359049766339
com.google.javascript.jscomp.DataFlowAnalysis.BranchedForwardDataFlowAnalysis#initialize():398, 4.452359049766339
com.google.javascript.jscomp.DataFlowAnalysis.BranchedForwardDataFlowAnalysis#initialize():399, 4.452359049766339
com.google.javascript.jscomp.DataFlowAnalysis.BranchedForwardDataFlowAnalysis#initialize():401, 4.452359049766339
com.google.javascript.jscomp.DataFlowAnalysis.BranchedForwardDataFlowAnalysis#initialize():403, 4.452359049766339
com.google.javascript.jscomp.DataFlowAnalysis.BranchedForwardDataFlowAnalysis#initialize():404, 4.452359049766339
com.google.javascript.jscomp.DataFlowAnalysis.BranchedForwardDataFlowAnalysis#initialize():406, 4.452359049766339
com.google.javascript.jscomp.DataFlowAnalysis.BranchedForwardDataFlowAnalysis#initialize():407, 4.452359049766339
com.google.javascript.jscomp.TypeInference#ensurePropertyDefined(com.google.javascript.rhino.Node,com.google.javascript.rhino.jstype.JSType):588, 4.451454081632653
com.google.javascript.jscomp.TypeInference#ensurePropertyDefined(com.google.javascript.rhino.Node,com.google.javascript.rhino.jstype.JSType):615, 4.451454081632653
com.google.javascript.jscomp.TypeInference#ensurePropertyDefined(com.google.javascript.rhino.Node,com.google.javascript.rhino.jstype.JSType):584, 4.45145223697857
com.google.javascript.jscomp.TypeInference#ensurePropertyDefined(com.google.javascript.rhino.Node,com.google.javascript.rhino.jstype.JSType):568, 4.451452195633997
com.google.javascript.jscomp.TypeInference#ensurePropertyDefined(com.google.javascript.rhino.Node,com.google.javascript.rhino.jstype.JSType):569, 4.451452195633997
com.google.javascript.jscomp.TypeInference#ensurePropertyDefined(com.google.javascript.rhino.Node,com.google.javascript.rhino.jstype.JSType):570, 4.451452195633997
com.google.javascript.jscomp.TypeInference#ensurePropertyDefined(com.google.javascript.rhino.Node,com.google.javascript.rhino.jstype.JSType):571, 4.451452195633997
com.google.javascript.jscomp.TypeInference#ensurePropertyDefined(com.google.javascript.rhino.Node,com.google.javascript.rhino.jstype.JSType):573, 4.451452195633997
com.google.javascript.jscomp.TypeInference#ensurePropertyDefined(com.google.javascript.rhino.Node,com.google.javascript.rhino.jstype.JSType):577, 4.451452195633997
com.google.javascript.jscomp.TypeInference#ensurePropertyDefined(com.google.javascript.rhino.Node,com.google.javascript.rhino.jstype.JSType):574, 4.45125
com.google.javascript.jscomp.TypeInference#ensurePropertyDefined(com.google.javascript.rhino.Node,com.google.javascript.rhino.jstype.JSType):578, 4.45125
com.google.javascript.jscomp.TypeInference#ensurePropertyDefined(com.google.javascript.rhino.Node,com.google.javascript.rhino.jstype.JSType):580, 4.45125
com.google.javascript.jscomp.TypeInference#ensurePropertyDefined(com.google.javascript.rhino.Node,com.google.javascript.rhino.jstype.JSType):585, 4.45125
com.google.javascript.jscomp.TypeInference#ensurePropertyDefined(com.google.javascript.rhino.Node,com.google.javascript.rhino.jstype.JSType):601, 4.45125
com.google.javascript.jscomp.TypeInference#ensurePropertyDefined(com.google.javascript.rhino.Node,com.google.javascript.rhino.jstype.JSType):602, 4.45125
com.google.javascript.jscomp.TypeInference#ensurePropertyDefined(com.google.javascript.rhino.Node,com.google.javascript.rhino.jstype.JSType):603, 4.45125
com.google.javascript.jscomp.TypeInference#ensurePropertyDefined(com.google.javascript.rhino.Node,com.google.javascript.rhino.jstype.JSType):605, 4.45125
com.google.javascript.jscomp.TypeInference#ensurePropertyDefined(com.google.javascript.rhino.Node,com.google.javascript.rhino.jstype.JSType):607, 4.45125
com.google.javascript.jscomp.TypeInference#ensurePropertyDefined(com.google.javascript.rhino.Node,com.google.javascript.rhino.jstype.JSType):609, 4.45125
com.google.javascript.jscomp.TypeInference#ensurePropertyDefined(com.google.javascript.rhino.Node,com.google.javascript.rhino.jstype.JSType):611, 4.45125
com.google.javascript.jscomp.TypedScopeCreator.AbstractScopeBuilder#defineSlot(com.google.javascript.rhino.Node,com.google.javascript.rhino.Node,com.google.javascript.rhino.jstype.JSType,boolean):1131, 4.447622985544899
com.google.javascript.jscomp.TypedScopeCreator.AbstractScopeBuilder#defineSlot(com.google.javascript.rhino.Node,com.google.javascript.rhino.Node,com.google.javascript.rhino.jstype.JSType,boolean):1125, 4.447611565257044
com.google.javascript.jscomp.TypedScopeCreator.AbstractScopeBuilder#defineSlot(com.google.javascript.rhino.Node,com.google.javascript.rhino.Node,com.google.javascript.rhino.jstype.JSType,boolean):1120, 4.447611459895267
com.google.javascript.jscomp.TypedScopeCreator.AbstractScopeBuilder#defineSlot(com.google.javascript.rhino.Node,com.google.javascript.rhino.Node,com.google.javascript.rhino.jstype.JSType,boolean):1124, 4.447611459895267
com.google.javascript.jscomp.TypedScopeCreator.AbstractScopeBuilder#defineSlot(com.google.javascript.rhino.Node,com.google.javascript.rhino.Node,com.google.javascript.rhino.jstype.JSType,boolean):1136, 4.447611459895267
com.google.javascript.jscomp.TypedScopeCreator.AbstractScopeBuilder#defineSlot(com.google.javascript.rhino.Node,com.google.javascript.rhino.Node,com.google.javascript.rhino.jstype.JSType,boolean):1137, 4.447611459895267
com.google.javascript.rhino.jstype.ArrowType#resolveInternal(com.google.javascript.rhino.ErrorReporter,com.google.javascript.rhino.jstype.StaticScope):275, 4.4446979778951
com.google.javascript.rhino.jstype.ArrowType#resolveInternal(com.google.javascript.rhino.ErrorReporter,com.google.javascript.rhino.jstype.StaticScope):276, 4.4446979778951
com.google.javascript.rhino.jstype.ArrowType#resolveInternal(com.google.javascript.rhino.ErrorReporter,com.google.javascript.rhino.jstype.StaticScope):277, 4.4446979778951
com.google.javascript.rhino.jstype.ArrowType#resolveInternal(com.google.javascript.rhino.ErrorReporter,com.google.javascript.rhino.jstype.StaticScope):278, 4.4446979778951
com.google.javascript.rhino.jstype.ArrowType#resolveInternal(com.google.javascript.rhino.ErrorReporter,com.google.javascript.rhino.jstype.StaticScope):279, 4.4446979778951
com.google.javascript.rhino.jstype.ArrowType#resolveInternal(com.google.javascript.rhino.ErrorReporter,com.google.javascript.rhino.jstype.StaticScope):282, 4.4446979778951
com.google.javascript.jscomp.TypeInference#ensurePropertyDeclaredHelper(com.google.javascript.rhino.Node,com.google.javascript.rhino.jstype.ObjectType):644, 4.444133954254112
com.google.javascript.jscomp.TypeInference#ensurePropertyDeclaredHelper(com.google.javascript.rhino.Node,com.google.javascript.rhino.jstype.ObjectType):654, 4.444132693449196
com.google.javascript.jscomp.TypeInference#ensurePropertyDeclaredHelper(com.google.javascript.rhino.Node,com.google.javascript.rhino.jstype.ObjectType):638, 4.444130602713571
com.google.javascript.jscomp.TypeInference#ensurePropertyDeclaredHelper(com.google.javascript.rhino.Node,com.google.javascript.rhino.jstype.ObjectType):639, 4.444130602713571
com.google.javascript.jscomp.TypeInference#ensurePropertyDeclaredHelper(com.google.javascript.rhino.Node,com.google.javascript.rhino.jstype.ObjectType):640, 4.444130602713571
com.google.javascript.jscomp.TypeInference#ensurePropertyDeclaredHelper(com.google.javascript.rhino.Node,com.google.javascript.rhino.jstype.ObjectType):641, 4.444130602713571
com.google.javascript.jscomp.TypeInference#ensurePropertyDeclaredHelper(com.google.javascript.rhino.Node,com.google.javascript.rhino.jstype.ObjectType):642, 4.444130602713571
com.google.javascript.jscomp.TypeInference#ensurePropertyDeclaredHelper(com.google.javascript.rhino.Node,com.google.javascript.rhino.jstype.ObjectType):649, 4.44393
com.google.javascript.rhino.JSDocInfo#getImplementedInterfaceCount():1338, 4.443827180751681
com.google.javascript.rhino.JSDocInfo#getImplementedInterfaceCount():1337, 4.4438271424306715
com.google.javascript.rhino.JSDocInfo#getImplementedInterfaceCount():1340, 4.44363
com.google.javascript.jscomp.InferJSDocInfo#process(com.google.javascript.rhino.Node,com.google.javascript.rhino.Node):75, 4.443414379779828
com.google.javascript.jscomp.InferJSDocInfo#process(com.google.javascript.rhino.Node,com.google.javascript.rhino.Node):76, 4.443414379779828
com.google.javascript.jscomp.InferJSDocInfo#process(com.google.javascript.rhino.Node,com.google.javascript.rhino.Node):74, 4.443408458017918
com.google.javascript.jscomp.InferJSDocInfo#process(com.google.javascript.rhino.Node,com.google.javascript.rhino.Node):78, 4.443408458017918
com.google.javascript.jscomp.InferJSDocInfo#process(com.google.javascript.rhino.Node,com.google.javascript.rhino.Node):82, 4.443408458017918
com.google.javascript.jscomp.InferJSDocInfo#process(com.google.javascript.rhino.Node,com.google.javascript.rhino.Node):79, 4.44321
com.google.javascript.jscomp.InferJSDocInfo#process(com.google.javascript.rhino.Node,com.google.javascript.rhino.Node):80, 4.44321
com.google.javascript.jscomp.parsing.IRFactory#handlePossibleFileOverviewJsDoc(com.google.javascript.jscomp.parsing.JsDocInfoParser):264, 4.4427656801253175
com.google.javascript.jscomp.parsing.IRFactory#handlePossibleFileOverviewJsDoc(com.google.javascript.jscomp.parsing.JsDocInfoParser):260, 4.442765634664999
com.google.javascript.jscomp.parsing.IRFactory#handlePossibleFileOverviewJsDoc(com.google.javascript.jscomp.parsing.JsDocInfoParser):261, 4.4426
com.google.javascript.jscomp.parsing.IRFactory#handlePossibleFileOverviewJsDoc(com.google.javascript.jscomp.parsing.JsDocInfoParser):262, 4.4426
com.google.javascript.jscomp.parsing.JsDocInfoParser#wrapNode(int,com.google.javascript.rhino.Node):2306, 4.4413583799002145
com.google.javascript.jscomp.TypeInference#inferArguments(com.google.javascript.jscomp.Scope):147, 4.440190724875981
com.google.javascript.jscomp.TypeInference#inferArguments(com.google.javascript.jscomp.Scope):151, 4.440190724875981
com.google.javascript.jscomp.TypeInference#inferArguments(com.google.javascript.jscomp.Scope):152, 4.440190724875981
com.google.javascript.jscomp.TypeInference#inferArguments(com.google.javascript.jscomp.Scope):142, 4.440190631365936
com.google.javascript.jscomp.TypeInference#inferArguments(com.google.javascript.jscomp.Scope):144, 4.440190631365936
com.google.javascript.jscomp.TypeInference#inferArguments(com.google.javascript.jscomp.Scope):146, 4.440190631365936
com.google.javascript.jscomp.TypeInference#inferArguments(com.google.javascript.jscomp.Scope):150, 4.440190631365936
com.google.javascript.jscomp.TypeInference#inferArguments(com.google.javascript.jscomp.Scope):138, 4.440185585570702
com.google.javascript.jscomp.TypeInference#inferArguments(com.google.javascript.jscomp.Scope):139, 4.440185585570702
com.google.javascript.jscomp.TypeInference#inferArguments(com.google.javascript.jscomp.Scope):140, 4.440185585570702
com.google.javascript.jscomp.TypeInference#inferArguments(com.google.javascript.jscomp.Scope):156, 4.440185585570702
com.google.javascript.jscomp.TypeInference#inferArguments(com.google.javascript.jscomp.Scope):157, 4.440185585570702
com.google.javascript.jscomp.TypeInference#inferArguments(com.google.javascript.jscomp.Scope):159, 4.440185585570702
com.google.javascript.jscomp.TypeInference#inferArguments(com.google.javascript.jscomp.Scope):162, 4.440185585570702
com.google.javascript.jscomp.TypeInference#inferArguments(com.google.javascript.jscomp.Scope):134, 4.440171635594941
com.google.javascript.jscomp.TypeInference#inferArguments(com.google.javascript.jscomp.Scope):135, 4.440171635594941
com.google.javascript.jscomp.TypeInference#inferArguments(com.google.javascript.jscomp.Scope):136, 4.440171635594941
com.google.javascript.jscomp.TypeInference#inferArguments(com.google.javascript.jscomp.Scope):137, 4.440171635594941
com.google.javascript.jscomp.TypeInference#inferArguments(com.google.javascript.jscomp.Scope):123, 4.440169083558415
com.google.javascript.jscomp.TypeInference#inferArguments(com.google.javascript.jscomp.Scope):124, 4.440169083558415
com.google.javascript.jscomp.TypeInference#inferArguments(com.google.javascript.jscomp.Scope):125, 4.440169083558415
com.google.javascript.jscomp.TypeInference#inferArguments(com.google.javascript.jscomp.Scope):127, 4.440169083558415
com.google.javascript.jscomp.TypeInference#inferArguments(com.google.javascript.jscomp.Scope):131, 4.440169083558415
com.google.javascript.jscomp.TypeInference#inferArguments(com.google.javascript.jscomp.Scope):133, 4.440169083558415
com.google.javascript.jscomp.TypeInference#inferArguments(com.google.javascript.jscomp.Scope):165, 4.440169083558415
com.google.javascript.jscomp.TypeInference#inferArguments(com.google.javascript.jscomp.Scope):128, 4.43998
com.google.javascript.jscomp.TypeInference#inferArguments(com.google.javascript.jscomp.Scope):145, 4.43998
com.google.javascript.jscomp.TypeInference#inferArguments(com.google.javascript.jscomp.Scope):160, 4.43998
com.google.javascript.rhino.jstype.ArrowType#hashCode():234, 4.440104209250153
com.google.javascript.rhino.jstype.ArrowType#hashCode():235, 4.440104209250153
com.google.javascript.rhino.jstype.ArrowType#hashCode():236, 4.440104209250153
com.google.javascript.rhino.jstype.ArrowType#hashCode():238, 4.440104209250153
com.google.javascript.rhino.jstype.ArrowType#hashCode():239, 4.440104209250153
com.google.javascript.rhino.jstype.ArrowType#hashCode():224, 4.440102402610848
com.google.javascript.rhino.jstype.ArrowType#hashCode():225, 4.440102402610848
com.google.javascript.rhino.jstype.ArrowType#hashCode():226, 4.440102402610848
com.google.javascript.rhino.jstype.ArrowType#hashCode():228, 4.440102402610848
com.google.javascript.rhino.jstype.ArrowType#hashCode():231, 4.440102402610848
com.google.javascript.rhino.jstype.ArrowType#hashCode():232, 4.440102402610848
com.google.javascript.rhino.jstype.ArrowType#hashCode():233, 4.440102402610848
com.google.javascript.rhino.jstype.ArrowType#hashCode():241, 4.440102402610848
com.google.javascript.rhino.jstype.ArrowType#hashCode():229, 4.4399
com.google.javascript.rhino.jstype.FunctionType#getSlot(java.lang.String):340, 4.438512402610849
com.google.javascript.rhino.jstype.FunctionType#getSlot(java.lang.String):341, 4.438512402610849
com.google.javascript.rhino.jstype.FunctionType#getSlot(java.lang.String):338, 4.438511292420557
com.google.javascript.rhino.jstype.FunctionType#getSlot(java.lang.String):343, 4.43831
com.google.javascript.jscomp.LinkedFlowScope#inferQualifiedSlot(com.google.javascript.rhino.Node,java.lang.String,com.google.javascript.rhino.jstype.JSType,com.google.javascript.rhino.jstype.JSType):114, 4.435731824670335
com.google.javascript.jscomp.LinkedFlowScope#inferQualifiedSlot(com.google.javascript.rhino.Node,java.lang.String,com.google.javascript.rhino.jstype.JSType,com.google.javascript.rhino.jstype.JSType):115, 4.435731824670335
com.google.javascript.jscomp.LinkedFlowScope#inferQualifiedSlot(com.google.javascript.rhino.Node,java.lang.String,com.google.javascript.rhino.jstype.JSType,com.google.javascript.rhino.jstype.JSType):122, 4.435731824670335
com.google.javascript.jscomp.LinkedFlowScope#inferQualifiedSlot(com.google.javascript.rhino.Node,java.lang.String,com.google.javascript.rhino.jstype.JSType,com.google.javascript.rhino.jstype.JSType):116, 4.43553
com.google.javascript.jscomp.LinkedFlowScope#inferQualifiedSlot(com.google.javascript.rhino.Node,java.lang.String,com.google.javascript.rhino.jstype.JSType,com.google.javascript.rhino.jstype.JSType):117, 4.43553
com.google.javascript.jscomp.LinkedFlowScope#inferQualifiedSlot(com.google.javascript.rhino.Node,java.lang.String,com.google.javascript.rhino.jstype.JSType,com.google.javascript.rhino.jstype.JSType):120, 4.43553
com.google.javascript.rhino.jstype.FunctionType#makesStructs():213, 4.434731578492561
com.google.javascript.rhino.jstype.FunctionType#makesStructs():216, 4.434731578492561
com.google.javascript.rhino.jstype.FunctionType#makesStructs():219, 4.434731578492561
com.google.javascript.rhino.jstype.FunctionType#makesStructs():220, 4.434731578492561
com.google.javascript.rhino.jstype.FunctionType#makesStructs():224, 4.434731578492561
com.google.javascript.rhino.jstype.FunctionType#makesStructs():214, 4.43453
com.google.javascript.rhino.jstype.FunctionType#makesStructs():217, 4.43453
com.google.javascript.rhino.jstype.FunctionType#makesStructs():221, 4.43453
com.google.javascript.rhino.jstype.FunctionType#makesStructs():222, 4.43453
com.google.javascript.jscomp.TypeInference#traverseGetProp(com.google.javascript.rhino.Node,com.google.javascript.jscomp.type.FlowScope):1254, 4.432768379900215
com.google.javascript.jscomp.TypeInference#traverseGetProp(com.google.javascript.rhino.Node,com.google.javascript.jscomp.type.FlowScope):1255, 4.432768379900215
com.google.javascript.jscomp.TypeInference#traverseGetProp(com.google.javascript.rhino.Node,com.google.javascript.jscomp.type.FlowScope):1256, 4.432768379900215
com.google.javascript.jscomp.TypeInference#traverseGetProp(com.google.javascript.rhino.Node,com.google.javascript.jscomp.type.FlowScope):1258, 4.432768379900215
com.google.javascript.jscomp.TypeInference#traverseGetProp(com.google.javascript.rhino.Node,com.google.javascript.jscomp.type.FlowScope):1261, 4.432768379900215
com.google.javascript.jscomp.parsing.JsDocInfoParser#parseBasicTypeExpression(com.google.javascript.jscomp.parsing.JsDocToken):1862, 4.432716624850072
com.google.javascript.jscomp.parsing.JsDocInfoParser#parseBasicTypeExpression(com.google.javascript.jscomp.parsing.JsDocToken):1863, 4.432716624850072
com.google.javascript.jscomp.parsing.JsDocInfoParser#parseBasicTypeExpression(com.google.javascript.jscomp.parsing.JsDocToken):1857, 4.4327101192765435
com.google.javascript.jscomp.parsing.JsDocInfoParser#parseBasicTypeExpression(com.google.javascript.jscomp.parsing.JsDocToken):1875, 4.4326811903444066
com.google.javascript.jscomp.parsing.JsDocInfoParser#parseBasicTypeExpression(com.google.javascript.jscomp.parsing.JsDocToken):1872, 4.432681041815531
com.google.javascript.jscomp.parsing.JsDocInfoParser#parseBasicTypeExpression(com.google.javascript.jscomp.parsing.JsDocToken):1868, 4.432680510120358
com.google.javascript.jscomp.parsing.JsDocInfoParser#parseBasicTypeExpression(com.google.javascript.jscomp.parsing.JsDocToken):1869, 4.432680510120358
com.google.javascript.jscomp.parsing.JsDocInfoParser#parseBasicTypeExpression(com.google.javascript.jscomp.parsing.JsDocToken):1864, 4.432680392600736
com.google.javascript.jscomp.parsing.JsDocInfoParser#parseBasicTypeExpression(com.google.javascript.jscomp.parsing.JsDocToken):1867, 4.432680392600736
com.google.javascript.jscomp.parsing.JsDocInfoParser#parseBasicTypeExpression(com.google.javascript.jscomp.parsing.JsDocToken):1858, 4.432680246023478
com.google.javascript.jscomp.parsing.JsDocInfoParser#parseBasicTypeExpression(com.google.javascript.jscomp.parsing.JsDocToken):1861, 4.432680246023478
com.google.javascript.jscomp.parsing.JsDocInfoParser#parseBasicTypeExpression(com.google.javascript.jscomp.parsing.JsDocToken):1856, 4.432679750320461
com.google.javascript.jscomp.parsing.JsDocInfoParser#parseBasicTypeExpression(com.google.javascript.jscomp.parsing.JsDocToken):1859, 4.4325
com.google.javascript.jscomp.parsing.JsDocInfoParser#parseBasicTypeExpression(com.google.javascript.jscomp.parsing.JsDocToken):1860, 4.4325
com.google.javascript.jscomp.parsing.JsDocInfoParser#parseBasicTypeExpression(com.google.javascript.jscomp.parsing.JsDocToken):1865, 4.4325
com.google.javascript.jscomp.parsing.JsDocInfoParser#parseBasicTypeExpression(com.google.javascript.jscomp.parsing.JsDocToken):1866, 4.4325
com.google.javascript.jscomp.parsing.JsDocInfoParser#parseBasicTypeExpression(com.google.javascript.jscomp.parsing.JsDocToken):1870, 4.4325
com.google.javascript.jscomp.parsing.JsDocInfoParser#parseBasicTypeExpression(com.google.javascript.jscomp.parsing.JsDocToken):1871, 4.4325
com.google.javascript.jscomp.parsing.JsDocInfoParser#parseBasicTypeExpression(com.google.javascript.jscomp.parsing.JsDocToken):1873, 4.4325
com.google.javascript.jscomp.parsing.JsDocInfoParser#parseBasicTypeExpression(com.google.javascript.jscomp.parsing.JsDocToken):1879, 4.4325
com.google.javascript.jscomp.parsing.JsDocInfoParser#parseBasicTypeExpression(com.google.javascript.jscomp.parsing.JsDocToken):1880, 4.4325
com.google.javascript.rhino.JSDocInfo#declareParam(com.google.javascript.rhino.JSTypeExpression,java.lang.String):945, 4.432181455741007
com.google.javascript.rhino.JSDocInfo#declareParam(com.google.javascript.rhino.JSTypeExpression,java.lang.String):946, 4.432181455741007
com.google.javascript.rhino.JSDocInfo#declareParam(com.google.javascript.rhino.JSTypeExpression,java.lang.String):947, 4.432181455741007
com.google.javascript.rhino.JSDocInfo#declareParam(com.google.javascript.rhino.JSTypeExpression,java.lang.String):949, 4.432181455741007
com.google.javascript.rhino.JSDocInfo#declareParam(com.google.javascript.rhino.JSTypeExpression,java.lang.String):950, 4.432181455741007
com.google.javascript.rhino.JSDocInfo#declareParam(com.google.javascript.rhino.JSTypeExpression,java.lang.String):951, 4.432181455741007
com.google.javascript.rhino.JSDocInfo#declareParam(com.google.javascript.rhino.JSTypeExpression,java.lang.String):953, 4.43198
com.google.javascript.jscomp.TypedScopeCreator.AbstractScopeBuilder#shouldTraverse(com.google.javascript.jscomp.NodeTraversal,com.google.javascript.rhino.Node,com.google.javascript.rhino.Node):505, 4.431521824670336
com.google.javascript.jscomp.TypedScopeCreator.AbstractScopeBuilder#shouldTraverse(com.google.javascript.jscomp.NodeTraversal,com.google.javascript.rhino.Node,com.google.javascript.rhino.Node):488, 4.431509422478849
com.google.javascript.jscomp.TypedScopeCreator.AbstractScopeBuilder#shouldTraverse(com.google.javascript.jscomp.NodeTraversal,com.google.javascript.rhino.Node,com.google.javascript.rhino.Node):489, 4.431509422478849
com.google.javascript.jscomp.TypedScopeCreator.AbstractScopeBuilder#shouldTraverse(com.google.javascript.jscomp.NodeTraversal,com.google.javascript.rhino.Node,com.google.javascript.rhino.Node):485, 4.431509083558415
com.google.javascript.jscomp.TypedScopeCreator.AbstractScopeBuilder#shouldTraverse(com.google.javascript.jscomp.NodeTraversal,com.google.javascript.rhino.Node,com.google.javascript.rhino.Node):486, 4.431509083558415
com.google.javascript.jscomp.TypedScopeCreator.AbstractScopeBuilder#shouldTraverse(com.google.javascript.jscomp.NodeTraversal,com.google.javascript.rhino.Node,com.google.javascript.rhino.Node):494, 4.431509083558415
com.google.javascript.jscomp.TypedScopeCreator.AbstractScopeBuilder#shouldTraverse(com.google.javascript.jscomp.NodeTraversal,com.google.javascript.rhino.Node,com.google.javascript.rhino.Node):497, 4.431509083558415
com.google.javascript.jscomp.TypedScopeCreator.AbstractScopeBuilder#shouldTraverse(com.google.javascript.jscomp.NodeTraversal,com.google.javascript.rhino.Node,com.google.javascript.rhino.Node):500, 4.431509083558415
com.google.javascript.jscomp.TypedScopeCreator.AbstractScopeBuilder#shouldTraverse(com.google.javascript.jscomp.NodeTraversal,com.google.javascript.rhino.Node,com.google.javascript.rhino.Node):501, 4.431509083558415
com.google.javascript.jscomp.TypedScopeCreator.AbstractScopeBuilder#shouldTraverse(com.google.javascript.jscomp.NodeTraversal,com.google.javascript.rhino.Node,com.google.javascript.rhino.Node):502, 4.431509083558415
com.google.javascript.jscomp.TypedScopeCreator.AbstractScopeBuilder#shouldTraverse(com.google.javascript.jscomp.NodeTraversal,com.google.javascript.rhino.Node,com.google.javascript.rhino.Node):504, 4.431509083558415
com.google.javascript.jscomp.TypedScopeCreator.AbstractScopeBuilder#shouldTraverse(com.google.javascript.jscomp.NodeTraversal,com.google.javascript.rhino.Node,com.google.javascript.rhino.Node):503, 4.431509083558415
com.google.javascript.jscomp.TypedScopeCreator.AbstractScopeBuilder#shouldTraverse(com.google.javascript.jscomp.NodeTraversal,com.google.javascript.rhino.Node,com.google.javascript.rhino.Node):511, 4.431509083558415
com.google.javascript.jscomp.parsing.JsDocInfoParser#parseAndRecordParamTypeNode(com.google.javascript.jscomp.parsing.JsDocToken):1246, 4.430611414873628
com.google.javascript.jscomp.parsing.JsDocInfoParser#parseAndRecordParamTypeNode(com.google.javascript.jscomp.parsing.JsDocToken):1247, 4.430611414873628
com.google.javascript.jscomp.parsing.JsDocInfoParser#parseAndRecordParamTypeNode(com.google.javascript.jscomp.parsing.JsDocToken):1249, 4.430611414873628
com.google.javascript.jscomp.parsing.JsDocInfoParser#parseAndRecordParamTypeNode(com.google.javascript.jscomp.parsing.JsDocToken):1240, 4.430611333213428
com.google.javascript.jscomp.parsing.JsDocInfoParser#parseAndRecordParamTypeNode(com.google.javascript.jscomp.parsing.JsDocToken):1241, 4.430611333213428
com.google.javascript.jscomp.parsing.JsDocInfoParser#parseAndRecordParamTypeNode(com.google.javascript.jscomp.parsing.JsDocToken):1242, 4.430611333213428
com.google.javascript.jscomp.parsing.JsDocInfoParser#parseAndRecordParamTypeNode(com.google.javascript.jscomp.parsing.JsDocToken):1244, 4.430611333213428
com.google.javascript.jscomp.parsing.JsDocInfoParser#parseAndRecordParamTypeNode(com.google.javascript.jscomp.parsing.JsDocToken):1245, 4.430611333213428
com.google.javascript.jscomp.parsing.JsDocInfoParser#parseAndRecordParamTypeNode(com.google.javascript.jscomp.parsing.JsDocToken):1252, 4.430611333213428
com.google.javascript.jscomp.parsing.JsDocInfoParser#parseParamTypeExpressionAnnotation(com.google.javascript.jscomp.parsing.JsDocToken):1705, 4.43062393127492
com.google.javascript.jscomp.parsing.JsDocInfoParser#parseParamTypeExpressionAnnotation(com.google.javascript.jscomp.parsing.JsDocToken):1712, 4.43062393127492
com.google.javascript.jscomp.parsing.JsDocInfoParser#parseParamTypeExpressionAnnotation(com.google.javascript.jscomp.parsing.JsDocToken):1700, 4.430623882337192
com.google.javascript.jscomp.parsing.JsDocInfoParser#parseParamTypeExpressionAnnotation(com.google.javascript.jscomp.parsing.JsDocToken):1701, 4.430623882337192
com.google.javascript.jscomp.parsing.JsDocInfoParser#parseParamTypeExpressionAnnotation(com.google.javascript.jscomp.parsing.JsDocToken):1714, 4.430621430193838
com.google.javascript.jscomp.parsing.JsDocInfoParser#parseParamTypeExpressionAnnotation(com.google.javascript.jscomp.parsing.JsDocToken):1715, 4.430621430193838
com.google.javascript.jscomp.parsing.JsDocInfoParser#parseParamTypeExpressionAnnotation(com.google.javascript.jscomp.parsing.JsDocToken):1716, 4.430621430193838
com.google.javascript.jscomp.parsing.JsDocInfoParser#parseParamTypeExpressionAnnotation(com.google.javascript.jscomp.parsing.JsDocToken):1713, 4.430611989290812
com.google.javascript.jscomp.parsing.JsDocInfoParser#parseParamTypeExpressionAnnotation(com.google.javascript.jscomp.parsing.JsDocToken):1722, 4.430611701468775
com.google.javascript.jscomp.parsing.JsDocInfoParser#parseParamTypeExpressionAnnotation(com.google.javascript.jscomp.parsing.JsDocToken):1710, 4.430611455741007
com.google.javascript.jscomp.parsing.JsDocInfoParser#parseParamTypeExpressionAnnotation(com.google.javascript.jscomp.parsing.JsDocToken):1711, 4.430611455741007
com.google.javascript.jscomp.parsing.JsDocInfoParser#parseParamTypeExpressionAnnotation(com.google.javascript.jscomp.parsing.JsDocToken):1719, 4.430611455741007
com.google.javascript.jscomp.parsing.JsDocInfoParser#parseParamTypeExpressionAnnotation(com.google.javascript.jscomp.parsing.JsDocToken):1708, 4.43061137403111
com.google.javascript.jscomp.parsing.JsDocInfoParser#parseParamTypeExpressionAnnotation(com.google.javascript.jscomp.parsing.JsDocToken):1709, 4.43061137403111
com.google.javascript.jscomp.parsing.JsDocInfoParser#parseParamTypeExpressionAnnotation(com.google.javascript.jscomp.parsing.JsDocToken):1726, 4.43061137403111
com.google.javascript.jscomp.parsing.JsDocInfoParser#parseParamTypeExpressionAnnotation(com.google.javascript.jscomp.parsing.JsDocToken):1693, 4.430611333213428
com.google.javascript.jscomp.parsing.JsDocInfoParser#parseParamTypeExpressionAnnotation(com.google.javascript.jscomp.parsing.JsDocToken):1695, 4.430611333213428
com.google.javascript.jscomp.parsing.JsDocInfoParser#parseParamTypeExpressionAnnotation(com.google.javascript.jscomp.parsing.JsDocToken):1697, 4.430611333213428
com.google.javascript.jscomp.parsing.JsDocInfoParser#parseParamTypeExpressionAnnotation(com.google.javascript.jscomp.parsing.JsDocToken):1698, 4.430611333213428
com.google.javascript.jscomp.parsing.JsDocInfoParser#parseParamTypeExpressionAnnotation(com.google.javascript.jscomp.parsing.JsDocToken):1699, 4.430611333213428
com.google.javascript.jscomp.parsing.JsDocInfoParser#parseParamTypeExpressionAnnotation(com.google.javascript.jscomp.parsing.JsDocToken):1703, 4.43041
com.google.javascript.jscomp.parsing.JsDocInfoParser#parseParamTypeExpressionAnnotation(com.google.javascript.jscomp.parsing.JsDocToken):1720, 4.43041
com.google.javascript.rhino.jstype.FunctionType#getTypeOfThis():1095, 4.430251953077047
com.google.javascript.rhino.jstype.JSType#isStruct():288, 4.429902113020864
com.google.javascript.rhino.jstype.JSType#isStruct():275, 4.429901251652472
com.google.javascript.rhino.jstype.JSType#isStruct():276, 4.429901251652472
com.google.javascript.rhino.jstype.JSType#isStruct():279, 4.429901251652472
com.google.javascript.rhino.jstype.JSType#isStruct():282, 4.429901251652472
com.google.javascript.rhino.jstype.JSType#isStruct():284, 4.429901251652472
com.google.javascript.rhino.jstype.JSType#isStruct():285, 4.429901251652472
com.google.javascript.rhino.jstype.JSType#isStruct():286, 4.429901251652472
com.google.javascript.rhino.jstype.JSType#isStruct():274, 4.4299010075630525
com.google.javascript.rhino.jstype.JSType#isStruct():280, 4.4297
com.google.javascript.rhino.jstype.JSType#isStruct():291, 4.4297
com.google.javascript.jscomp.TypedScopeCreator.AbstractScopeBuilder#isConstantSymbol(com.google.javascript.rhino.JSDocInfo,com.google.javascript.rhino.Node):1715, 4.429854166684389
com.google.javascript.jscomp.TypedScopeCreator.AbstractScopeBuilder#isConstantSymbol(com.google.javascript.rhino.JSDocInfo,com.google.javascript.rhino.Node):1710, 4.429846040749344
com.google.javascript.jscomp.TypedScopeCreator.AbstractScopeBuilder#isConstantSymbol(com.google.javascript.rhino.JSDocInfo,com.google.javascript.rhino.Node):1706, 4.42984536616629
com.google.javascript.jscomp.TypedScopeCreator.AbstractScopeBuilder#isConstantSymbol(com.google.javascript.rhino.JSDocInfo,com.google.javascript.rhino.Node):1707, 4.42965
com.google.javascript.jscomp.TypedScopeCreator.AbstractScopeBuilder#isConstantSymbol(com.google.javascript.rhino.JSDocInfo,com.google.javascript.rhino.Node):1712, 4.42965
com.google.javascript.jscomp.TypedScopeCreator.AbstractScopeBuilder#isConstantSymbol(com.google.javascript.rhino.JSDocInfo,com.google.javascript.rhino.Node):1718, 4.42965
com.google.javascript.rhino.jstype.JSType#dereference():795, 4.427700926397064
com.google.javascript.jscomp.TypedScopeCreator.AbstractScopeBuilder#defineFunctionLiteral(com.google.javascript.rhino.Node):808, 4.426881824670335
com.google.javascript.jscomp.TypedScopeCreator.AbstractScopeBuilder#defineFunctionLiteral(com.google.javascript.rhino.Node):791, 4.426871635594941
com.google.javascript.jscomp.TypedScopeCreator.AbstractScopeBuilder#defineFunctionLiteral(com.google.javascript.rhino.Node):795, 4.426871635594941
com.google.javascript.jscomp.TypedScopeCreator.AbstractScopeBuilder#defineFunctionLiteral(com.google.javascript.rhino.Node):796, 4.426871635594941
com.google.javascript.jscomp.TypedScopeCreator.AbstractScopeBuilder#defineFunctionLiteral(com.google.javascript.rhino.Node):797, 4.426871635594941
com.google.javascript.jscomp.TypedScopeCreator.AbstractScopeBuilder#defineFunctionLiteral(com.google.javascript.rhino.Node):798, 4.426871635594941
com.google.javascript.jscomp.TypedScopeCreator.AbstractScopeBuilder#defineFunctionLiteral(com.google.javascript.rhino.Node):802, 4.426871635594941
com.google.javascript.jscomp.TypedScopeCreator.AbstractScopeBuilder#defineFunctionLiteral(com.google.javascript.rhino.Node):807, 4.426871635594941
com.google.javascript.jscomp.TypedScopeCreator.AbstractScopeBuilder#defineFunctionLiteral(com.google.javascript.rhino.Node):810, 4.426871635594941
com.google.javascript.jscomp.parsing.JsDocInfoParser#parseTypeExpression(com.google.javascript.jscomp.parsing.JsDocToken):1834, 4.426106680399887
com.google.javascript.jscomp.parsing.JsDocInfoParser#parseTypeExpression(com.google.javascript.jscomp.parsing.JsDocToken):1841, 4.426080923255063
com.google.javascript.jscomp.parsing.JsDocInfoParser#parseTypeExpression(com.google.javascript.jscomp.parsing.JsDocToken):1838, 4.426080804927219
com.google.javascript.jscomp.parsing.JsDocInfoParser#parseTypeExpression(com.google.javascript.jscomp.parsing.JsDocToken):1847, 4.426080716333537
com.google.javascript.jscomp.parsing.JsDocInfoParser#parseTypeExpression(com.google.javascript.jscomp.parsing.JsDocToken):1836, 4.4260805689663645
com.google.javascript.jscomp.parsing.JsDocInfoParser#parseTypeExpression(com.google.javascript.jscomp.parsing.JsDocToken):1837, 4.4260805689663645
com.google.javascript.jscomp.parsing.JsDocInfoParser#parseTypeExpression(com.google.javascript.jscomp.parsing.JsDocToken):1833, 4.426079866588469
com.google.javascript.jscomp.parsing.JsDocInfoParser#parseTypeExpression(com.google.javascript.jscomp.parsing.JsDocToken):1807, 4.4260796342776345
com.google.javascript.jscomp.parsing.JsDocInfoParser#parseTypeExpression(com.google.javascript.jscomp.parsing.JsDocToken):1820, 4.4259
com.google.javascript.jscomp.parsing.JsDocInfoParser#parseTypeExpression(com.google.javascript.jscomp.parsing.JsDocToken):1821, 4.4259
com.google.javascript.jscomp.parsing.JsDocInfoParser#parseTypeExpression(com.google.javascript.jscomp.parsing.JsDocToken):1828, 4.4259
com.google.javascript.jscomp.parsing.JsDocInfoParser#parseTypeExpression(com.google.javascript.jscomp.parsing.JsDocToken):1829, 4.4259
com.google.javascript.jscomp.parsing.JsDocInfoParser#parseTypeExpression(com.google.javascript.jscomp.parsing.JsDocToken):1832, 4.4259
com.google.javascript.jscomp.parsing.JsDocInfoParser#parseTypeExpression(com.google.javascript.jscomp.parsing.JsDocToken):1839, 4.4259
com.google.javascript.jscomp.parsing.JsDocInfoParser#parseTypeExpression(com.google.javascript.jscomp.parsing.JsDocToken):1840, 4.4259
com.google.javascript.jscomp.parsing.JsDocInfoParser#parseTypeExpression(com.google.javascript.jscomp.parsing.JsDocToken):1842, 4.4259
com.google.javascript.jscomp.parsing.JsDocInfoParser#parseTypeExpression(com.google.javascript.jscomp.parsing.JsDocToken):1843, 4.4259
com.google.javascript.jscomp.TypedScopeCreator.LocalScopeBuilder#visit(com.google.javascript.jscomp.NodeTraversal,com.google.javascript.rhino.Node,com.google.javascript.rhino.Node):1981, 4.425021635594941
com.google.javascript.jscomp.TypedScopeCreator.LocalScopeBuilder#visit(com.google.javascript.jscomp.NodeTraversal,com.google.javascript.rhino.Node,com.google.javascript.rhino.Node):1982, 4.425021635594941
com.google.javascript.jscomp.TypedScopeCreator.LocalScopeBuilder#visit(com.google.javascript.jscomp.NodeTraversal,com.google.javascript.rhino.Node,com.google.javascript.rhino.Node):1984, 4.425021635594941
com.google.javascript.jscomp.TypedScopeCreator.LocalScopeBuilder#visit(com.google.javascript.jscomp.NodeTraversal,com.google.javascript.rhino.Node,com.google.javascript.rhino.Node):1985, 4.425021635594941
com.google.javascript.jscomp.TypedScopeCreator.LocalScopeBuilder#visit(com.google.javascript.jscomp.NodeTraversal,com.google.javascript.rhino.Node,com.google.javascript.rhino.Node):1986, 4.425021635594941
com.google.javascript.jscomp.TypedScopeCreator.LocalScopeBuilder#visit(com.google.javascript.jscomp.NodeTraversal,com.google.javascript.rhino.Node,com.google.javascript.rhino.Node):1989, 4.425021635594941
com.google.javascript.jscomp.TypedScopeCreator.LocalScopeBuilder#visit(com.google.javascript.jscomp.NodeTraversal,com.google.javascript.rhino.Node,com.google.javascript.rhino.Node):1990, 4.425021635594941
com.google.javascript.rhino.jstype.PrototypeObjectType#resolveInternal(com.google.javascript.rhino.ErrorReporter,com.google.javascript.rhino.jstype.StaticScope):422, 4.4246180111155455
com.google.javascript.rhino.jstype.PrototypeObjectType#resolveInternal(com.google.javascript.rhino.ErrorReporter,com.google.javascript.rhino.jstype.StaticScope):423, 4.4246180111155455
com.google.javascript.rhino.jstype.PrototypeObjectType#resolveInternal(com.google.javascript.rhino.ErrorReporter,com.google.javascript.rhino.jstype.StaticScope):414, 4.424617944692256
com.google.javascript.rhino.jstype.PrototypeObjectType#resolveInternal(com.google.javascript.rhino.ErrorReporter,com.google.javascript.rhino.jstype.StaticScope):416, 4.424617944692256
com.google.javascript.rhino.jstype.PrototypeObjectType#resolveInternal(com.google.javascript.rhino.ErrorReporter,com.google.javascript.rhino.jstype.StaticScope):417, 4.424617944692256
com.google.javascript.rhino.jstype.PrototypeObjectType#resolveInternal(com.google.javascript.rhino.ErrorReporter,com.google.javascript.rhino.jstype.StaticScope):418, 4.424617944692256
com.google.javascript.rhino.jstype.PrototypeObjectType#resolveInternal(com.google.javascript.rhino.ErrorReporter,com.google.javascript.rhino.jstype.StaticScope):421, 4.424617944692256
com.google.javascript.rhino.jstype.PrototypeObjectType#resolveInternal(com.google.javascript.rhino.ErrorReporter,com.google.javascript.rhino.jstype.StaticScope):424, 4.424617944692256
com.google.javascript.jscomp.parsing.IRFactory#createJsDocInfoParser(com.google.javascript.rhino.head.ast.Comment,com.google.javascript.rhino.Node):455, 4.424325634664999
com.google.javascript.jscomp.parsing.IRFactory#createJsDocInfoParser(com.google.javascript.rhino.head.ast.Comment,com.google.javascript.rhino.Node):456, 4.424325634664999
com.google.javascript.jscomp.parsing.IRFactory#createJsDocInfoParser(com.google.javascript.rhino.head.ast.Comment,com.google.javascript.rhino.Node):457, 4.424325634664999
com.google.javascript.jscomp.parsing.IRFactory#createJsDocInfoParser(com.google.javascript.rhino.head.ast.Comment,com.google.javascript.rhino.Node):460, 4.424325634664999
com.google.javascript.jscomp.parsing.IRFactory#createJsDocInfoParser(com.google.javascript.rhino.head.ast.Comment,com.google.javascript.rhino.Node):461, 4.424325634664999
com.google.javascript.jscomp.parsing.IRFactory#createJsDocInfoParser(com.google.javascript.rhino.head.ast.Comment,com.google.javascript.rhino.Node):470, 4.424325634664999
com.google.javascript.jscomp.parsing.IRFactory#createJsDocInfoParser(com.google.javascript.rhino.head.ast.Comment,com.google.javascript.rhino.Node):471, 4.424325634664999
com.google.javascript.jscomp.parsing.IRFactory#createJsDocInfoParser(com.google.javascript.rhino.head.ast.Comment,com.google.javascript.rhino.Node):472, 4.424325634664999
com.google.javascript.jscomp.parsing.IRFactory#createJsDocInfoParser(com.google.javascript.rhino.head.ast.Comment,com.google.javascript.rhino.Node):473, 4.424325634664999
com.google.javascript.jscomp.TypedScopeCreator.LocalScopeBuilder#handleFunctionInputs(com.google.javascript.rhino.Node):1998, 4.423292071752253
com.google.javascript.jscomp.TypedScopeCreator.LocalScopeBuilder#handleFunctionInputs(com.google.javascript.rhino.Node):1999, 4.423292071752253
com.google.javascript.jscomp.TypedScopeCreator.LocalScopeBuilder#handleFunctionInputs(com.google.javascript.rhino.Node):1995, 4.423281635594941
com.google.javascript.jscomp.TypedScopeCreator.LocalScopeBuilder#handleFunctionInputs(com.google.javascript.rhino.Node):1996, 4.423281635594941
com.google.javascript.jscomp.TypedScopeCreator.LocalScopeBuilder#handleFunctionInputs(com.google.javascript.rhino.Node):1997, 4.423281635594941
com.google.javascript.jscomp.TypedScopeCreator.LocalScopeBuilder#handleFunctionInputs(com.google.javascript.rhino.Node):2011, 4.423281635594941
com.google.javascript.jscomp.TypedScopeCreator.LocalScopeBuilder#handleFunctionInputs(com.google.javascript.rhino.Node):2012, 4.423281635594941
com.google.javascript.jscomp.TypedScopeCreator.LocalScopeBuilder#handleFunctionInputs(com.google.javascript.rhino.Node):2007, 4.42309
com.google.javascript.rhino.jstype.FunctionType#setPrototypeNoCheck(com.google.javascript.rhino.jstype.ObjectType,com.google.javascript.rhino.Node):466, 4.421644734710703
com.google.javascript.rhino.jstype.FunctionType#setPrototypeNoCheck(com.google.javascript.rhino.jstype.ObjectType,com.google.javascript.rhino.Node):445, 4.421220560705542
com.google.javascript.rhino.jstype.FunctionType#setPrototypeNoCheck(com.google.javascript.rhino.jstype.ObjectType,com.google.javascript.rhino.Node):447, 4.421220560705542
com.google.javascript.rhino.jstype.FunctionType#setPrototypeNoCheck(com.google.javascript.rhino.jstype.ObjectType,com.google.javascript.rhino.Node):449, 4.421220560705542
com.google.javascript.rhino.jstype.FunctionType#setPrototypeNoCheck(com.google.javascript.rhino.jstype.ObjectType,com.google.javascript.rhino.Node):451, 4.421220560705542
com.google.javascript.rhino.jstype.FunctionType#setPrototypeNoCheck(com.google.javascript.rhino.jstype.ObjectType,com.google.javascript.rhino.Node):453, 4.421220560705542
com.google.javascript.rhino.jstype.FunctionType#setPrototypeNoCheck(com.google.javascript.rhino.jstype.ObjectType,com.google.javascript.rhino.Node):459, 4.421220560705542
com.google.javascript.rhino.jstype.FunctionType#setPrototypeNoCheck(com.google.javascript.rhino.jstype.ObjectType,com.google.javascript.rhino.Node):460, 4.421220560705542
com.google.javascript.rhino.jstype.FunctionType#setPrototypeNoCheck(com.google.javascript.rhino.jstype.ObjectType,com.google.javascript.rhino.Node):461, 4.421220560705542
com.google.javascript.rhino.jstype.FunctionType#setPrototypeNoCheck(com.google.javascript.rhino.jstype.ObjectType,com.google.javascript.rhino.Node):462, 4.421220560705542
com.google.javascript.rhino.jstype.FunctionType#setPrototypeNoCheck(com.google.javascript.rhino.jstype.ObjectType,com.google.javascript.rhino.Node):465, 4.421220560705542
com.google.javascript.rhino.jstype.FunctionType#setPrototypeNoCheck(com.google.javascript.rhino.jstype.ObjectType,com.google.javascript.rhino.Node):474, 4.421220560705542
com.google.javascript.rhino.jstype.FunctionType#setPrototypeNoCheck(com.google.javascript.rhino.jstype.ObjectType,com.google.javascript.rhino.Node):478, 4.421220560705542
com.google.javascript.rhino.jstype.FunctionType#setPrototypeNoCheck(com.google.javascript.rhino.jstype.ObjectType,com.google.javascript.rhino.Node):456, 4.4211
com.google.javascript.rhino.jstype.FunctionType#setPrototypeNoCheck(com.google.javascript.rhino.jstype.ObjectType,com.google.javascript.rhino.Node):467, 4.4211
com.google.javascript.rhino.jstype.FunctionType#setPrototypeNoCheck(com.google.javascript.rhino.jstype.ObjectType,com.google.javascript.rhino.Node):468, 4.4211
com.google.javascript.rhino.jstype.FunctionType#setPrototypeNoCheck(com.google.javascript.rhino.jstype.ObjectType,com.google.javascript.rhino.Node):470, 4.4211
com.google.javascript.rhino.jstype.FunctionType#setPrototypeNoCheck(com.google.javascript.rhino.jstype.ObjectType,com.google.javascript.rhino.Node):475, 4.4211
com.google.javascript.rhino.jstype.TemplateTypeMap#getTemplateTypeKeyByName(java.lang.String):161, 4.420880200300501
com.google.javascript.rhino.jstype.TemplateTypeMap#getTemplateTypeKeyByName(java.lang.String):156, 4.420880120108108
com.google.javascript.rhino.jstype.TemplateTypeMap#getTemplateTypeKeyByName(java.lang.String):157, 4.42068
com.google.javascript.rhino.jstype.TemplateTypeMap#getTemplateTypeKeyByName(java.lang.String):158, 4.42068
com.google.javascript.rhino.jstype.TemplateTypeMap#getTemplateTypeKeyByName(java.lang.String):160, 4.42068
com.google.javascript.jscomp.Scope#getTypeOfThis():459, 4.42004056236303
com.google.javascript.jscomp.Scope#getTypeOfThis():458, 4.420039125765733
com.google.javascript.jscomp.Scope#getTypeOfThis():462, 4.41984
com.google.javascript.jscomp.Scope#getTypeOfThis():463, 4.41984
com.google.javascript.jscomp.Scope#getTypeOfThis():464, 4.41984
com.google.javascript.jscomp.Scope#getTypeOfThis():465, 4.41984
com.google.javascript.jscomp.Scope#getTypeOfThis():467, 4.41984
com.google.javascript.rhino.JSDocInfoBuilder#recordConstructor():747, 4.419981758106422
com.google.javascript.rhino.JSDocInfoBuilder#recordConstructor():748, 4.419981758106422
com.google.javascript.rhino.JSDocInfoBuilder#recordConstructor():749, 4.419981758106422
com.google.javascript.rhino.JSDocInfoBuilder#recordConstructor():745, 4.419981668104879
com.google.javascript.rhino.JSDocInfoBuilder#recordConstructor():751, 4.4198
com.google.javascript.jscomp.TypeCheck#ensureTyped(com.google.javascript.jscomp.NodeTraversal,com.google.javascript.rhino.Node,com.google.javascript.rhino.jstype.JSType):2094, 4.419092717814905
com.google.javascript.jscomp.TypeCheck#ensureTyped(com.google.javascript.jscomp.NodeTraversal,com.google.javascript.rhino.Node,com.google.javascript.rhino.jstype.JSType):2088, 4.419079840191744
com.google.javascript.jscomp.TypeCheck#ensureTyped(com.google.javascript.jscomp.NodeTraversal,com.google.javascript.rhino.Node,com.google.javascript.rhino.jstype.JSType):2092, 4.419079840191744
com.google.javascript.jscomp.TypeCheck#ensureTyped(com.google.javascript.jscomp.NodeTraversal,com.google.javascript.rhino.Node,com.google.javascript.rhino.jstype.JSType):2093, 4.419079840191744
com.google.javascript.jscomp.TypeCheck#ensureTyped(com.google.javascript.jscomp.NodeTraversal,com.google.javascript.rhino.Node,com.google.javascript.rhino.jstype.JSType):2102, 4.419079840191744
com.google.javascript.jscomp.TypeCheck#ensureTyped(com.google.javascript.jscomp.NodeTraversal,com.google.javascript.rhino.Node,com.google.javascript.rhino.jstype.JSType):2105, 4.419079840191744
com.google.javascript.jscomp.TypeCheck#ensureTyped(com.google.javascript.jscomp.NodeTraversal,com.google.javascript.rhino.Node,com.google.javascript.rhino.jstype.JSType):2095, 4.41888
com.google.javascript.jscomp.TypeCheck#ensureTyped(com.google.javascript.jscomp.NodeTraversal,com.google.javascript.rhino.Node,com.google.javascript.rhino.jstype.JSType):2097, 4.41888
com.google.javascript.jscomp.TypeCheck#ensureTyped(com.google.javascript.jscomp.NodeTraversal,com.google.javascript.rhino.Node,com.google.javascript.rhino.jstype.JSType):2103, 4.41888
com.google.javascript.rhino.jstype.FunctionType#getSuperClassConstructor():841, 4.418830560705542
com.google.javascript.rhino.jstype.FunctionType#getSuperClassConstructor():842, 4.418830560705542
com.google.javascript.rhino.jstype.FunctionType#getSuperClassConstructor():843, 4.418830560705542
com.google.javascript.rhino.jstype.FunctionType#getSuperClassConstructor():844, 4.418830560705542
com.google.javascript.rhino.jstype.FunctionType#getSuperClassConstructor():846, 4.418830560705542
com.google.javascript.jscomp.TypeCheck#checkNoTypeCheckSection(com.google.javascript.rhino.Node,boolean):438, 4.411559283864818
com.google.javascript.jscomp.TypeCheck#checkNoTypeCheckSection(com.google.javascript.rhino.Node,boolean):439, 4.411559283864818
com.google.javascript.jscomp.TypeCheck#checkNoTypeCheckSection(com.google.javascript.rhino.Node,boolean):446, 4.411559283864818
com.google.javascript.jscomp.TypeCheck#checkNoTypeCheckSection(com.google.javascript.rhino.Node,boolean):432, 4.411558889321044
com.google.javascript.jscomp.TypeCheck#checkNoTypeCheckSection(com.google.javascript.rhino.Node,boolean):449, 4.411558889321044
com.google.javascript.jscomp.TypeCheck#checkNoTypeCheckSection(com.google.javascript.rhino.Node,boolean):440, 4.41136
com.google.javascript.jscomp.TypeCheck#checkNoTypeCheckSection(com.google.javascript.rhino.Node,boolean):441, 4.41136
com.google.javascript.jscomp.TypeCheck#checkNoTypeCheckSection(com.google.javascript.rhino.Node,boolean):443, 4.41136
com.google.javascript.rhino.jstype.JSTypeRegistry#createNativeFunctionType(com.google.javascript.rhino.jstype.JSType,com.google.javascript.rhino.Node):1387, 4.4101905607055425
com.google.javascript.jscomp.TypeInference#getPropertyType(com.google.javascript.rhino.jstype.JSType,java.lang.String,com.google.javascript.rhino.Node,com.google.javascript.jscomp.type.FlowScope):1322, 4.410263362958696
com.google.javascript.jscomp.TypeInference#getPropertyType(com.google.javascript.rhino.jstype.JSType,java.lang.String,com.google.javascript.rhino.Node,com.google.javascript.jscomp.type.FlowScope):1330, 4.410263027376026
com.google.javascript.jscomp.TypeInference#getPropertyType(com.google.javascript.rhino.jstype.JSType,java.lang.String,com.google.javascript.rhino.Node,com.google.javascript.jscomp.type.FlowScope):1317, 4.410261578492561
com.google.javascript.jscomp.TypeInference#getPropertyType(com.google.javascript.rhino.jstype.JSType,java.lang.String,com.google.javascript.rhino.Node,com.google.javascript.jscomp.type.FlowScope):1318, 4.410261578492561
com.google.javascript.jscomp.TypeInference#getPropertyType(com.google.javascript.rhino.jstype.JSType,java.lang.String,com.google.javascript.rhino.Node,com.google.javascript.jscomp.type.FlowScope):1319, 4.410261578492561
com.google.javascript.jscomp.TypeInference#getPropertyType(com.google.javascript.rhino.jstype.JSType,java.lang.String,com.google.javascript.rhino.Node,com.google.javascript.jscomp.type.FlowScope):1320, 4.410261578492561
com.google.javascript.jscomp.TypeInference#getPropertyType(com.google.javascript.rhino.jstype.JSType,java.lang.String,com.google.javascript.rhino.Node,com.google.javascript.jscomp.type.FlowScope):1321, 4.410261578492561
com.google.javascript.jscomp.TypeInference#getPropertyType(com.google.javascript.rhino.jstype.JSType,java.lang.String,com.google.javascript.rhino.Node,com.google.javascript.jscomp.type.FlowScope):1328, 4.410261455741006
com.google.javascript.jscomp.TypeInference#getPropertyType(com.google.javascript.rhino.jstype.JSType,java.lang.String,com.google.javascript.rhino.Node,com.google.javascript.jscomp.type.FlowScope):1329, 4.410261455741006
com.google.javascript.jscomp.TypeInference#getPropertyType(com.google.javascript.rhino.jstype.JSType,java.lang.String,com.google.javascript.rhino.Node,com.google.javascript.jscomp.type.FlowScope):1335, 4.4102593234484635
com.google.javascript.jscomp.TypeInference#getPropertyType(com.google.javascript.rhino.jstype.JSType,java.lang.String,com.google.javascript.rhino.Node,com.google.javascript.jscomp.type.FlowScope):1336, 4.4102593234484635
com.google.javascript.jscomp.TypeInference#getPropertyType(com.google.javascript.rhino.jstype.JSType,java.lang.String,com.google.javascript.rhino.Node,com.google.javascript.jscomp.type.FlowScope):1356, 4.410259244304745
com.google.javascript.jscomp.TypeInference#getPropertyType(com.google.javascript.rhino.jstype.JSType,java.lang.String,com.google.javascript.rhino.Node,com.google.javascript.jscomp.type.FlowScope):1361, 4.410259244304745
com.google.javascript.jscomp.TypeInference#getPropertyType(com.google.javascript.rhino.jstype.JSType,java.lang.String,com.google.javascript.rhino.Node,com.google.javascript.jscomp.type.FlowScope):1310, 4.410258379900214
com.google.javascript.jscomp.TypeInference#getPropertyType(com.google.javascript.rhino.jstype.JSType,java.lang.String,com.google.javascript.rhino.Node,com.google.javascript.jscomp.type.FlowScope):1311, 4.410258379900214
com.google.javascript.jscomp.TypeInference#getPropertyType(com.google.javascript.rhino.jstype.JSType,java.lang.String,com.google.javascript.rhino.Node,com.google.javascript.jscomp.type.FlowScope):1314, 4.410258379900214
com.google.javascript.jscomp.TypeInference#getPropertyType(com.google.javascript.rhino.jstype.JSType,java.lang.String,com.google.javascript.rhino.Node,com.google.javascript.jscomp.type.FlowScope):1315, 4.410258379900214
com.google.javascript.jscomp.TypeInference#getPropertyType(com.google.javascript.rhino.jstype.JSType,java.lang.String,com.google.javascript.rhino.Node,com.google.javascript.jscomp.type.FlowScope):1316, 4.410258379900214
com.google.javascript.jscomp.TypeInference#getPropertyType(com.google.javascript.rhino.jstype.JSType,java.lang.String,com.google.javascript.rhino.Node,com.google.javascript.jscomp.type.FlowScope):1327, 4.410258379900214
com.google.javascript.jscomp.TypeInference#getPropertyType(com.google.javascript.rhino.jstype.JSType,java.lang.String,com.google.javascript.rhino.Node,com.google.javascript.jscomp.type.FlowScope):1334, 4.410258379900214
com.google.javascript.jscomp.TypeInference#getPropertyType(com.google.javascript.rhino.jstype.JSType,java.lang.String,com.google.javascript.rhino.Node,com.google.javascript.jscomp.type.FlowScope):1345, 4.410258379900214
com.google.javascript.jscomp.TypeInference#getPropertyType(com.google.javascript.rhino.jstype.JSType,java.lang.String,com.google.javascript.rhino.Node,com.google.javascript.jscomp.type.FlowScope):1354, 4.410258379900214
com.google.javascript.jscomp.TypeInference#getPropertyType(com.google.javascript.rhino.jstype.JSType,java.lang.String,com.google.javascript.rhino.Node,com.google.javascript.jscomp.type.FlowScope):1338, 4.41006
com.google.javascript.jscomp.TypeInference#getPropertyType(com.google.javascript.rhino.jstype.JSType,java.lang.String,com.google.javascript.rhino.Node,com.google.javascript.jscomp.type.FlowScope):1339, 4.41006
com.google.javascript.jscomp.TypeInference#getPropertyType(com.google.javascript.rhino.jstype.JSType,java.lang.String,com.google.javascript.rhino.Node,com.google.javascript.jscomp.type.FlowScope):1341, 4.41006
com.google.javascript.jscomp.TypeInference#getPropertyType(com.google.javascript.rhino.jstype.JSType,java.lang.String,com.google.javascript.rhino.Node,com.google.javascript.jscomp.type.FlowScope):1348, 4.41006
com.google.javascript.jscomp.TypeInference#getPropertyType(com.google.javascript.rhino.jstype.JSType,java.lang.String,com.google.javascript.rhino.Node,com.google.javascript.jscomp.type.FlowScope):1349, 4.41006
com.google.javascript.jscomp.TypeInference#getPropertyType(com.google.javascript.rhino.jstype.JSType,java.lang.String,com.google.javascript.rhino.Node,com.google.javascript.jscomp.type.FlowScope):1350, 4.41006
com.google.javascript.jscomp.TypeInference#getPropertyType(com.google.javascript.rhino.jstype.JSType,java.lang.String,com.google.javascript.rhino.Node,com.google.javascript.jscomp.type.FlowScope):1355, 4.41006
com.google.javascript.jscomp.TypeInference#getPropertyType(com.google.javascript.rhino.jstype.JSType,java.lang.String,com.google.javascript.rhino.Node,com.google.javascript.jscomp.type.FlowScope):1359, 4.41006
com.google.javascript.rhino.jstype.JSTypeRegistry#createUnionType(com.google.javascript.rhino.jstype.JSTypeNative[]):1090, 4.404998914778985
com.google.javascript.rhino.jstype.JSTypeRegistry#createUnionType(com.google.javascript.rhino.jstype.JSTypeNative[]):1091, 4.404998914778985
com.google.javascript.rhino.jstype.JSTypeRegistry#createUnionType(com.google.javascript.rhino.jstype.JSTypeNative[]):1092, 4.404998914778985
com.google.javascript.rhino.jstype.JSTypeRegistry#createUnionType(com.google.javascript.rhino.jstype.JSTypeNative[]):1094, 4.404998914778985
com.google.javascript.jscomp.NodeUtil#isBleedingFunctionName(com.google.javascript.rhino.Node):1963, 4.404565403460587
com.google.javascript.jscomp.TypeInference#dereferencePointer(com.google.javascript.rhino.Node,com.google.javascript.jscomp.type.FlowScope):1293, 4.4035083408759395
com.google.javascript.jscomp.TypeInference#dereferencePointer(com.google.javascript.rhino.Node,com.google.javascript.jscomp.type.FlowScope):1294, 4.4035083408759395
com.google.javascript.jscomp.TypeInference#dereferencePointer(com.google.javascript.rhino.Node,com.google.javascript.jscomp.type.FlowScope):1295, 4.4035083408759395
com.google.javascript.jscomp.TypeInference#dereferencePointer(com.google.javascript.rhino.Node,com.google.javascript.jscomp.type.FlowScope):1292, 4.403508185008823
com.google.javascript.jscomp.TypeInference#dereferencePointer(com.google.javascript.rhino.Node,com.google.javascript.jscomp.type.FlowScope):1299, 4.403508185008823
com.google.javascript.jscomp.TypeInference#dereferencePointer(com.google.javascript.rhino.Node,com.google.javascript.jscomp.type.FlowScope):1296, 4.40331
com.google.javascript.jscomp.TypeInference#traverseAssign(com.google.javascript.rhino.Node,com.google.javascript.jscomp.type.FlowScope):503, 4.403278262896429
com.google.javascript.jscomp.TypeInference#traverseAssign(com.google.javascript.rhino.Node,com.google.javascript.jscomp.type.FlowScope):504, 4.403278262896429
com.google.javascript.jscomp.TypeInference#traverseAssign(com.google.javascript.rhino.Node,com.google.javascript.jscomp.type.FlowScope):505, 4.403278262896429
com.google.javascript.jscomp.TypeInference#traverseAssign(com.google.javascript.rhino.Node,com.google.javascript.jscomp.type.FlowScope):507, 4.403278262896429
com.google.javascript.jscomp.TypeInference#traverseAssign(com.google.javascript.rhino.Node,com.google.javascript.jscomp.type.FlowScope):508, 4.403278262896429
com.google.javascript.jscomp.TypeInference#traverseAssign(com.google.javascript.rhino.Node,com.google.javascript.jscomp.type.FlowScope):509, 4.403278262896429
com.google.javascript.jscomp.TypeInference#traverseAssign(com.google.javascript.rhino.Node,com.google.javascript.jscomp.type.FlowScope):511, 4.403278262896429
com.google.javascript.jscomp.TypeInference#traverseAssign(com.google.javascript.rhino.Node,com.google.javascript.jscomp.type.FlowScope):512, 4.403278262896429
com.google.javascript.jscomp.TypedScopeCreator.LocalScopeBuilder#build():1966, 4.401773615740594
com.google.javascript.jscomp.TypedScopeCreator.LocalScopeBuilder#build():1963, 4.401771783578068
com.google.javascript.jscomp.TypedScopeCreator.LocalScopeBuilder#build():1964, 4.401771783578068
com.google.javascript.jscomp.TypedScopeCreator.LocalScopeBuilder#build():1965, 4.401771783578068
com.google.javascript.jscomp.TypedScopeCreator.LocalScopeBuilder#build():1968, 4.401771783578068
com.google.javascript.jscomp.TypedScopeCreator.LocalScopeBuilder#build():1950, 4.401761635594942
com.google.javascript.jscomp.TypedScopeCreator.LocalScopeBuilder#build():1952, 4.401761635594942
com.google.javascript.jscomp.TypedScopeCreator.LocalScopeBuilder#build():1954, 4.401761635594942
com.google.javascript.jscomp.TypedScopeCreator.LocalScopeBuilder#build():1955, 4.401761635594942
com.google.javascript.jscomp.TypedScopeCreator.LocalScopeBuilder#build():1962, 4.401761635594942
com.google.javascript.jscomp.TypedScopeCreator.LocalScopeBuilder#build():1970, 4.401761635594942
com.google.javascript.jscomp.TypedScopeCreator.LocalScopeBuilder#build():1956, 4.40157
com.google.javascript.jscomp.TypedScopeCreator.LocalScopeBuilder#build():1957, 4.40157
com.google.javascript.jscomp.TypedScopeCreator.LocalScopeBuilder#build():1958, 4.40157
com.google.javascript.jscomp.TypedScopeCreator.LocalScopeBuilder#build():1959, 4.40157
com.google.javascript.rhino.JSDocInfo#setConstructor(boolean):366, 4.400781698090536
com.google.javascript.rhino.JSDocInfo#setConstructor(boolean):367, 4.400781698090536
com.google.javascript.jscomp.NodeUtil#getBestLValueOwner(com.google.javascript.rhino.Node):3140, 4.400014294461612
com.google.javascript.jscomp.NodeUtil#getBestLValueOwner(com.google.javascript.rhino.Node):3143, 4.4000076809670965
com.google.javascript.jscomp.NodeUtil#getBestLValueOwner(com.google.javascript.rhino.Node):3139, 4.40000506857866
com.google.javascript.jscomp.NodeUtil#getBestLValueOwner(com.google.javascript.rhino.Node):3137, 4.400004624736041
com.google.javascript.jscomp.NodeUtil#getBestLValueOwner(com.google.javascript.rhino.Node):3134, 4.400000935681739
com.google.javascript.jscomp.NodeUtil#getBestLValueOwner(com.google.javascript.rhino.Node):3135, 4.39981
com.google.javascript.jscomp.NodeUtil#getBestLValueOwner(com.google.javascript.rhino.Node):3138, 4.39981
com.google.javascript.jscomp.TypedScopeCreator.DiscoverEnumsAndTypedefs#visit(com.google.javascript.jscomp.NodeTraversal,com.google.javascript.rhino.Node,com.google.javascript.rhino.Node):382, 4.399902943739617
com.google.javascript.jscomp.TypedScopeCreator.DiscoverEnumsAndTypedefs#visit(com.google.javascript.jscomp.NodeTraversal,com.google.javascript.rhino.Node,com.google.javascript.rhino.Node):385, 4.39989896804233
com.google.javascript.jscomp.TypedScopeCreator.DiscoverEnumsAndTypedefs#visit(com.google.javascript.jscomp.NodeTraversal,com.google.javascript.rhino.Node,com.google.javascript.rhino.Node):373, 4.399898614530575
com.google.javascript.jscomp.TypedScopeCreator.DiscoverEnumsAndTypedefs#visit(com.google.javascript.jscomp.NodeTraversal,com.google.javascript.rhino.Node,com.google.javascript.rhino.Node):374, 4.399898614530575
com.google.javascript.jscomp.TypedScopeCreator.DiscoverEnumsAndTypedefs#visit(com.google.javascript.jscomp.NodeTraversal,com.google.javascript.rhino.Node,com.google.javascript.rhino.Node):375, 4.399898614530575
com.google.javascript.jscomp.TypedScopeCreator.DiscoverEnumsAndTypedefs#visit(com.google.javascript.jscomp.NodeTraversal,com.google.javascript.rhino.Node,com.google.javascript.rhino.Node):378, 4.399898614530575
com.google.javascript.jscomp.TypedScopeCreator.DiscoverEnumsAndTypedefs#visit(com.google.javascript.jscomp.NodeTraversal,com.google.javascript.rhino.Node,com.google.javascript.rhino.Node):380, 4.399894183909345
com.google.javascript.jscomp.TypedScopeCreator.DiscoverEnumsAndTypedefs#visit(com.google.javascript.jscomp.NodeTraversal,com.google.javascript.rhino.Node,com.google.javascript.rhino.Node):381, 4.399894183909345
com.google.javascript.jscomp.TypedScopeCreator.DiscoverEnumsAndTypedefs#visit(com.google.javascript.jscomp.NodeTraversal,com.google.javascript.rhino.Node,com.google.javascript.rhino.Node):371, 4.3998890159923745
com.google.javascript.jscomp.TypedScopeCreator.DiscoverEnumsAndTypedefs#visit(com.google.javascript.jscomp.NodeTraversal,com.google.javascript.rhino.Node,com.google.javascript.rhino.Node):390, 4.3998890159923745
com.google.javascript.jscomp.TypedScopeCreator.AbstractScopeBuilder#resolveTypes():469, 4.398774074169913
com.google.javascript.jscomp.TypedScopeCreator.AbstractScopeBuilder#resolveTypes():470, 4.398774074169913
com.google.javascript.jscomp.TypedScopeCreator.AbstractScopeBuilder#resolveTypes():468, 4.39877302285912
com.google.javascript.jscomp.TypedScopeCreator.AbstractScopeBuilder#resolveTypes():473, 4.39877302285912
com.google.javascript.jscomp.TypedScopeCreator.AbstractScopeBuilder#resolveTypes():474, 4.39877302285912
com.google.javascript.jscomp.TypedScopeCreator.AbstractScopeBuilder#resolveTypes():475, 4.39877302285912
com.google.javascript.jscomp.TypedScopeCreator.AbstractScopeBuilder#resolveTypes():480, 4.39877302285912
com.google.javascript.jscomp.TypedScopeCreator.AbstractScopeBuilder#resolveTypes():481, 4.39877302285912
com.google.javascript.jscomp.Scope.Var#resolveType(com.google.javascript.rhino.ErrorReporter):267, 4.39764302285912
com.google.javascript.jscomp.Scope.Var#resolveType(com.google.javascript.rhino.ErrorReporter):268, 4.39764302285912
com.google.javascript.jscomp.Scope.Var#resolveType(com.google.javascript.rhino.ErrorReporter):270, 4.39764302285912
com.google.javascript.rhino.jstype.JSTypeRegistry#createConstructorType(java.lang.String,com.google.javascript.rhino.Node,com.google.javascript.rhino.Node,com.google.javascript.rhino.jstype.JSType,com.google.common.collect.ImmutableList):1486, 4.396937411147965
com.google.javascript.rhino.jstype.JSTypeRegistry#getType(com.google.javascript.rhino.jstype.StaticScope,java.lang.String,java.lang.String,int,int):968, 4.393450200300501
com.google.javascript.rhino.jstype.JSTypeRegistry#getType(com.google.javascript.rhino.jstype.StaticScope,java.lang.String,java.lang.String,int,int):971, 4.393450200300501
com.google.javascript.rhino.jstype.JSTypeRegistry#getType(com.google.javascript.rhino.jstype.StaticScope,java.lang.String,java.lang.String,int,int):972, 4.393450200300501
com.google.javascript.rhino.jstype.JSTypeRegistry#getType(com.google.javascript.rhino.jstype.StaticScope,java.lang.String,java.lang.String,int,int):978, 4.3934417765034866
com.google.javascript.rhino.jstype.JSTypeRegistry#getType(com.google.javascript.rhino.jstype.StaticScope,java.lang.String,java.lang.String,int,int):979, 4.3934417765034866
com.google.javascript.rhino.jstype.JSTypeRegistry#getType(com.google.javascript.rhino.jstype.StaticScope,java.lang.String,java.lang.String,int,int):987, 4.3934417765034866
com.google.javascript.rhino.jstype.JSTypeRegistry#getType(com.google.javascript.rhino.jstype.StaticScope,java.lang.String,java.lang.String,int,int):965, 4.393441706010375
com.google.javascript.rhino.jstype.JSTypeRegistry#getType(com.google.javascript.rhino.jstype.StaticScope,java.lang.String,java.lang.String,int,int):966, 4.393441706010375
com.google.javascript.rhino.jstype.JSTypeRegistry#getType(com.google.javascript.rhino.jstype.StaticScope,java.lang.String,java.lang.String,int,int):967, 4.393441706010375
com.google.javascript.rhino.jstype.JSTypeRegistry#getType(com.google.javascript.rhino.jstype.StaticScope,java.lang.String,java.lang.String,int,int):970, 4.393441706010375
com.google.javascript.rhino.jstype.JSTypeRegistry#getType(com.google.javascript.rhino.jstype.StaticScope,java.lang.String,java.lang.String,int,int):973, 4.39325
com.google.javascript.rhino.jstype.JSTypeRegistry#getType(com.google.javascript.rhino.jstype.StaticScope,java.lang.String,java.lang.String,int,int):974, 4.39325
com.google.javascript.rhino.jstype.JSTypeRegistry#getType(com.google.javascript.rhino.jstype.StaticScope,java.lang.String,java.lang.String,int,int):982, 4.39325
com.google.javascript.rhino.jstype.JSTypeRegistry#getType(com.google.javascript.rhino.jstype.StaticScope,java.lang.String,java.lang.String,int,int):984, 4.39325
com.google.javascript.rhino.jstype.JSTypeRegistry#getType(com.google.javascript.rhino.jstype.StaticScope,java.lang.String,java.lang.String,int,int):985, 4.39325
com.google.javascript.jscomp.TypedScopeCreator.FirstOrderFunctionAnalyzer#visit(com.google.javascript.jscomp.NodeTraversal,com.google.javascript.rhino.Node,com.google.javascript.rhino.Node):2126, 4.392981783578068
com.google.javascript.jscomp.TypedScopeCreator.FirstOrderFunctionAnalyzer#visit(com.google.javascript.jscomp.NodeTraversal,com.google.javascript.rhino.Node,com.google.javascript.rhino.Node):2124, 4.39298174251089
com.google.javascript.jscomp.TypedScopeCreator.FirstOrderFunctionAnalyzer#visit(com.google.javascript.jscomp.NodeTraversal,com.google.javascript.rhino.Node,com.google.javascript.rhino.Node):2125, 4.39298174251089
com.google.javascript.jscomp.TypedScopeCreator.FirstOrderFunctionAnalyzer#visit(com.google.javascript.jscomp.NodeTraversal,com.google.javascript.rhino.Node,com.google.javascript.rhino.Node):2129, 4.39298174251089
com.google.javascript.jscomp.TypedScopeCreator.FirstOrderFunctionAnalyzer#visit(com.google.javascript.jscomp.NodeTraversal,com.google.javascript.rhino.Node,com.google.javascript.rhino.Node):2120, 4.392975403460587
com.google.javascript.jscomp.TypedScopeCreator.FirstOrderFunctionAnalyzer#visit(com.google.javascript.jscomp.NodeTraversal,com.google.javascript.rhino.Node,com.google.javascript.rhino.Node):2121, 4.392975403460587
com.google.javascript.jscomp.TypedScopeCreator.FirstOrderFunctionAnalyzer#visit(com.google.javascript.jscomp.NodeTraversal,com.google.javascript.rhino.Node,com.google.javascript.rhino.Node):2122, 4.392975403460587
com.google.javascript.jscomp.TypedScopeCreator.FirstOrderFunctionAnalyzer#visit(com.google.javascript.jscomp.NodeTraversal,com.google.javascript.rhino.Node,com.google.javascript.rhino.Node):2123, 4.392975403460587
com.google.javascript.jscomp.TypedScopeCreator.FirstOrderFunctionAnalyzer#visit(com.google.javascript.jscomp.NodeTraversal,com.google.javascript.rhino.Node,com.google.javascript.rhino.Node):2100, 4.392971635594941
com.google.javascript.jscomp.TypedScopeCreator.FirstOrderFunctionAnalyzer#visit(com.google.javascript.jscomp.NodeTraversal,com.google.javascript.rhino.Node,com.google.javascript.rhino.Node):2104, 4.392971635594941
com.google.javascript.jscomp.TypedScopeCreator.FirstOrderFunctionAnalyzer#visit(com.google.javascript.jscomp.NodeTraversal,com.google.javascript.rhino.Node,com.google.javascript.rhino.Node):2116, 4.392971635594941
com.google.javascript.jscomp.TypedScopeCreator.FirstOrderFunctionAnalyzer#visit(com.google.javascript.jscomp.NodeTraversal,com.google.javascript.rhino.Node,com.google.javascript.rhino.Node):2133, 4.392971635594941
com.google.javascript.jscomp.TypedScopeCreator.FirstOrderFunctionAnalyzer#visit(com.google.javascript.jscomp.NodeTraversal,com.google.javascript.rhino.Node,com.google.javascript.rhino.Node):2146, 4.392971635594941
com.google.javascript.jscomp.TypedScopeCreator.FirstOrderFunctionAnalyzer#visit(com.google.javascript.jscomp.NodeTraversal,com.google.javascript.rhino.Node,com.google.javascript.rhino.Node):2096, 4.392969083558415
com.google.javascript.jscomp.TypedScopeCreator.FirstOrderFunctionAnalyzer#visit(com.google.javascript.jscomp.NodeTraversal,com.google.javascript.rhino.Node,com.google.javascript.rhino.Node):2097, 4.392969083558415
com.google.javascript.jscomp.TypedScopeCreator.FirstOrderFunctionAnalyzer#visit(com.google.javascript.jscomp.NodeTraversal,com.google.javascript.rhino.Node,com.google.javascript.rhino.Node):2101, 4.39278
com.google.javascript.jscomp.TypedScopeCreator.FirstOrderFunctionAnalyzer#visit(com.google.javascript.jscomp.NodeTraversal,com.google.javascript.rhino.Node,com.google.javascript.rhino.Node):2113, 4.39278
com.google.javascript.jscomp.TypedScopeCreator.FirstOrderFunctionAnalyzer#visit(com.google.javascript.jscomp.NodeTraversal,com.google.javascript.rhino.Node,com.google.javascript.rhino.Node):2130, 4.39278
com.google.javascript.jscomp.TypedScopeCreator.FirstOrderFunctionAnalyzer#visit(com.google.javascript.jscomp.NodeTraversal,com.google.javascript.rhino.Node,com.google.javascript.rhino.Node):2135, 4.39278
com.google.javascript.jscomp.TypedScopeCreator.FirstOrderFunctionAnalyzer#visit(com.google.javascript.jscomp.NodeTraversal,com.google.javascript.rhino.Node,com.google.javascript.rhino.Node):2136, 4.39278
com.google.javascript.jscomp.TypedScopeCreator.FirstOrderFunctionAnalyzer#visit(com.google.javascript.jscomp.NodeTraversal,com.google.javascript.rhino.Node,com.google.javascript.rhino.Node):2137, 4.39278
com.google.javascript.jscomp.TypedScopeCreator.FirstOrderFunctionAnalyzer#visit(com.google.javascript.jscomp.NodeTraversal,com.google.javascript.rhino.Node,com.google.javascript.rhino.Node):2138, 4.39278
com.google.javascript.jscomp.TypedScopeCreator.FirstOrderFunctionAnalyzer#visit(com.google.javascript.jscomp.NodeTraversal,com.google.javascript.rhino.Node,com.google.javascript.rhino.Node):2139, 4.39278
com.google.javascript.jscomp.TypedScopeCreator.FirstOrderFunctionAnalyzer#visit(com.google.javascript.jscomp.NodeTraversal,com.google.javascript.rhino.Node,com.google.javascript.rhino.Node):2140, 4.39278
com.google.javascript.jscomp.TypedScopeCreator.FirstOrderFunctionAnalyzer#visit(com.google.javascript.jscomp.NodeTraversal,com.google.javascript.rhino.Node,com.google.javascript.rhino.Node):2141, 4.39278
com.google.javascript.rhino.jstype.ObjectType#getPropertyType(java.lang.String):431, 4.3834750314757445
com.google.javascript.rhino.jstype.ObjectType#getPropertyType(java.lang.String):422, 4.383472915075291
com.google.javascript.rhino.jstype.ObjectType#getPropertyType(java.lang.String):423, 4.383472915075291
com.google.javascript.rhino.jstype.ObjectType#getPropertyType(java.lang.String):424, 4.38328
com.google.javascript.rhino.jstype.ObjectType#getPropertyType(java.lang.String):425, 4.38328
com.google.javascript.rhino.jstype.ObjectType#getPropertyType(java.lang.String):426, 4.38328
com.google.javascript.rhino.jstype.ObjectType#getPropertyType(java.lang.String):427, 4.38328
com.google.javascript.rhino.jstype.ObjectType#getPropertyType(java.lang.String):429, 4.38328
com.google.javascript.rhino.jstype.FunctionBuilder#withSourceNode(com.google.javascript.rhino.Node):77, 4.380365852664537
com.google.javascript.rhino.jstype.FunctionBuilder#withSourceNode(com.google.javascript.rhino.Node):78, 4.380365852664537
com.google.javascript.rhino.jstype.FunctionBuilder#withReturnType(com.google.javascript.rhino.jstype.JSType,boolean):103, 4.380365852664537
com.google.javascript.rhino.jstype.FunctionBuilder#withReturnType(com.google.javascript.rhino.jstype.JSType,boolean):104, 4.380365852664537
com.google.javascript.rhino.jstype.FunctionBuilder#withReturnType(com.google.javascript.rhino.jstype.JSType,boolean):105, 4.380365852664537
com.google.javascript.rhino.jstype.FunctionBuilder#withName(java.lang.String):71, 4.379995815112498
com.google.javascript.rhino.jstype.FunctionBuilder#withName(java.lang.String):72, 4.379995815112498
com.google.javascript.jscomp.TypedScopeCreator.DeferredSetType#resolve(com.google.javascript.jscomp.Scope):178, 4.379544074169913
com.google.javascript.jscomp.TypedScopeCreator.DeferredSetType#resolve(com.google.javascript.jscomp.Scope):179, 4.379544074169913
com.google.javascript.rhino.jstype.FunctionType#resolveInternal(com.google.javascript.rhino.ErrorReporter,com.google.javascript.rhino.jstype.StaticScope):1209, 4.378092986911107
com.google.javascript.rhino.jstype.FunctionType#resolveInternal(com.google.javascript.rhino.ErrorReporter,com.google.javascript.rhino.jstype.StaticScope):1210, 4.378092986911107
com.google.javascript.rhino.jstype.FunctionType#resolveInternal(com.google.javascript.rhino.ErrorReporter,com.google.javascript.rhino.jstype.StaticScope):1173, 4.37809295098317
com.google.javascript.rhino.jstype.FunctionType#resolveInternal(com.google.javascript.rhino.ErrorReporter,com.google.javascript.rhino.jstype.StaticScope):1169, 4.3780879778951
com.google.javascript.rhino.jstype.FunctionType#resolveInternal(com.google.javascript.rhino.ErrorReporter,com.google.javascript.rhino.jstype.StaticScope):1171, 4.3780879778951
com.google.javascript.rhino.jstype.FunctionType#resolveInternal(com.google.javascript.rhino.ErrorReporter,com.google.javascript.rhino.jstype.StaticScope):1172, 4.3780879778951
com.google.javascript.rhino.jstype.FunctionType#resolveInternal(com.google.javascript.rhino.ErrorReporter,com.google.javascript.rhino.jstype.StaticScope):1188, 4.3780879778951
com.google.javascript.rhino.jstype.FunctionType#resolveInternal(com.google.javascript.rhino.ErrorReporter,com.google.javascript.rhino.jstype.StaticScope):1189, 4.3780879778951
com.google.javascript.rhino.jstype.FunctionType#resolveInternal(com.google.javascript.rhino.ErrorReporter,com.google.javascript.rhino.jstype.StaticScope):1190, 4.3780879778951
com.google.javascript.rhino.jstype.FunctionType#resolveInternal(com.google.javascript.rhino.ErrorReporter,com.google.javascript.rhino.jstype.StaticScope):1192, 4.3780879778951
com.google.javascript.rhino.jstype.FunctionType#resolveInternal(com.google.javascript.rhino.ErrorReporter,com.google.javascript.rhino.jstype.StaticScope):1193, 4.3780879778951
com.google.javascript.rhino.jstype.FunctionType#resolveInternal(com.google.javascript.rhino.ErrorReporter,com.google.javascript.rhino.jstype.StaticScope):1196, 4.3780879778951
com.google.javascript.rhino.jstype.FunctionType#resolveInternal(com.google.javascript.rhino.ErrorReporter,com.google.javascript.rhino.jstype.StaticScope):1197, 4.3780879778951
com.google.javascript.rhino.jstype.FunctionType#resolveInternal(com.google.javascript.rhino.ErrorReporter,com.google.javascript.rhino.jstype.StaticScope):1199, 4.3780879778951
com.google.javascript.rhino.jstype.FunctionType#resolveInternal(com.google.javascript.rhino.ErrorReporter,com.google.javascript.rhino.jstype.StaticScope):1204, 4.3780879778951
com.google.javascript.rhino.jstype.FunctionType#resolveInternal(com.google.javascript.rhino.ErrorReporter,com.google.javascript.rhino.jstype.StaticScope):1208, 4.3780879778951
com.google.javascript.rhino.jstype.FunctionType#resolveInternal(com.google.javascript.rhino.ErrorReporter,com.google.javascript.rhino.jstype.StaticScope):1215, 4.3780879778951
com.google.javascript.rhino.jstype.FunctionType#resolveInternal(com.google.javascript.rhino.ErrorReporter,com.google.javascript.rhino.jstype.StaticScope):1200, 4.3779
com.google.javascript.rhino.jstype.FunctionType#resolveInternal(com.google.javascript.rhino.ErrorReporter,com.google.javascript.rhino.jstype.StaticScope):1201, 4.3779
com.google.javascript.rhino.jstype.FunctionType#resolveInternal(com.google.javascript.rhino.ErrorReporter,com.google.javascript.rhino.jstype.StaticScope):1202, 4.3779
com.google.javascript.rhino.jstype.FunctionType#resolveInternal(com.google.javascript.rhino.ErrorReporter,com.google.javascript.rhino.jstype.StaticScope):1203, 4.3779
com.google.javascript.rhino.jstype.FunctionType#resolveInternal(com.google.javascript.rhino.ErrorReporter,com.google.javascript.rhino.jstype.StaticScope):1205, 4.3779
com.google.javascript.rhino.jstype.FunctionBuilder#withTemplateKeys(com.google.common.collect.ImmutableList):124, 4.377815590252964
com.google.javascript.rhino.jstype.FunctionBuilder#withTemplateKeys(com.google.common.collect.ImmutableList):125, 4.377815590252964
com.google.javascript.jscomp.parsing.IRFactory.TransformDispatcher#processInfixExpression(com.google.javascript.rhino.head.ast.InfixExpression):853, 4.377269563569285
com.google.javascript.jscomp.parsing.IRFactory.TransformDispatcher#processInfixExpression(com.google.javascript.rhino.head.ast.InfixExpression):857, 4.377269563569285
com.google.javascript.jscomp.parsing.IRFactory.TransformDispatcher#processInfixExpression(com.google.javascript.rhino.head.ast.InfixExpression):858, 4.377269563569285
com.google.javascript.jscomp.parsing.IRFactory.TransformDispatcher#processInfixExpression(com.google.javascript.rhino.head.ast.InfixExpression):859, 4.377269563569285
com.google.javascript.jscomp.parsing.IRFactory.TransformDispatcher#processInfixExpression(com.google.javascript.rhino.head.ast.InfixExpression):860, 4.377269563569285
com.google.javascript.jscomp.Compiler#getTypeValidator():1279, 4.376139015992374
com.google.javascript.jscomp.Compiler#getTypeValidator():1280, 4.376139015992374
com.google.javascript.jscomp.Compiler#getTypeValidator():1282, 4.376139015992374
com.google.javascript.jscomp.TypedScopeCreator.AbstractScopeBuilder#attachLiteralTypes(com.google.javascript.rhino.Node):584, 4.36609702760156
com.google.javascript.jscomp.TypedScopeCreator.AbstractScopeBuilder#attachLiteralTypes(com.google.javascript.rhino.Node):585, 4.36609702760156
com.google.javascript.jscomp.TypedScopeCreator.AbstractScopeBuilder#attachLiteralTypes(com.google.javascript.rhino.Node):574, 4.366089083558415
com.google.javascript.jscomp.TypedScopeCreator.AbstractScopeBuilder#attachLiteralTypes(com.google.javascript.rhino.Node):616, 4.366089083558415
com.google.javascript.jscomp.TypedScopeCreator.AbstractScopeBuilder#attachLiteralTypes(com.google.javascript.rhino.Node):576, 4.3659
com.google.javascript.jscomp.TypedScopeCreator.AbstractScopeBuilder#attachLiteralTypes(com.google.javascript.rhino.Node):577, 4.3659
com.google.javascript.jscomp.TypedScopeCreator.AbstractScopeBuilder#attachLiteralTypes(com.google.javascript.rhino.Node):580, 4.3659
com.google.javascript.jscomp.TypedScopeCreator.AbstractScopeBuilder#attachLiteralTypes(com.google.javascript.rhino.Node):581, 4.3659
com.google.javascript.jscomp.TypedScopeCreator.AbstractScopeBuilder#attachLiteralTypes(com.google.javascript.rhino.Node):588, 4.3659
com.google.javascript.jscomp.TypedScopeCreator.AbstractScopeBuilder#attachLiteralTypes(com.google.javascript.rhino.Node):589, 4.3659
com.google.javascript.jscomp.TypedScopeCreator.AbstractScopeBuilder#attachLiteralTypes(com.google.javascript.rhino.Node):593, 4.3659
com.google.javascript.jscomp.TypedScopeCreator.AbstractScopeBuilder#attachLiteralTypes(com.google.javascript.rhino.Node):594, 4.3659
com.google.javascript.jscomp.TypedScopeCreator.AbstractScopeBuilder#attachLiteralTypes(com.google.javascript.rhino.Node):597, 4.3659
com.google.javascript.jscomp.TypedScopeCreator.AbstractScopeBuilder#attachLiteralTypes(com.google.javascript.rhino.Node):598, 4.3659
com.google.javascript.jscomp.TypedScopeCreator.AbstractScopeBuilder#attachLiteralTypes(com.google.javascript.rhino.Node):601, 4.3659
com.google.javascript.jscomp.TypedScopeCreator.AbstractScopeBuilder#attachLiteralTypes(com.google.javascript.rhino.Node):602, 4.3659
com.google.javascript.jscomp.TypedScopeCreator.AbstractScopeBuilder#attachLiteralTypes(com.google.javascript.rhino.Node):604, 4.3659
com.google.javascript.jscomp.TypedScopeCreator.AbstractScopeBuilder#attachLiteralTypes(com.google.javascript.rhino.Node):605, 4.3659
com.google.javascript.jscomp.TypedScopeCreator.AbstractScopeBuilder#attachLiteralTypes(com.google.javascript.rhino.Node):607, 4.3659
com.google.javascript.jscomp.TypedScopeCreator.AbstractScopeBuilder#attachLiteralTypes(com.google.javascript.rhino.Node):609, 4.3659
com.google.javascript.jscomp.TypedScopeCreator.GlobalScopeBuilder#visit(com.google.javascript.jscomp.NodeTraversal,com.google.javascript.rhino.Node,com.google.javascript.rhino.Node):1883, 4.3651186929258925
com.google.javascript.jscomp.TypedScopeCreator.GlobalScopeBuilder#visit(com.google.javascript.jscomp.NodeTraversal,com.google.javascript.rhino.Node,com.google.javascript.rhino.Node):1882, 4.365118614530575
com.google.javascript.jscomp.TypedScopeCreator.GlobalScopeBuilder#visit(com.google.javascript.jscomp.NodeTraversal,com.google.javascript.rhino.Node,com.google.javascript.rhino.Node):1876, 4.365109083558415
com.google.javascript.jscomp.TypedScopeCreator.GlobalScopeBuilder#visit(com.google.javascript.jscomp.NodeTraversal,com.google.javascript.rhino.Node,com.google.javascript.rhino.Node):1878, 4.365109083558415
com.google.javascript.jscomp.TypedScopeCreator.GlobalScopeBuilder#visit(com.google.javascript.jscomp.NodeTraversal,com.google.javascript.rhino.Node,com.google.javascript.rhino.Node):1887, 4.365109083558415
com.google.javascript.rhino.jstype.UnionType#rebuildAlternates():105, 4.364744257172472
com.google.javascript.rhino.jstype.UnionType#rebuildAlternates():106, 4.364744257172472
com.google.javascript.rhino.jstype.UnionType#rebuildAlternates():107, 4.364744257172472
com.google.javascript.rhino.jstype.UnionType#rebuildAlternates():108, 4.364744257172472
com.google.javascript.rhino.jstype.UnionType#rebuildAlternates():109, 4.364744257172472
com.google.javascript.rhino.jstype.UnionType#rebuildAlternates():110, 4.364744257172472
com.google.javascript.rhino.jstype.UnionType#rebuildAlternates():111, 4.364744257172472
com.google.javascript.rhino.jstype.UnionTypeBuilder#getAlternates():113, 4.364494257172471
com.google.javascript.rhino.jstype.UnionTypeBuilder#getAlternates():109, 4.364494183909345
com.google.javascript.rhino.jstype.UnionTypeBuilder#getAlternates():110, 4.364494183909345
com.google.javascript.rhino.jstype.UnionTypeBuilder#getAlternates():111, 4.3643
com.google.javascript.rhino.JSDocInfo#getType(int):1160, 4.363167874373821
com.google.javascript.rhino.JSDocInfo#getType(int):1158, 4.363166646282059
com.google.javascript.rhino.JSDocInfo#getType(int):1157, 4.3631572186521
com.google.javascript.rhino.jstype.PropertyMap#getSlot(java.lang.String):131, 4.362256951160198
com.google.javascript.rhino.jstype.PropertyMap#getSlot(java.lang.String):132, 4.362256951160198
com.google.javascript.rhino.jstype.PropertyMap#getSlot(java.lang.String):136, 4.362255927833476
com.google.javascript.rhino.jstype.PropertyMap#getSlot(java.lang.String):144, 4.362255927833476
com.google.javascript.rhino.jstype.PropertyMap#getSlot(java.lang.String):129, 4.362255031475744
com.google.javascript.rhino.jstype.PropertyMap#getSlot(java.lang.String):130, 4.362255031475744
com.google.javascript.rhino.jstype.PropertyMap#getSlot(java.lang.String):127, 4.362254367222809
com.google.javascript.rhino.jstype.PropertyMap#getSlot(java.lang.String):126, 4.362250312273168
com.google.javascript.rhino.jstype.PropertyMap#getSlot(java.lang.String):133, 4.36206
com.google.javascript.rhino.jstype.PropertyMap#getSlot(java.lang.String):137, 4.36206
com.google.javascript.rhino.jstype.PropertyMap#getSlot(java.lang.String):138, 4.36206
com.google.javascript.rhino.jstype.PropertyMap#getSlot(java.lang.String):139, 4.36206
com.google.javascript.rhino.jstype.PropertyMap#getSlot(java.lang.String):140, 4.36206
com.google.javascript.rhino.jstype.PropertyMap#getSlot(java.lang.String):143, 4.36206
com.google.javascript.jscomp.NodeUtil#getBestLValueName(com.google.javascript.rhino.Node):3149, 4.361683528249929
com.google.javascript.jscomp.NodeUtil#getBestLValueName(com.google.javascript.rhino.Node):3151, 4.3616812846779744
com.google.javascript.jscomp.NodeUtil#getBestLValueName(com.google.javascript.rhino.Node):3161, 4.3616812846779744
com.google.javascript.jscomp.NodeUtil#getBestLValueName(com.google.javascript.rhino.Node):3148, 4.361677712763944
com.google.javascript.jscomp.NodeUtil#getBestLValueName(com.google.javascript.rhino.Node):3152, 4.36149
com.google.javascript.jscomp.NodeUtil#getBestLValueName(com.google.javascript.rhino.Node):3153, 4.36149
com.google.javascript.jscomp.NodeUtil#getBestLValueName(com.google.javascript.rhino.Node):3154, 4.36149
com.google.javascript.jscomp.NodeUtil#getBestLValueName(com.google.javascript.rhino.Node):3155, 4.36149
com.google.javascript.jscomp.NodeUtil#getBestLValueName(com.google.javascript.rhino.Node):3156, 4.36149
com.google.javascript.jscomp.NodeUtil#getBestLValueName(com.google.javascript.rhino.Node):3159, 4.36149
com.google.javascript.jscomp.MemoizedScopeCreator#createScope(com.google.javascript.rhino.Node,com.google.javascript.jscomp.Scope):85, 4.3583345510564095
com.google.javascript.jscomp.MemoizedScopeCreator#createScope(com.google.javascript.rhino.Node,com.google.javascript.jscomp.Scope):80, 4.358332950983169
com.google.javascript.jscomp.MemoizedScopeCreator#createScope(com.google.javascript.rhino.Node,com.google.javascript.jscomp.Scope):81, 4.358332950983169
com.google.javascript.jscomp.MemoizedScopeCreator#createScope(com.google.javascript.rhino.Node,com.google.javascript.jscomp.Scope):82, 4.358332950983169
com.google.javascript.jscomp.MemoizedScopeCreator#createScope(com.google.javascript.rhino.Node,com.google.javascript.jscomp.Scope):83, 4.358332950983169
com.google.javascript.jscomp.MemoizedScopeCreator#createScope(com.google.javascript.rhino.Node,com.google.javascript.jscomp.Scope):87, 4.358332950983169
com.google.javascript.jscomp.NodeUtil#isLValue(com.google.javascript.rhino.Node):2056, 4.353613094815454
com.google.javascript.jscomp.NodeUtil#isLValue(com.google.javascript.rhino.Node):2058, 4.353613094815454
com.google.javascript.jscomp.NodeUtil#isLValue(com.google.javascript.rhino.Node):2059, 4.353613094815454
com.google.javascript.jscomp.NodeUtil#isLValue(com.google.javascript.rhino.Node):2062, 4.353613094815454
com.google.javascript.jscomp.NodeUtil#isLValue(com.google.javascript.rhino.Node):2060, 4.35342
com.google.javascript.jscomp.TypeInferencePass#computeCfg(com.google.javascript.rhino.Node):158, 4.35241302285912
com.google.javascript.jscomp.TypeInferencePass#computeCfg(com.google.javascript.rhino.Node):159, 4.35241302285912
com.google.javascript.jscomp.TypeInferencePass#computeCfg(com.google.javascript.rhino.Node):160, 4.35241302285912
com.google.javascript.rhino.jstype.JSTypeRegistry#resolveTypesInScope(com.google.javascript.rhino.jstype.StaticScope):1004, 4.35168295098317
com.google.javascript.rhino.jstype.JSTypeRegistry#resolveTypesInScope(com.google.javascript.rhino.jstype.StaticScope):1008, 4.35168295098317
com.google.javascript.rhino.jstype.JSTypeRegistry#resolveTypesInScope(com.google.javascript.rhino.jstype.StaticScope):1010, 4.35168295098317
com.google.javascript.rhino.jstype.JSTypeRegistry#resolveTypesInScope(com.google.javascript.rhino.jstype.StaticScope):1014, 4.35168295098317
com.google.javascript.rhino.jstype.JSTypeRegistry#resolveTypesInScope(com.google.javascript.rhino.jstype.StaticScope):1016, 4.35168295098317
com.google.javascript.rhino.jstype.JSTypeRegistry#resolveTypesInScope(com.google.javascript.rhino.jstype.StaticScope):1017, 4.35168295098317
com.google.javascript.rhino.jstype.JSTypeRegistry#resolveTypesInScope(com.google.javascript.rhino.jstype.StaticScope):1027, 4.35168295098317
com.google.javascript.rhino.jstype.JSTypeRegistry#resolveTypesInScope(com.google.javascript.rhino.jstype.StaticScope):1005, 4.35149
com.google.javascript.rhino.jstype.JSTypeRegistry#resolveTypesInScope(com.google.javascript.rhino.jstype.StaticScope):1006, 4.35149
com.google.javascript.rhino.jstype.JSTypeRegistry#resolveTypesInScope(com.google.javascript.rhino.jstype.StaticScope):1018, 4.35149
com.google.javascript.rhino.jstype.JSTypeRegistry#resolveTypesInScope(com.google.javascript.rhino.jstype.StaticScope):1019, 4.35149
com.google.javascript.rhino.jstype.JSTypeRegistry#resolveTypesInScope(com.google.javascript.rhino.jstype.StaticScope):1020, 4.35149
com.google.javascript.rhino.jstype.JSTypeRegistry#resolveTypesInScope(com.google.javascript.rhino.jstype.StaticScope):1022, 4.35149
com.google.javascript.rhino.jstype.JSType#toMaybeFunctionType(com.google.javascript.rhino.jstype.JSType):358, 4.3494045533676315
com.google.javascript.rhino.JSDocInfo#getParameterCount():1053, 4.348243540710879
com.google.javascript.rhino.JSDocInfo#getParameterCount():1051, 4.348214271151798
com.google.javascript.rhino.JSDocInfo#getParameterCount():1050, 4.348213185826362
com.google.javascript.rhino.jstype.UnionType#isUnknownType():271, 4.347192557095626
com.google.javascript.rhino.jstype.UnionType#isUnknownType():270, 4.347192521407164
com.google.javascript.rhino.jstype.UnionType#isUnknownType():266, 4.3471924144607215
com.google.javascript.rhino.jstype.UnionType#isUnknownType():267, 4.3471924144607215
com.google.javascript.rhino.jstype.UnionType#isUnknownType():268, 4.347
com.google.javascript.jscomp.TypedScopeCreator.AbstractScopeBuilder#setDeferredType(com.google.javascript.rhino.Node,com.google.javascript.rhino.jstype.JSType):462, 4.344860071480317
com.google.javascript.jscomp.TypedScopeCreator.AbstractScopeBuilder#setDeferredType(com.google.javascript.rhino.Node,com.google.javascript.rhino.jstype.JSType):463, 4.344860071480317
com.google.javascript.rhino.JSTypeExpression#evaluate(com.google.javascript.rhino.jstype.StaticScope,com.google.javascript.rhino.jstype.JSTypeRegistry):100, 4.34402090088708
com.google.javascript.rhino.JSTypeExpression#evaluate(com.google.javascript.rhino.jstype.StaticScope,com.google.javascript.rhino.jstype.JSTypeRegistry):101, 4.34402090088708
com.google.javascript.rhino.JSTypeExpression#evaluate(com.google.javascript.rhino.jstype.StaticScope,com.google.javascript.rhino.jstype.JSTypeRegistry):102, 4.34402090088708
com.google.javascript.rhino.JSDocInfo#setType(com.google.javascript.rhino.JSTypeExpression,int):1073, 4.343474396421121
com.google.javascript.rhino.JSDocInfo#setType(com.google.javascript.rhino.JSTypeExpression,int):1078, 4.343474396421121
com.google.javascript.rhino.JSDocInfo#setType(com.google.javascript.rhino.JSTypeExpression,int):1079, 4.343474396421121
com.google.javascript.rhino.JSDocInfo#setType(com.google.javascript.rhino.JSTypeExpression,int):1080, 4.343474396421121
com.google.javascript.rhino.JSDocInfo#setType(com.google.javascript.rhino.JSTypeExpression,int):1074, 4.34329
com.google.javascript.rhino.JSDocInfoBuilder#isPopulatedWithFileOverview():111, 4.3431069798749
com.google.javascript.rhino.jstype.JSTypeRegistry#createFromTypeNodes(com.google.javascript.rhino.Node,java.lang.String,com.google.javascript.rhino.jstype.StaticScope):1610, 4.3429307966171296
com.google.javascript.rhino.jstype.JSTypeRegistry#createFromTypeNodes(com.google.javascript.rhino.Node,java.lang.String,com.google.javascript.rhino.jstype.StaticScope):1618, 4.3429307966171296
com.google.javascript.rhino.jstype.JSTypeRegistry#createFromTypeNodes(com.google.javascript.rhino.Node,java.lang.String,com.google.javascript.rhino.jstype.StaticScope):1613, 4.34274
com.google.javascript.rhino.jstype.JSTypeRegistry#createFromTypeNodes(com.google.javascript.rhino.Node,java.lang.String,com.google.javascript.rhino.jstype.StaticScope):1614, 4.34274
com.google.javascript.rhino.jstype.JSTypeRegistry#createFromTypeNodes(com.google.javascript.rhino.Node,java.lang.String,com.google.javascript.rhino.jstype.StaticScope):1615, 4.34274
com.google.javascript.jscomp.FunctionTypeBuilder#maybeSetBaseType(com.google.javascript.rhino.jstype.FunctionType):717, 4.3414216355949415
com.google.javascript.jscomp.FunctionTypeBuilder#maybeSetBaseType(com.google.javascript.rhino.jstype.FunctionType):720, 4.3414216355949415
com.google.javascript.jscomp.FunctionTypeBuilder#maybeSetBaseType(com.google.javascript.rhino.jstype.FunctionType):718, 4.34123
com.google.javascript.rhino.JSDocInfo#isConstructor():489, 4.341399394228329
com.google.javascript.rhino.JSDocInfo#getLendsName():1239, 4.340217778941547
com.google.javascript.rhino.jstype.UnionTypeBuilder#reduceAlternatesWithoutUnion():304, 4.33999744962592
com.google.javascript.rhino.jstype.UnionTypeBuilder#reduceAlternatesWithoutUnion():303, 4.339997257460788
com.google.javascript.rhino.jstype.UnionTypeBuilder#reduceAlternatesWithoutUnion():289, 4.339920560705543
com.google.javascript.rhino.jstype.UnionTypeBuilder#reduceAlternatesWithoutUnion():291, 4.339920560705543
com.google.javascript.rhino.jstype.UnionTypeBuilder#reduceAlternatesWithoutUnion():298, 4.339920560705543
com.google.javascript.rhino.jstype.UnionTypeBuilder#reduceAlternatesWithoutUnion():299, 4.339920560705543
com.google.javascript.rhino.jstype.UnionTypeBuilder#reduceAlternatesWithoutUnion():301, 4.339920560705543
com.google.javascript.rhino.jstype.UnionTypeBuilder#reduceAlternatesWithoutUnion():302, 4.339920560705543
com.google.javascript.rhino.jstype.UnionTypeBuilder#reduceAlternatesWithoutUnion():290, 4.3398
com.google.javascript.rhino.jstype.UnionTypeBuilder#reduceAlternatesWithoutUnion():292, 4.3398
com.google.javascript.rhino.jstype.UnionTypeBuilder#reduceAlternatesWithoutUnion():293, 4.3398
com.google.javascript.rhino.jstype.UnionTypeBuilder#reduceAlternatesWithoutUnion():295, 4.3398
com.google.javascript.rhino.jstype.UnionTypeBuilder#reduceAlternatesWithoutUnion():300, 4.3398
com.google.javascript.rhino.jstype.UnionTypeBuilder#reduceAlternatesWithoutUnion():306, 4.3398
com.google.javascript.jscomp.NodeUtil#isCallOrNewTarget(com.google.javascript.rhino.Node):3048, 4.338979083558415
com.google.javascript.jscomp.NodeUtil#isCallOrNewTarget(com.google.javascript.rhino.Node):3049, 4.338979083558415
com.google.javascript.jscomp.FunctionTypeBuilder.AstFunctionContents#getEscapedVarNames():951, 4.338751635594941
com.google.javascript.jscomp.TypeInference#getJSType(com.google.javascript.rhino.Node):1581, 4.338151635594941
com.google.javascript.jscomp.TypeInference#getJSType(com.google.javascript.rhino.Node):1573, 4.338151600416309
com.google.javascript.jscomp.TypeInference#getJSType(com.google.javascript.rhino.Node):1574, 4.338151600416309
com.google.javascript.jscomp.TypeInference#getJSType(com.google.javascript.rhino.Node):1579, 4.33796
com.google.javascript.jscomp.NodeUtil#getSourceName(com.google.javascript.rhino.Node):2883, 4.337378377706742
com.google.javascript.jscomp.NodeUtil#getSourceName(com.google.javascript.rhino.Node):2884, 4.337378377706742
com.google.javascript.jscomp.NodeUtil#getSourceName(com.google.javascript.rhino.Node):2885, 4.337378377706742
com.google.javascript.jscomp.NodeUtil#getSourceName(com.google.javascript.rhino.Node):2886, 4.337378377706742
com.google.javascript.jscomp.NodeUtil#getSourceName(com.google.javascript.rhino.Node):2888, 4.337378377706742
com.google.javascript.jscomp.TypedScopeCreator#getFunctionAnalysisResults(com.google.javascript.rhino.Node):2156, 4.336961635594941
com.google.javascript.jscomp.TypedScopeCreator#getFunctionAnalysisResults(com.google.javascript.rhino.Node):2150, 4.336961249692207
com.google.javascript.jscomp.TypedScopeCreator#getFunctionAnalysisResults(com.google.javascript.rhino.Node):2151, 4.33677
com.google.javascript.jscomp.TypedScopeCreator.AbstractScopeBuilder#getPrototypeOwnerType(com.google.javascript.rhino.jstype.ObjectType):993, 4.3367096569673445
com.google.javascript.jscomp.TypedScopeCreator.AbstractScopeBuilder#getPrototypeOwnerType(com.google.javascript.rhino.jstype.ObjectType):995, 4.336691424813289
com.google.javascript.jscomp.TypedScopeCreator.AbstractScopeBuilder#getPrototypeOwnerType(com.google.javascript.rhino.jstype.ObjectType):992, 4.336691249692207
com.google.javascript.jscomp.FunctionTypeBuilder#setContents(com.google.javascript.jscomp.FunctionTypeBuilder.FunctionContents):235, 4.335371741247212
com.google.javascript.jscomp.FunctionTypeBuilder#setContents(com.google.javascript.jscomp.FunctionTypeBuilder.FunctionContents):234, 4.3353713547071475
com.google.javascript.jscomp.FunctionTypeBuilder#setContents(com.google.javascript.jscomp.FunctionTypeBuilder.FunctionContents):237, 4.3353713547071475
com.google.javascript.rhino.JSDocInfo#isNoCompile():642, 4.334418252414505
com.google.javascript.rhino.JSDocInfo#isExterns():626, 4.329828192999292
com.google.javascript.rhino.JSDocInfo#makesStructs():497, 4.329786229377069
com.google.javascript.rhino.jstype.ObjectType#getSlot(java.lang.String):116, 4.328770312273168
com.google.javascript.jscomp.parsing.JsDocTokenStream#getJsDocToken():101, 4.328244570537711
com.google.javascript.jscomp.parsing.JsDocTokenStream#getJsDocToken():172, 4.328244471816502
com.google.javascript.jscomp.parsing.JsDocTokenStream#getJsDocToken():173, 4.328244471816502
com.google.javascript.jscomp.parsing.JsDocTokenStream#getJsDocToken():174, 4.328244471816502
com.google.javascript.jscomp.parsing.JsDocTokenStream#getJsDocToken():175, 4.328244471816502
com.google.javascript.jscomp.parsing.JsDocTokenStream#getJsDocToken():176, 4.328244471816502
com.google.javascript.jscomp.parsing.JsDocTokenStream#getJsDocToken():140, 4.328244373231428
com.google.javascript.jscomp.parsing.JsDocTokenStream#getJsDocToken():128, 4.32824393127492
com.google.javascript.jscomp.parsing.JsDocTokenStream#getJsDocToken():134, 4.328242910581429
com.google.javascript.jscomp.parsing.JsDocTokenStream#getJsDocToken():135, 4.328242910581429
com.google.javascript.jscomp.parsing.JsDocTokenStream#getJsDocToken():145, 4.328242765957447
com.google.javascript.jscomp.parsing.JsDocTokenStream#getJsDocToken():143, 4.32824266970503
com.google.javascript.jscomp.parsing.JsDocTokenStream#getJsDocToken():144, 4.32824266970503
com.google.javascript.jscomp.parsing.JsDocTokenStream#getJsDocToken():142, 4.328241524772324
com.google.javascript.jscomp.parsing.JsDocTokenStream#getJsDocToken():131, 4.328241241416841
com.google.javascript.jscomp.parsing.JsDocTokenStream#getJsDocToken():138, 4.328236812958147
com.google.javascript.jscomp.parsing.JsDocTokenStream#getJsDocToken():139, 4.328236812958147
com.google.javascript.jscomp.parsing.JsDocTokenStream#getJsDocToken():125, 4.328236460034754
com.google.javascript.jscomp.parsing.JsDocTokenStream#getJsDocToken():163, 4.328231989290812
com.google.javascript.jscomp.parsing.JsDocTokenStream#getJsDocToken():164, 4.328231989290812
com.google.javascript.jscomp.parsing.JsDocTokenStream#getJsDocToken():165, 4.328231989290812
com.google.javascript.jscomp.parsing.JsDocTokenStream#getJsDocToken():166, 4.328231989290812
com.google.javascript.jscomp.parsing.JsDocTokenStream#getJsDocToken():94, 4.328222272142313
com.google.javascript.jscomp.parsing.JsDocTokenStream#getJsDocToken():69, 4.328219015992374
com.google.javascript.jscomp.parsing.JsDocTokenStream#getJsDocToken():113, 4.32820823075145
com.google.javascript.jscomp.parsing.JsDocTokenStream#getJsDocToken():110, 4.328207948338419
com.google.javascript.jscomp.parsing.JsDocTokenStream#getJsDocToken():179, 4.32820644616831
com.google.javascript.jscomp.parsing.JsDocTokenStream#getJsDocToken():181, 4.328206336403965
com.google.javascript.jscomp.parsing.JsDocTokenStream#getJsDocToken():182, 4.328206336403965
com.google.javascript.jscomp.parsing.JsDocTokenStream#getJsDocToken():183, 4.328206336403965
com.google.javascript.jscomp.parsing.JsDocTokenStream#getJsDocToken():184, 4.328206336403965
com.google.javascript.jscomp.parsing.JsDocTokenStream#getJsDocToken():185, 4.328206336403965
com.google.javascript.jscomp.parsing.JsDocTokenStream#getJsDocToken():169, 4.328206281598554
com.google.javascript.jscomp.parsing.JsDocTokenStream#getJsDocToken():170, 4.328206281598554
com.google.javascript.jscomp.parsing.JsDocTokenStream#getJsDocToken():171, 4.328206281598554
com.google.javascript.jscomp.parsing.JsDocTokenStream#getJsDocToken():178, 4.328206281598554
com.google.javascript.jscomp.parsing.JsDocTokenStream#getJsDocToken():159, 4.328204767495429
com.google.javascript.jscomp.parsing.JsDocTokenStream#getJsDocToken():160, 4.328204767495429
com.google.javascript.jscomp.parsing.JsDocTokenStream#getJsDocToken():161, 4.328204767495429
com.google.javascript.jscomp.parsing.JsDocTokenStream#getJsDocToken():162, 4.328204767495429
com.google.javascript.jscomp.parsing.JsDocTokenStream#getJsDocToken():81, 4.328187018573256
com.google.javascript.jscomp.parsing.JsDocTokenStream#getJsDocToken():79, 4.328186999220501
com.google.javascript.jscomp.parsing.JsDocTokenStream#getJsDocToken():80, 4.328186999220501
com.google.javascript.jscomp.parsing.JsDocTokenStream#getJsDocToken():83, 4.328186999220501
com.google.javascript.jscomp.parsing.JsDocTokenStream#getJsDocToken():84, 4.328186999220501
com.google.javascript.jscomp.parsing.JsDocTokenStream#getJsDocToken():85, 4.328186999220501
com.google.javascript.jscomp.parsing.JsDocTokenStream#getJsDocToken():86, 4.328186999220501
com.google.javascript.jscomp.parsing.JsDocTokenStream#getJsDocToken():92, 4.328186652089998
com.google.javascript.jscomp.parsing.JsDocTokenStream#getJsDocToken():91, 4.328186632872419
com.google.javascript.jscomp.parsing.JsDocTokenStream#getJsDocToken():68, 4.328186460231885
com.google.javascript.jscomp.parsing.JsDocTokenStream#getJsDocToken():70, 4.328186460231885
com.google.javascript.jscomp.parsing.JsDocTokenStream#getJsDocToken():71, 4.328186460231885
com.google.javascript.jscomp.parsing.JsDocTokenStream#getJsDocToken():75, 4.328186460231885
com.google.javascript.jscomp.parsing.JsDocTokenStream#getJsDocToken():60, 4.328186441084822
com.google.javascript.jscomp.parsing.JsDocTokenStream#getJsDocToken():64, 4.328186441084822
com.google.javascript.jscomp.parsing.JsDocTokenStream#getJsDocToken():65, 4.328186441084822
com.google.javascript.jscomp.parsing.JsDocTokenStream#getJsDocToken():66, 4.328186441084822
com.google.javascript.jscomp.parsing.JsDocTokenStream#getJsDocToken():67, 4.32803
com.google.javascript.jscomp.parsing.JsDocTokenStream#getJsDocToken():98, 4.32803
com.google.javascript.jscomp.parsing.JsDocTokenStream#getJsDocToken():104, 4.32803
com.google.javascript.jscomp.parsing.JsDocTokenStream#getJsDocToken():107, 4.32803
com.google.javascript.jscomp.parsing.JsDocTokenStream#getJsDocToken():116, 4.32803
com.google.javascript.jscomp.parsing.JsDocTokenStream#getJsDocToken():119, 4.32803
com.google.javascript.jscomp.parsing.JsDocTokenStream#getJsDocToken():122, 4.32803
com.google.javascript.jscomp.parsing.JsDocTokenStream#getJsDocToken():147, 4.32803
com.google.javascript.jscomp.parsing.JsDocTokenStream#getJsDocToken():151, 4.32803
com.google.javascript.jscomp.parsing.JsDocTokenStream#getJsDocToken():152, 4.32803
com.google.javascript.rhino.JSDocInfoBuilder#build(com.google.javascript.rhino.Node):135, 4.3234169798749
com.google.javascript.rhino.JSDocInfoBuilder#build(com.google.javascript.rhino.Node):136, 4.3234169798749
com.google.javascript.rhino.JSDocInfoBuilder#build(com.google.javascript.rhino.Node):137, 4.3234169798749
com.google.javascript.rhino.JSDocInfoBuilder#build(com.google.javascript.rhino.Node):138, 4.3234169798749
com.google.javascript.rhino.JSDocInfoBuilder#build(com.google.javascript.rhino.Node):139, 4.3234169798749
com.google.javascript.rhino.JSDocInfoBuilder#build(com.google.javascript.rhino.Node):140, 4.3234169798749
com.google.javascript.rhino.JSDocInfoBuilder#build(com.google.javascript.rhino.Node):134, 4.323416078620996
com.google.javascript.rhino.JSDocInfoBuilder#build(com.google.javascript.rhino.Node):142, 4.32326
com.google.javascript.jscomp.parsing.JsDocTokenStream#ungetCharIgnoreLineEnd(int):438, 4.318359797404501
com.google.javascript.jscomp.parsing.JsDocTokenStream#ungetCharIgnoreLineEnd(int):439, 4.318359797404501
com.google.javascript.jscomp.parsing.JsDocTokenStream#ungetCharIgnoreLineEnd(int):440, 4.318359797404501
com.google.javascript.rhino.jstype.FunctionBuilder#withTypeOfThis(com.google.javascript.rhino.jstype.JSType):117, 4.313299252791026
com.google.javascript.rhino.jstype.FunctionBuilder#withTypeOfThis(com.google.javascript.rhino.jstype.JSType):118, 4.313299252791026
com.google.javascript.jscomp.parsing.IRFactory#validateTypeAnnotations(com.google.javascript.rhino.JSDocInfo,com.google.javascript.rhino.head.ast.AstNode):331, 4.313164893943609
com.google.javascript.jscomp.parsing.IRFactory#validateTypeAnnotations(com.google.javascript.rhino.JSDocInfo,com.google.javascript.rhino.head.ast.AstNode):332, 4.313164893943609
com.google.javascript.jscomp.parsing.IRFactory#validateTypeAnnotations(com.google.javascript.rhino.JSDocInfo,com.google.javascript.rhino.head.ast.AstNode):299, 4.313160885850923
com.google.javascript.jscomp.parsing.IRFactory#validateTypeAnnotations(com.google.javascript.rhino.JSDocInfo,com.google.javascript.rhino.head.ast.AstNode):300, 4.313160885850923
com.google.javascript.jscomp.parsing.IRFactory#validateTypeAnnotations(com.google.javascript.rhino.JSDocInfo,com.google.javascript.rhino.head.ast.AstNode):291, 4.31315510570276
com.google.javascript.jscomp.parsing.IRFactory#validateTypeAnnotations(com.google.javascript.rhino.JSDocInfo,com.google.javascript.rhino.head.ast.AstNode):292, 4.31315510570276
com.google.javascript.jscomp.parsing.IRFactory#validateTypeAnnotations(com.google.javascript.rhino.JSDocInfo,com.google.javascript.rhino.head.ast.AstNode):338, 4.31315510570276
com.google.javascript.jscomp.parsing.IRFactory#validateTypeAnnotations(com.google.javascript.rhino.JSDocInfo,com.google.javascript.rhino.head.ast.AstNode):290, 4.313125862341623
com.google.javascript.jscomp.parsing.IRFactory#validateTypeAnnotations(com.google.javascript.rhino.JSDocInfo,com.google.javascript.rhino.head.ast.AstNode):344, 4.313125862341623
com.google.javascript.jscomp.parsing.IRFactory#validateTypeAnnotations(com.google.javascript.rhino.JSDocInfo,com.google.javascript.rhino.head.ast.AstNode):295, 4.31296
com.google.javascript.jscomp.parsing.IRFactory#validateTypeAnnotations(com.google.javascript.rhino.JSDocInfo,com.google.javascript.rhino.head.ast.AstNode):296, 4.31296
com.google.javascript.jscomp.parsing.IRFactory#validateTypeAnnotations(com.google.javascript.rhino.JSDocInfo,com.google.javascript.rhino.head.ast.AstNode):303, 4.31296
com.google.javascript.jscomp.parsing.IRFactory#validateTypeAnnotations(com.google.javascript.rhino.JSDocInfo,com.google.javascript.rhino.head.ast.AstNode):304, 4.31296
com.google.javascript.jscomp.parsing.IRFactory#validateTypeAnnotations(com.google.javascript.rhino.JSDocInfo,com.google.javascript.rhino.head.ast.AstNode):305, 4.31296
com.google.javascript.jscomp.parsing.IRFactory#validateTypeAnnotations(com.google.javascript.rhino.JSDocInfo,com.google.javascript.rhino.head.ast.AstNode):308, 4.31296
com.google.javascript.jscomp.parsing.IRFactory#validateTypeAnnotations(com.google.javascript.rhino.JSDocInfo,com.google.javascript.rhino.head.ast.AstNode):311, 4.31296
com.google.javascript.jscomp.parsing.IRFactory#validateTypeAnnotations(com.google.javascript.rhino.JSDocInfo,com.google.javascript.rhino.head.ast.AstNode):317, 4.31296
com.google.javascript.jscomp.parsing.IRFactory#validateTypeAnnotations(com.google.javascript.rhino.JSDocInfo,com.google.javascript.rhino.head.ast.AstNode):318, 4.31296
com.google.javascript.jscomp.parsing.IRFactory#validateTypeAnnotations(com.google.javascript.rhino.JSDocInfo,com.google.javascript.rhino.head.ast.AstNode):322, 4.31296
com.google.javascript.jscomp.parsing.IRFactory#validateTypeAnnotations(com.google.javascript.rhino.JSDocInfo,com.google.javascript.rhino.head.ast.AstNode):323, 4.31296
com.google.javascript.jscomp.parsing.IRFactory#validateTypeAnnotations(com.google.javascript.rhino.JSDocInfo,com.google.javascript.rhino.head.ast.AstNode):335, 4.31296
com.google.javascript.jscomp.parsing.IRFactory#validateTypeAnnotations(com.google.javascript.rhino.JSDocInfo,com.google.javascript.rhino.head.ast.AstNode):339, 4.31296
com.google.javascript.jscomp.TypedScopeCreator.FirstOrderFunctionAnalyzer#process(com.google.javascript.rhino.Node,com.google.javascript.rhino.Node):2080, 4.311489083558415
com.google.javascript.jscomp.TypedScopeCreator.FirstOrderFunctionAnalyzer#process(com.google.javascript.rhino.Node,com.google.javascript.rhino.Node):2083, 4.311489083558415
com.google.javascript.jscomp.TypedScopeCreator.FirstOrderFunctionAnalyzer#process(com.google.javascript.rhino.Node,com.google.javascript.rhino.Node):2086, 4.311489083558415
com.google.javascript.jscomp.TypedScopeCreator.FirstOrderFunctionAnalyzer#process(com.google.javascript.rhino.Node,com.google.javascript.rhino.Node):2081, 4.3113
com.google.javascript.jscomp.TypedScopeCreator.AbstractScopeBuilder#resolveStubDeclarations():1741, 4.311489083558415
com.google.javascript.jscomp.TypedScopeCreator.AbstractScopeBuilder#resolveStubDeclarations():1769, 4.311489083558415
com.google.javascript.jscomp.TypedScopeCreator.AbstractScopeBuilder#resolveStubDeclarations():1742, 4.3113
com.google.javascript.jscomp.TypedScopeCreator.AbstractScopeBuilder#resolveStubDeclarations():1743, 4.3113
com.google.javascript.jscomp.TypedScopeCreator.AbstractScopeBuilder#resolveStubDeclarations():1744, 4.3113
com.google.javascript.jscomp.TypedScopeCreator.AbstractScopeBuilder#resolveStubDeclarations():1745, 4.3113
com.google.javascript.jscomp.TypedScopeCreator.AbstractScopeBuilder#resolveStubDeclarations():1746, 4.3113
com.google.javascript.jscomp.TypedScopeCreator.AbstractScopeBuilder#resolveStubDeclarations():1747, 4.3113
com.google.javascript.jscomp.TypedScopeCreator.AbstractScopeBuilder#resolveStubDeclarations():1749, 4.3113
com.google.javascript.jscomp.TypedScopeCreator.AbstractScopeBuilder#resolveStubDeclarations():1750, 4.3113
com.google.javascript.jscomp.TypedScopeCreator.AbstractScopeBuilder#resolveStubDeclarations():1755, 4.3113
com.google.javascript.jscomp.TypedScopeCreator.AbstractScopeBuilder#resolveStubDeclarations():1756, 4.3113
com.google.javascript.jscomp.TypedScopeCreator.AbstractScopeBuilder#resolveStubDeclarations():1758, 4.3113
com.google.javascript.jscomp.TypedScopeCreator.AbstractScopeBuilder#resolveStubDeclarations():1762, 4.3113
com.google.javascript.jscomp.TypedScopeCreator.AbstractScopeBuilder#resolveStubDeclarations():1765, 4.3113
com.google.javascript.jscomp.TypedScopeCreator.AbstractScopeBuilder#resolveStubDeclarations():1768, 4.3113
com.google.javascript.jscomp.TypedScopeCreator#createInitialScope(com.google.javascript.rhino.Node):316, 4.310769015992374
com.google.javascript.jscomp.TypedScopeCreator#createInitialScope(com.google.javascript.rhino.Node):319, 4.310769015992374
com.google.javascript.jscomp.TypedScopeCreator#createInitialScope(com.google.javascript.rhino.Node):320, 4.310769015992374
com.google.javascript.jscomp.TypedScopeCreator#createInitialScope(com.google.javascript.rhino.Node):321, 4.310769015992374
com.google.javascript.jscomp.TypedScopeCreator#createInitialScope(com.google.javascript.rhino.Node):322, 4.310769015992374
com.google.javascript.jscomp.TypedScopeCreator#createInitialScope(com.google.javascript.rhino.Node):323, 4.310769015992374
com.google.javascript.jscomp.TypedScopeCreator#createInitialScope(com.google.javascript.rhino.Node):324, 4.310769015992374
com.google.javascript.jscomp.TypedScopeCreator#createInitialScope(com.google.javascript.rhino.Node):325, 4.310769015992374
com.google.javascript.jscomp.TypedScopeCreator#createInitialScope(com.google.javascript.rhino.Node):326, 4.310769015992374
com.google.javascript.jscomp.TypedScopeCreator#createInitialScope(com.google.javascript.rhino.Node):327, 4.310769015992374
com.google.javascript.jscomp.TypedScopeCreator#createInitialScope(com.google.javascript.rhino.Node):328, 4.310769015992374
com.google.javascript.jscomp.TypedScopeCreator#createInitialScope(com.google.javascript.rhino.Node):329, 4.310769015992374
com.google.javascript.jscomp.TypedScopeCreator#createInitialScope(com.google.javascript.rhino.Node):330, 4.310769015992374
com.google.javascript.jscomp.TypedScopeCreator#createInitialScope(com.google.javascript.rhino.Node):331, 4.310769015992374
com.google.javascript.jscomp.TypedScopeCreator#createInitialScope(com.google.javascript.rhino.Node):332, 4.310769015992374
com.google.javascript.jscomp.TypedScopeCreator#createInitialScope(com.google.javascript.rhino.Node):333, 4.310769015992374
com.google.javascript.jscomp.TypedScopeCreator#createInitialScope(com.google.javascript.rhino.Node):334, 4.310769015992374
com.google.javascript.jscomp.TypedScopeCreator#createInitialScope(com.google.javascript.rhino.Node):335, 4.310769015992374
com.google.javascript.jscomp.TypedScopeCreator#createInitialScope(com.google.javascript.rhino.Node):340, 4.310769015992374
com.google.javascript.jscomp.TypedScopeCreator#createInitialScope(com.google.javascript.rhino.Node):342, 4.310769015992374
com.google.javascript.jscomp.TypedScopeCreator#declareNativeFunctionType(com.google.javascript.jscomp.Scope,com.google.javascript.rhino.jstype.JSTypeNative):346, 4.310769015992374
com.google.javascript.jscomp.TypedScopeCreator#declareNativeFunctionType(com.google.javascript.jscomp.Scope,com.google.javascript.rhino.jstype.JSTypeNative):347, 4.310769015992374
com.google.javascript.jscomp.TypedScopeCreator#declareNativeFunctionType(com.google.javascript.jscomp.Scope,com.google.javascript.rhino.jstype.JSTypeNative):348, 4.310769015992374
com.google.javascript.jscomp.TypedScopeCreator#declareNativeFunctionType(com.google.javascript.jscomp.Scope,com.google.javascript.rhino.jstype.JSTypeNative):350, 4.310769015992374
com.google.javascript.rhino.jstype.JSType#setResolvedTypeInternal(com.google.javascript.rhino.jstype.JSType):1372, 4.310017845189191
com.google.javascript.rhino.jstype.JSType#setResolvedTypeInternal(com.google.javascript.rhino.jstype.JSType):1373, 4.310017845189191
com.google.javascript.rhino.jstype.JSType#setResolvedTypeInternal(com.google.javascript.rhino.jstype.JSType):1374, 4.310017845189191
com.google.javascript.rhino.jstype.JSType#autobox():783, 4.307590643088476
com.google.javascript.rhino.jstype.JSType#autobox():784, 4.307590643088476
com.google.javascript.rhino.jstype.JSType#autobox():785, 4.307590643088476
com.google.javascript.jscomp.NodeTraversal.AbstractShallowStatementCallback#shouldTraverse(com.google.javascript.jscomp.NodeTraversal,com.google.javascript.rhino.Node,com.google.javascript.rhino.Node):188, 4.304628444590361
com.google.javascript.rhino.JSDocInfo#declareTemplateTypeNames(java.util.List):964, 4.296936624850072
com.google.javascript.rhino.JSDocInfo#declareTemplateTypeNames(java.util.List):966, 4.296936624850072
com.google.javascript.rhino.JSDocInfo#declareTemplateTypeNames(java.util.List):970, 4.296936624850072
com.google.javascript.rhino.JSDocInfo#declareTemplateTypeNames(java.util.List):971, 4.296936624850072
com.google.javascript.rhino.JSDocInfo#declareTemplateTypeNames(java.util.List):967, 4.29672
com.google.javascript.rhino.JSDocInfo#getExtendedInterfacesCount():1378, 4.2965377789415475
com.google.javascript.rhino.JSDocInfo#getExtendedInterfacesCount():1377, 4.296537679701371
com.google.javascript.rhino.JSDocInfo#getExtendedInterfacesCount():1380, 4.29635
com.google.javascript.rhino.jstype.PropertyMap#getPropertiesCount():152, 4.295947712763944
com.google.javascript.rhino.jstype.PropertyMap#getPropertiesCount():153, 4.295947712763944
com.google.javascript.rhino.jstype.PropertyMap#getPropertiesCount():156, 4.295947712763944
com.google.javascript.rhino.jstype.PropertyMap#getPropertiesCount():157, 4.295947712763944
com.google.javascript.rhino.jstype.PropertyMap#getPropertiesCount():158, 4.295947712763944
com.google.javascript.rhino.jstype.PropertyMap#getPropertiesCount():154, 4.29576
com.google.javascript.rhino.jstype.PropertyMap#collectPropertyNames(java.util.Set):174, 4.295947712763944
com.google.javascript.rhino.jstype.PropertyMap#collectPropertyNames(java.util.Set):175, 4.295947712763944
com.google.javascript.rhino.jstype.PropertyMap#collectPropertyNames(java.util.Set):176, 4.295947712763944
com.google.javascript.rhino.jstype.PropertyMap#collectPropertyNames(java.util.Set):177, 4.295947712763944
com.google.javascript.rhino.jstype.PropertyMap#collectPropertyNames(java.util.Set):178, 4.295947712763944
com.google.javascript.rhino.jstype.PropertyMap#collectPropertyNames(java.util.Set):179, 4.295947712763944
com.google.javascript.rhino.jstype.PropertyMap#collectPropertyNames(java.util.Set):181, 4.295947712763944
com.google.javascript.rhino.jstype.PropertyMap#collectPropertyNames(java.util.Set):186, 4.295947712763944
com.google.javascript.rhino.jstype.PropertyMap#collectPropertyNames(java.util.Set):182, 4.29576
com.google.javascript.rhino.jstype.PropertyMap#collectPropertyNames(java.util.Set):183, 4.29576
com.google.javascript.rhino.jstype.PropertyMap#collectPropertyNames(java.util.Set):185, 4.29576
com.google.javascript.rhino.jstype.ObjectType#getPropertiesCount():490, 4.295947712763944
com.google.javascript.rhino.JSDocInfo#setFlag(boolean,int):447, 4.288759418536893
com.google.javascript.rhino.JSDocInfo#setFlag(boolean,int):448, 4.288759418536893
com.google.javascript.rhino.JSDocInfo#setFlag(boolean,int):452, 4.288759418536893
com.google.javascript.rhino.JSDocInfo#setFlag(boolean,int):450, 4.28859
com.google.javascript.jscomp.NodeTraversal#pushScope(com.google.javascript.jscomp.Scope):611, 4.2853225214071635
com.google.javascript.jscomp.NodeTraversal#pushScope(com.google.javascript.jscomp.Scope):606, 4.28531266554145
com.google.javascript.jscomp.NodeTraversal#pushScope(com.google.javascript.jscomp.Scope):607, 4.28531266554145
com.google.javascript.jscomp.NodeTraversal#pushScope(com.google.javascript.jscomp.Scope):608, 4.28531266554145
com.google.javascript.jscomp.NodeTraversal#pushScope(com.google.javascript.jscomp.Scope):609, 4.28531266554145
com.google.javascript.jscomp.NodeTraversal#pushScope(com.google.javascript.jscomp.Scope):610, 4.28531266554145
com.google.javascript.jscomp.NodeTraversal#pushScope(com.google.javascript.jscomp.Scope):613, 4.28531266554145
com.google.javascript.jscomp.parsing.JsDocInfoParser#parse():215, 4.282140623141551
com.google.javascript.jscomp.parsing.JsDocInfoParser#parse():202, 4.282136960536449
com.google.javascript.jscomp.parsing.JsDocInfoParser#parse():203, 4.282136960536449
com.google.javascript.jscomp.parsing.JsDocInfoParser#parse():205, 4.282136960536449
com.google.javascript.jscomp.parsing.JsDocInfoParser#parse():208, 4.282136960536449
com.google.javascript.jscomp.parsing.JsDocInfoParser#parse():223, 4.282136960536449
com.google.javascript.jscomp.parsing.JsDocInfoParser#parse():209, 4.28198
com.google.javascript.jscomp.parsing.JsDocInfoParser#parse():210, 4.28198
com.google.javascript.jscomp.parsing.JsDocInfoParser#parse():211, 4.28198
com.google.javascript.jscomp.parsing.JsDocInfoParser#parse():212, 4.28198
com.google.javascript.jscomp.parsing.JsDocInfoParser#parse():214, 4.28198
com.google.javascript.jscomp.parsing.JsDocInfoParser#parse():219, 4.28198
com.google.javascript.rhino.JSDocInfo#lazyInitInfo():677, 4.2815164037328834
com.google.javascript.rhino.JSDocInfo#lazyInitInfo():678, 4.2815164037328834
com.google.javascript.rhino.JSDocInfo#lazyInitInfo():680, 4.2815164037328834
com.google.javascript.jscomp.JsAst#parse(com.google.javascript.jscomp.AbstractCompiler):99, 4.26161058699918
com.google.javascript.jscomp.JsAst#parse(com.google.javascript.jscomp.AbstractCompiler):83, 4.261610481927711
com.google.javascript.jscomp.JsAst#parse(com.google.javascript.jscomp.AbstractCompiler):84, 4.261610481927711
com.google.javascript.jscomp.JsAst#parse(com.google.javascript.jscomp.AbstractCompiler):88, 4.261610481927711
com.google.javascript.jscomp.JsAst#parse(com.google.javascript.jscomp.AbstractCompiler):89, 4.261610481927711
com.google.javascript.jscomp.JsAst#parse(com.google.javascript.jscomp.AbstractCompiler):93, 4.261610481927711
com.google.javascript.jscomp.JsAst#parse(com.google.javascript.jscomp.AbstractCompiler):95, 4.261610481927711
com.google.javascript.jscomp.JsAst#parse(com.google.javascript.jscomp.AbstractCompiler):104, 4.261610481927711
com.google.javascript.jscomp.JsAst#parse(com.google.javascript.jscomp.AbstractCompiler):105, 4.261610481927711
com.google.javascript.jscomp.JsAst#parse(com.google.javascript.jscomp.AbstractCompiler):90, 4.26149
com.google.javascript.jscomp.JsAst#parse(com.google.javascript.jscomp.AbstractCompiler):91, 4.26149
com.google.javascript.jscomp.JsAst#parse(com.google.javascript.jscomp.AbstractCompiler):97, 4.26149
com.google.javascript.jscomp.parsing.JsDocInfoParser#newStringNode(java.lang.String,int,int):2321, 4.256618457652562
com.google.javascript.jscomp.parsing.JsDocInfoParser#newStringNode(java.lang.String,int,int):2322, 4.256618457652562
com.google.javascript.jscomp.parsing.JsDocInfoParser#newStringNode(java.lang.String,int,int):2323, 4.256618457652562
com.google.javascript.rhino.jstype.UnionTypeBuilder#addAlternate(com.google.javascript.rhino.jstype.JSType):151, 4.256442870929176
com.google.javascript.rhino.jstype.UnionTypeBuilder#addAlternate(com.google.javascript.rhino.jstype.JSType):153, 4.256442870929176
com.google.javascript.rhino.jstype.UnionTypeBuilder#addAlternate(com.google.javascript.rhino.jstype.JSType):155, 4.256442870929176
com.google.javascript.rhino.jstype.UnionTypeBuilder#addAlternate(com.google.javascript.rhino.jstype.JSType):156, 4.256442870929176
com.google.javascript.rhino.jstype.UnionTypeBuilder#addAlternate(com.google.javascript.rhino.jstype.JSType):157, 4.256442870929176
com.google.javascript.rhino.jstype.UnionTypeBuilder#addAlternate(com.google.javascript.rhino.jstype.JSType):251, 4.255746219375032
com.google.javascript.rhino.jstype.UnionTypeBuilder#addAlternate(com.google.javascript.rhino.jstype.JSType):260, 4.255746118361537
com.google.javascript.rhino.jstype.UnionTypeBuilder#addAlternate(com.google.javascript.rhino.jstype.JSType):256, 4.255746067907851
com.google.javascript.rhino.jstype.UnionTypeBuilder#addAlternate(com.google.javascript.rhino.jstype.JSType):258, 4.255746067907851
com.google.javascript.rhino.jstype.UnionTypeBuilder#addAlternate(com.google.javascript.rhino.jstype.JSType):178, 4.255743735725268
com.google.javascript.rhino.jstype.UnionTypeBuilder#addAlternate(com.google.javascript.rhino.jstype.JSType):137, 4.255742429644331
com.google.javascript.rhino.jstype.UnionTypeBuilder#addAlternate(com.google.javascript.rhino.jstype.JSType):138, 4.255742429644331
com.google.javascript.rhino.jstype.UnionTypeBuilder#addAlternate(com.google.javascript.rhino.jstype.JSType):139, 4.255742429644331
com.google.javascript.rhino.jstype.UnionTypeBuilder#addAlternate(com.google.javascript.rhino.jstype.JSType):140, 4.255742429644331
com.google.javascript.rhino.jstype.UnionTypeBuilder#addAlternate(com.google.javascript.rhino.jstype.JSType):141, 4.255742429644331
com.google.javascript.rhino.jstype.UnionTypeBuilder#addAlternate(com.google.javascript.rhino.jstype.JSType):124, 4.255730562363031
com.google.javascript.rhino.jstype.UnionTypeBuilder#addAlternate(com.google.javascript.rhino.jstype.JSType):248, 4.255653815869184
com.google.javascript.rhino.jstype.UnionTypeBuilder#addAlternate(com.google.javascript.rhino.jstype.JSType):123, 4.255650560705543
com.google.javascript.rhino.jstype.UnionTypeBuilder#addAlternate(com.google.javascript.rhino.jstype.JSType):127, 4.255650560705543
com.google.javascript.rhino.jstype.UnionTypeBuilder#addAlternate(com.google.javascript.rhino.jstype.JSType):129, 4.255650560705543
com.google.javascript.rhino.jstype.UnionTypeBuilder#addAlternate(com.google.javascript.rhino.jstype.JSType):130, 4.255650560705543
com.google.javascript.rhino.jstype.UnionTypeBuilder#addAlternate(com.google.javascript.rhino.jstype.JSType):131, 4.255650560705543
com.google.javascript.rhino.jstype.UnionTypeBuilder#addAlternate(com.google.javascript.rhino.jstype.JSType):135, 4.255650560705543
com.google.javascript.rhino.jstype.UnionTypeBuilder#addAlternate(com.google.javascript.rhino.jstype.JSType):136, 4.255650560705543
com.google.javascript.rhino.jstype.UnionTypeBuilder#addAlternate(com.google.javascript.rhino.jstype.JSType):142, 4.255650560705543
com.google.javascript.rhino.jstype.UnionTypeBuilder#addAlternate(com.google.javascript.rhino.jstype.JSType):149, 4.255650560705543
com.google.javascript.rhino.jstype.UnionTypeBuilder#addAlternate(com.google.javascript.rhino.jstype.JSType):163, 4.255650560705543
com.google.javascript.rhino.jstype.UnionTypeBuilder#addAlternate(com.google.javascript.rhino.jstype.JSType):164, 4.255650560705543
com.google.javascript.rhino.jstype.UnionTypeBuilder#addAlternate(com.google.javascript.rhino.jstype.JSType):165, 4.255650560705543
com.google.javascript.rhino.jstype.UnionTypeBuilder#addAlternate(com.google.javascript.rhino.jstype.JSType):166, 4.255650560705543
com.google.javascript.rhino.jstype.UnionTypeBuilder#addAlternate(com.google.javascript.rhino.jstype.JSType):167, 4.255650560705543
com.google.javascript.rhino.jstype.UnionTypeBuilder#addAlternate(com.google.javascript.rhino.jstype.JSType):172, 4.255650560705543
com.google.javascript.rhino.jstype.UnionTypeBuilder#addAlternate(com.google.javascript.rhino.jstype.JSType):192, 4.255650560705543
com.google.javascript.rhino.jstype.UnionTypeBuilder#addAlternate(com.google.javascript.rhino.jstype.JSType):246, 4.255650560705543
com.google.javascript.rhino.jstype.UnionTypeBuilder#addAlternate(com.google.javascript.rhino.jstype.JSType):249, 4.255650560705543
com.google.javascript.rhino.jstype.UnionTypeBuilder#addAlternate(com.google.javascript.rhino.jstype.JSType):255, 4.255650560705543
com.google.javascript.rhino.jstype.UnionTypeBuilder#addAlternate(com.google.javascript.rhino.jstype.JSType):265, 4.255650560705543
com.google.javascript.rhino.jstype.UnionTypeBuilder#addAlternate(com.google.javascript.rhino.jstype.JSType):266, 4.255650560705543
com.google.javascript.rhino.jstype.UnionTypeBuilder#addAlternate(com.google.javascript.rhino.jstype.JSType):268, 4.255650560705543
com.google.javascript.rhino.jstype.UnionTypeBuilder#addAlternate(com.google.javascript.rhino.jstype.JSType):270, 4.255650560705543
com.google.javascript.rhino.jstype.UnionTypeBuilder#addAlternate(com.google.javascript.rhino.jstype.JSType):271, 4.255650560705543
com.google.javascript.rhino.jstype.UnionTypeBuilder#addAlternate(com.google.javascript.rhino.jstype.JSType):274, 4.255650560705543
com.google.javascript.rhino.jstype.UnionTypeBuilder#addAlternate(com.google.javascript.rhino.jstype.JSType):275, 4.255650560705543
com.google.javascript.rhino.jstype.UnionTypeBuilder#addAlternate(com.google.javascript.rhino.jstype.JSType):276, 4.255650560705543
com.google.javascript.rhino.jstype.UnionTypeBuilder#addAlternate(com.google.javascript.rhino.jstype.JSType):280, 4.255650560705543
com.google.javascript.rhino.jstype.UnionTypeBuilder#addAlternate(com.google.javascript.rhino.jstype.JSType):132, 4.25553
com.google.javascript.rhino.jstype.UnionTypeBuilder#addAlternate(com.google.javascript.rhino.jstype.JSType):143, 4.25553
com.google.javascript.rhino.jstype.UnionTypeBuilder#addAlternate(com.google.javascript.rhino.jstype.JSType):180, 4.25553
com.google.javascript.rhino.jstype.UnionTypeBuilder#addAlternate(com.google.javascript.rhino.jstype.JSType):209, 4.25553
com.google.javascript.rhino.jstype.UnionTypeBuilder#addAlternate(com.google.javascript.rhino.jstype.JSType):210, 4.25553
com.google.javascript.rhino.jstype.UnionTypeBuilder#addAlternate(com.google.javascript.rhino.jstype.JSType):212, 4.25553
com.google.javascript.rhino.jstype.UnionTypeBuilder#addAlternate(com.google.javascript.rhino.jstype.JSType):215, 4.25553
com.google.javascript.rhino.jstype.UnionTypeBuilder#addAlternate(com.google.javascript.rhino.jstype.JSType):216, 4.25553
com.google.javascript.rhino.jstype.UnionTypeBuilder#addAlternate(com.google.javascript.rhino.jstype.JSType):218, 4.25553
com.google.javascript.rhino.jstype.UnionTypeBuilder#addAlternate(com.google.javascript.rhino.jstype.JSType):222, 4.25553
com.google.javascript.rhino.jstype.UnionTypeBuilder#addAlternate(com.google.javascript.rhino.jstype.JSType):224, 4.25553
com.google.javascript.rhino.jstype.UnionTypeBuilder#addAlternate(com.google.javascript.rhino.jstype.JSType):225, 4.25553
com.google.javascript.rhino.jstype.UnionTypeBuilder#addAlternate(com.google.javascript.rhino.jstype.JSType):227, 4.25553
com.google.javascript.rhino.jstype.UnionTypeBuilder#addAlternate(com.google.javascript.rhino.jstype.JSType):228, 4.25553
com.google.javascript.rhino.jstype.UnionTypeBuilder#addAlternate(com.google.javascript.rhino.jstype.JSType):232, 4.25553
com.google.javascript.rhino.jstype.UnionTypeBuilder#addAlternate(com.google.javascript.rhino.jstype.JSType):238, 4.25553
com.google.javascript.rhino.jstype.UnionTypeBuilder#addAlternate(com.google.javascript.rhino.jstype.JSType):240, 4.25553
com.google.javascript.rhino.jstype.UnionTypeBuilder#addAlternate(com.google.javascript.rhino.jstype.JSType):244, 4.25553
com.google.javascript.rhino.jstype.UnionTypeBuilder#addAlternate(com.google.javascript.rhino.jstype.JSType):259, 4.25553
com.google.javascript.rhino.jstype.UnionTypeBuilder#addAlternate(com.google.javascript.rhino.jstype.JSType):261, 4.25553
com.google.javascript.rhino.jstype.UnionTypeBuilder#addAlternate(com.google.javascript.rhino.jstype.JSType):262, 4.25553
com.google.javascript.rhino.jstype.UnionTypeBuilder#addAlternate(com.google.javascript.rhino.jstype.JSType):278, 4.25553
com.google.javascript.rhino.JSDocInfo#hasBaseType():1300, 4.250818656903532
com.google.javascript.rhino.JSDocInfo#hasReturnType():1121, 4.249878429242524
com.google.javascript.jscomp.Scope.Var#getParentNode():170, 4.244822132593165
com.google.javascript.rhino.JSDocInfo#hasThisType():1183, 4.244578089376992
com.google.javascript.rhino.JSDocInfoBuilder#markTypeNode(com.google.javascript.rhino.Node,int,int,int,int,boolean):192, 4.2242989140667415
com.google.javascript.rhino.JSDocInfoBuilder#markTypeNode(com.google.javascript.rhino.Node,int,int,int,int,boolean):200, 4.2242989140667415
com.google.javascript.rhino.JSDocInfoBuilder#markTypeNode(com.google.javascript.rhino.Node,int,int,int,int,boolean):193, 4.22412
com.google.javascript.rhino.JSDocInfoBuilder#markTypeNode(com.google.javascript.rhino.Node,int,int,int,int,boolean):194, 4.22412
com.google.javascript.rhino.JSDocInfoBuilder#markTypeNode(com.google.javascript.rhino.Node,int,int,int,int,boolean):195, 4.22412
com.google.javascript.rhino.JSDocInfoBuilder#markTypeNode(com.google.javascript.rhino.Node,int,int,int,int,boolean):196, 4.22412
com.google.javascript.rhino.JSDocInfoBuilder#markTypeNode(com.google.javascript.rhino.Node,int,int,int,int,boolean):198, 4.22412
com.google.javascript.jscomp.ControlFlowAnalysis#mayThrowException(com.google.javascript.rhino.Node):923, 4.221193713598607
com.google.javascript.jscomp.ControlFlowAnalysis#mayThrowException(com.google.javascript.rhino.Node):927, 4.220953493960854
com.google.javascript.jscomp.ControlFlowAnalysis#mayThrowException(com.google.javascript.rhino.Node):921, 4.220952635074343
com.google.javascript.jscomp.ControlFlowAnalysis#mayThrowException(com.google.javascript.rhino.Node):930, 4.220952452591292
com.google.javascript.jscomp.ControlFlowAnalysis#mayThrowException(com.google.javascript.rhino.Node):926, 4.220949028718509
com.google.javascript.jscomp.ControlFlowAnalysis#mayThrowException(com.google.javascript.rhino.Node):925, 4.2209476392293475
com.google.javascript.jscomp.ControlFlowAnalysis#mayThrowException(com.google.javascript.rhino.Node):911, 4.220947527224777
com.google.javascript.jscomp.parsing.IRFactory.TransformDispatcher#processAstRoot(com.google.javascript.rhino.head.ast.AstRoot):584, 4.218539360980804
com.google.javascript.jscomp.parsing.IRFactory.TransformDispatcher#processAstRoot(com.google.javascript.rhino.head.ast.AstRoot):585, 4.218539360980804
com.google.javascript.jscomp.parsing.IRFactory.TransformDispatcher#processAstRoot(com.google.javascript.rhino.head.ast.AstRoot):582, 4.218539267560832
com.google.javascript.jscomp.parsing.IRFactory.TransformDispatcher#processAstRoot(com.google.javascript.rhino.head.ast.AstRoot):583, 4.218539267560832
com.google.javascript.jscomp.parsing.IRFactory.TransformDispatcher#processAstRoot(com.google.javascript.rhino.head.ast.AstRoot):586, 4.218539267560832
com.google.javascript.jscomp.parsing.IRFactory.TransformDispatcher#processAstRoot(com.google.javascript.rhino.head.ast.AstRoot):587, 4.218539267560832
com.google.javascript.jscomp.CompilerInput#isExtern():338, 4.212819808426272
com.google.javascript.jscomp.CompilerInput#isExtern():341, 4.212819808426272
com.google.javascript.jscomp.CompilerInput#isExtern():339, 4.21264
com.google.javascript.rhino.jstype.JSTypeRegistry#getType(java.lang.String):933, 4.207607032614857
com.google.javascript.rhino.jstype.JSTypeRegistry#getType(java.lang.String):931, 4.207569345150974
com.google.javascript.rhino.jstype.JSTypeRegistry#getType(java.lang.String):932, 4.207569345150974
com.google.javascript.rhino.jstype.JSTypeRegistry#getType(java.lang.String):935, 4.207569345150974
com.google.javascript.rhino.JSDocInfo#getBaseType():1195, 4.202138315737905
com.google.javascript.jscomp.ControlFlowGraph#isEnteringNewCfgNode(com.google.javascript.rhino.Node):160, 4.2010790000349045
com.google.javascript.jscomp.ControlFlowGraph#isEnteringNewCfgNode(com.google.javascript.rhino.Node):161, 4.2010790000349045
com.google.javascript.jscomp.ControlFlowGraph#isEnteringNewCfgNode(com.google.javascript.rhino.Node):203, 4.2010790000349045
com.google.javascript.jscomp.ControlFlowGraph#isEnteringNewCfgNode(com.google.javascript.rhino.Node):165, 4.2009
com.google.javascript.jscomp.ControlFlowGraph#isEnteringNewCfgNode(com.google.javascript.rhino.Node):174, 4.2009
com.google.javascript.jscomp.ControlFlowGraph#isEnteringNewCfgNode(com.google.javascript.rhino.Node):180, 4.2009
com.google.javascript.jscomp.ControlFlowGraph#isEnteringNewCfgNode(com.google.javascript.rhino.Node):190, 4.2009
com.google.javascript.jscomp.ControlFlowGraph#isEnteringNewCfgNode(com.google.javascript.rhino.Node):193, 4.2009
com.google.javascript.jscomp.ControlFlowGraph#isEnteringNewCfgNode(com.google.javascript.rhino.Node):195, 4.2009
com.google.javascript.jscomp.ControlFlowGraph#isEnteringNewCfgNode(com.google.javascript.rhino.Node):201, 4.2009
com.google.javascript.jscomp.parsing.JsDocInfoParser#parseTypeName(com.google.javascript.jscomp.parsing.JsDocToken):1918, 4.19773481793839
com.google.javascript.jscomp.parsing.JsDocInfoParser#parseTypeName(com.google.javascript.jscomp.parsing.JsDocToken):1907, 4.197734619949465
com.google.javascript.jscomp.parsing.JsDocInfoParser#parseTypeName(com.google.javascript.jscomp.parsing.JsDocToken):1908, 4.197734619949465
com.google.javascript.jscomp.parsing.JsDocInfoParser#parseTypeName(com.google.javascript.jscomp.parsing.JsDocToken):1909, 4.197734619949465
com.google.javascript.jscomp.parsing.JsDocInfoParser#parseTypeName(com.google.javascript.jscomp.parsing.JsDocToken):1910, 4.197734619949465
com.google.javascript.jscomp.parsing.JsDocInfoParser#parseTypeName(com.google.javascript.jscomp.parsing.JsDocToken):1911, 4.197734619949465
com.google.javascript.jscomp.parsing.JsDocInfoParser#parseTypeName(com.google.javascript.jscomp.parsing.JsDocToken):1913, 4.197734619949465
com.google.javascript.jscomp.parsing.JsDocInfoParser#parseTypeName(com.google.javascript.jscomp.parsing.JsDocToken):1914, 4.197734619949465
com.google.javascript.jscomp.parsing.JsDocInfoParser#parseTypeName(com.google.javascript.jscomp.parsing.JsDocToken):1888, 4.197699287492991
com.google.javascript.jscomp.parsing.JsDocInfoParser#parseTypeName(com.google.javascript.jscomp.parsing.JsDocToken):1892, 4.197699287492991
com.google.javascript.jscomp.parsing.JsDocInfoParser#parseTypeName(com.google.javascript.jscomp.parsing.JsDocToken):1893, 4.197699287492991
com.google.javascript.jscomp.parsing.JsDocInfoParser#parseTypeName(com.google.javascript.jscomp.parsing.JsDocToken):1894, 4.197699287492991
com.google.javascript.jscomp.parsing.JsDocInfoParser#parseTypeName(com.google.javascript.jscomp.parsing.JsDocToken):1895, 4.197699287492991
com.google.javascript.jscomp.parsing.JsDocInfoParser#parseTypeName(com.google.javascript.jscomp.parsing.JsDocToken):1904, 4.197699287492991
com.google.javascript.jscomp.parsing.JsDocInfoParser#parseTypeName(com.google.javascript.jscomp.parsing.JsDocToken):1906, 4.197699287492991
com.google.javascript.jscomp.parsing.JsDocInfoParser#parseTypeName(com.google.javascript.jscomp.parsing.JsDocToken):1921, 4.197699287492991
com.google.javascript.jscomp.parsing.JsDocInfoParser#parseTypeName(com.google.javascript.jscomp.parsing.JsDocToken):1889, 4.19752
com.google.javascript.jscomp.parsing.JsDocInfoParser#parseTypeName(com.google.javascript.jscomp.parsing.JsDocToken):1897, 4.19752
com.google.javascript.jscomp.parsing.JsDocInfoParser#parseTypeName(com.google.javascript.jscomp.parsing.JsDocToken):1898, 4.19752
com.google.javascript.jscomp.parsing.JsDocInfoParser#parseTypeName(com.google.javascript.jscomp.parsing.JsDocToken):1899, 4.19752
com.google.javascript.jscomp.parsing.JsDocInfoParser#parseTypeName(com.google.javascript.jscomp.parsing.JsDocToken):1900, 4.19752
com.google.javascript.jscomp.parsing.JsDocInfoParser#parseTypeName(com.google.javascript.jscomp.parsing.JsDocToken):1915, 4.19752
com.google.javascript.jscomp.TypeInference#updateScopeForTypeChange(com.google.javascript.jscomp.type.FlowScope,com.google.javascript.rhino.Node,com.google.javascript.rhino.jstype.JSType,com.google.javascript.rhino.jstype.JSType):524, 4.191989525252382
com.google.javascript.jscomp.TypeInference#updateScopeForTypeChange(com.google.javascript.jscomp.type.FlowScope,com.google.javascript.rhino.Node,com.google.javascript.rhino.jstype.JSType,com.google.javascript.rhino.jstype.JSType):525, 4.191989525252382
com.google.javascript.jscomp.TypeInference#updateScopeForTypeChange(com.google.javascript.jscomp.type.FlowScope,com.google.javascript.rhino.Node,com.google.javascript.rhino.jstype.JSType,com.google.javascript.rhino.jstype.JSType):537, 4.191989525252382
com.google.javascript.jscomp.TypeInference#updateScopeForTypeChange(com.google.javascript.jscomp.type.FlowScope,com.google.javascript.rhino.Node,com.google.javascript.rhino.jstype.JSType,com.google.javascript.rhino.jstype.JSType):538, 4.191989525252382
com.google.javascript.jscomp.TypeInference#updateScopeForTypeChange(com.google.javascript.jscomp.type.FlowScope,com.google.javascript.rhino.Node,com.google.javascript.rhino.jstype.JSType,com.google.javascript.rhino.jstype.JSType):541, 4.191989525252382
com.google.javascript.jscomp.TypeInference#updateScopeForTypeChange(com.google.javascript.jscomp.type.FlowScope,com.google.javascript.rhino.Node,com.google.javascript.rhino.jstype.JSType,com.google.javascript.rhino.jstype.JSType):544, 4.191989525252382
com.google.javascript.jscomp.TypeInference#updateScopeForTypeChange(com.google.javascript.jscomp.type.FlowScope,com.google.javascript.rhino.Node,com.google.javascript.rhino.jstype.JSType,com.google.javascript.rhino.jstype.JSType):553, 4.191952568650754
com.google.javascript.jscomp.TypeInference#updateScopeForTypeChange(com.google.javascript.jscomp.type.FlowScope,com.google.javascript.rhino.Node,com.google.javascript.rhino.jstype.JSType,com.google.javascript.rhino.jstype.JSType):551, 4.191952195633997
com.google.javascript.jscomp.TypeInference#updateScopeForTypeChange(com.google.javascript.jscomp.type.FlowScope,com.google.javascript.rhino.Node,com.google.javascript.rhino.jstype.JSType,com.google.javascript.rhino.jstype.JSType):552, 4.191952195633997
com.google.javascript.jscomp.TypeInference#updateScopeForTypeChange(com.google.javascript.jscomp.type.FlowScope,com.google.javascript.rhino.Node,com.google.javascript.rhino.jstype.JSType,com.google.javascript.rhino.jstype.JSType):558, 4.191952195633997
com.google.javascript.jscomp.TypeInference#updateScopeForTypeChange(com.google.javascript.jscomp.type.FlowScope,com.google.javascript.rhino.Node,com.google.javascript.rhino.jstype.JSType,com.google.javascript.rhino.jstype.JSType):559, 4.191952195633997
com.google.javascript.jscomp.TypeInference#updateScopeForTypeChange(com.google.javascript.jscomp.type.FlowScope,com.google.javascript.rhino.Node,com.google.javascript.rhino.jstype.JSType,com.google.javascript.rhino.jstype.JSType):521, 4.191943383447627
com.google.javascript.jscomp.TypeInference#updateScopeForTypeChange(com.google.javascript.jscomp.type.FlowScope,com.google.javascript.rhino.Node,com.google.javascript.rhino.jstype.JSType,com.google.javascript.rhino.jstype.JSType):522, 4.191943383447627
com.google.javascript.jscomp.TypeInference#updateScopeForTypeChange(com.google.javascript.jscomp.type.FlowScope,com.google.javascript.rhino.Node,com.google.javascript.rhino.jstype.JSType,com.google.javascript.rhino.jstype.JSType):562, 4.191943383447627
com.google.javascript.jscomp.TypeInference#updateScopeForTypeChange(com.google.javascript.jscomp.type.FlowScope,com.google.javascript.rhino.Node,com.google.javascript.rhino.jstype.JSType,com.google.javascript.rhino.jstype.JSType):539, 4.19175
com.google.javascript.jscomp.TypeInference#updateScopeForTypeChange(com.google.javascript.jscomp.type.FlowScope,com.google.javascript.rhino.Node,com.google.javascript.rhino.jstype.JSType,com.google.javascript.rhino.jstype.JSType):545, 4.19175
com.google.javascript.jscomp.TypeInference#updateScopeForTypeChange(com.google.javascript.jscomp.type.FlowScope,com.google.javascript.rhino.Node,com.google.javascript.rhino.jstype.JSType,com.google.javascript.rhino.jstype.JSType):546, 4.19175
com.google.javascript.jscomp.TypeInference#updateScopeForTypeChange(com.google.javascript.jscomp.type.FlowScope,com.google.javascript.rhino.Node,com.google.javascript.rhino.jstype.JSType,com.google.javascript.rhino.jstype.JSType):548, 4.19175
com.google.javascript.jscomp.ControlFlowAnalysis#computeFollowNode(com.google.javascript.rhino.Node,com.google.javascript.jscomp.ControlFlowAnalysis):675, 4.179226998081352
com.google.javascript.jscomp.type.SemanticReverseAbstractInterpreter.4#apply(com.google.javascript.rhino.jstype.JSType.TypePair):98, 4.148400308509457
com.google.javascript.jscomp.type.SemanticReverseAbstractInterpreter.4#apply(com.google.javascript.rhino.jstype.JSType.TypePair):95, 4.148376666666667
com.google.javascript.jscomp.type.SemanticReverseAbstractInterpreter.4#apply(com.google.javascript.rhino.jstype.JSType.TypePair):96, 4.14671
com.google.javascript.jscomp.NodeUtil#isHoistedFunctionDeclaration(com.google.javascript.rhino.Node):1926, 4.142685794238212
com.google.javascript.rhino.JSDocInfo#isInterface():570, 4.1383692970986035
com.google.javascript.jscomp.parsing.JsDocInfoParser#match(com.google.javascript.jscomp.parsing.JsDocToken,com.google.javascript.jscomp.parsing.JsDocToken):2399, 4.134641241416841
com.google.javascript.jscomp.parsing.JsDocInfoParser#match(com.google.javascript.jscomp.parsing.JsDocToken,com.google.javascript.jscomp.parsing.JsDocToken):2400, 4.134641241416841
com.google.javascript.jscomp.SyntacticScopeCreator#declareVar(com.google.javascript.rhino.Node):233, 4.125768092044167
com.google.javascript.jscomp.SyntacticScopeCreator#declareVar(com.google.javascript.rhino.Node):235, 4.125768092044167
com.google.javascript.jscomp.SyntacticScopeCreator#declareVar(com.google.javascript.rhino.Node):236, 4.125768092044167
com.google.javascript.jscomp.SyntacticScopeCreator#declareVar(com.google.javascript.rhino.Node):237, 4.125768092044167
com.google.javascript.jscomp.SyntacticScopeCreator#declareVar(com.google.javascript.rhino.Node):242, 4.125768092044167
com.google.javascript.jscomp.SyntacticScopeCreator#declareVar(com.google.javascript.rhino.Node):244, 4.125768092044167
com.google.javascript.jscomp.SyntacticScopeCreator#declareVar(com.google.javascript.rhino.Node):239, 4.12563
com.google.javascript.rhino.jstype.FunctionType#isInterface():199, 4.124920560705542
com.google.javascript.rhino.jstype.FunctionType#getExtendedInterfacesCount():577, 4.1231653559925
com.google.javascript.jscomp.graph.LinkedDirectedGraph#createDirectedGraphNode(java.lang.Object):135, 4.120854398987305
com.google.javascript.jscomp.graph.LinkedDirectedGraph#createDirectedGraphNode(java.lang.Object):136, 4.120854398987305
com.google.javascript.jscomp.graph.LinkedDirectedGraph#createDirectedGraphNode(java.lang.Object):137, 4.120854398987305
com.google.javascript.jscomp.graph.LinkedDirectedGraph#createDirectedGraphNode(java.lang.Object):140, 4.120854398987305
com.google.javascript.jscomp.graph.LinkedDirectedGraph#createDirectedGraphNode(java.lang.Object):142, 4.120854398987305
com.google.javascript.rhino.Node#isTypeOf():2399, 4.120588881205008
com.google.javascript.rhino.JSDocInfo#setInterface(boolean):407, 4.117784199862464
com.google.javascript.rhino.JSDocInfo#setInterface(boolean):408, 4.117784199862464
com.google.javascript.rhino.JSDocInfoBuilder#recordInterface():892, 4.117264199862464
com.google.javascript.rhino.JSDocInfoBuilder#recordInterface():893, 4.117264199862464
com.google.javascript.rhino.JSDocInfoBuilder#recordInterface():894, 4.117264199862464
com.google.javascript.rhino.JSDocInfoBuilder#recordInterface():887, 4.117258153104782
com.google.javascript.rhino.JSDocInfoBuilder#recordInterface():890, 4.11659
com.google.javascript.jscomp.Scope#isDeclared(java.lang.String,boolean):555, 4.114305702585845
com.google.javascript.jscomp.Scope#isDeclared(java.lang.String,boolean):557, 4.114246615081443
com.google.javascript.jscomp.Scope#isDeclared(java.lang.String,boolean):560, 4.114246615081443
com.google.javascript.jscomp.Scope#isDeclared(java.lang.String,boolean):553, 4.114246602334527
com.google.javascript.jscomp.Scope#isDeclared(java.lang.String,boolean):554, 4.114246602334527
com.google.javascript.jscomp.Scope#isDeclared(java.lang.String,boolean):558, 4.11411
com.google.javascript.rhino.jstype.JSType#isVoidType():250, 4.107569284446363
com.google.javascript.rhino.JSDocInfoBuilder#hasAnySingletonTypeTags():1097, 4.106287271798294
com.google.javascript.rhino.jstype.JSType#isNullType():246, 4.105887047977124
com.google.javascript.rhino.JSDocInfo#hasEnumParameterType():1105, 4.09472664352334
com.google.javascript.jscomp.Compiler#initInputsByIdMap():536, 4.092318089386345
com.google.javascript.jscomp.Compiler#initInputsByIdMap():537, 4.092318089386345
com.google.javascript.jscomp.Compiler#initInputsByIdMap():538, 4.092318089386345
com.google.javascript.jscomp.Compiler#initInputsByIdMap():541, 4.092318089386345
com.google.javascript.jscomp.Compiler#initInputsByIdMap():534, 4.092317806616413
com.google.javascript.jscomp.Compiler#initInputsByIdMap():535, 4.092317806616413
com.google.javascript.jscomp.Compiler#initInputsByIdMap():542, 4.092317806616413
com.google.javascript.jscomp.Compiler#initInputsByIdMap():543, 4.092317806616413
com.google.javascript.jscomp.Compiler#initInputsByIdMap():544, 4.092317806616413
com.google.javascript.jscomp.Compiler#initInputsByIdMap():545, 4.092317806616413
com.google.javascript.jscomp.Compiler#initInputsByIdMap():548, 4.092317806616413
com.google.javascript.jscomp.Compiler#initInputsByIdMap():549, 4.092317806616413
com.google.javascript.jscomp.Compiler#initInputsByIdMap():539, 4.09219
com.google.javascript.jscomp.Compiler#initInputsByIdMap():546, 4.09219
com.google.javascript.rhino.InputId#equals(java.lang.Object):66, 4.090421403721385
com.google.javascript.rhino.InputId#equals(java.lang.Object):67, 4.090421403721385
com.google.javascript.rhino.InputId#equals(java.lang.Object):68, 4.090421403721385
com.google.javascript.rhino.InputId#equals(java.lang.Object):69, 4.090421403721385
com.google.javascript.rhino.JSDocInfo#hasTypedefType():1113, 4.086716574151163
com.google.javascript.jscomp.NodeUtil#getRValueOfLValue(com.google.javascript.rhino.Node):3125, 4.083387643863786
com.google.javascript.jscomp.NodeUtil#getRValueOfLValue(com.google.javascript.rhino.Node):3127, 4.083311706010375
com.google.javascript.jscomp.NodeUtil#getRValueOfLValue(com.google.javascript.rhino.Node):3120, 4.083290275985619
com.google.javascript.jscomp.NodeUtil#getRValueOfLValue(com.google.javascript.rhino.Node):3121, 4.083290275985619
com.google.javascript.jscomp.NodeUtil#getRValueOfLValue(com.google.javascript.rhino.Node):3123, 4.08312
com.google.javascript.jscomp.NodeUtil#getRValueOfLValue(com.google.javascript.rhino.Node):3129, 4.08312
com.google.javascript.jscomp.parsing.JsDocInfoParser#match(com.google.javascript.jscomp.parsing.JsDocToken):2390, 4.076286863951284
com.google.javascript.jscomp.parsing.JsDocInfoParser#match(com.google.javascript.jscomp.parsing.JsDocToken):2391, 4.076286863951284
com.google.javascript.jscomp.Scope.Var#setType(com.google.javascript.rhino.jstype.JSType):259, 4.07026822394115
com.google.javascript.jscomp.Scope.Var#setType(com.google.javascript.rhino.jstype.JSType):260, 4.07026822394115
com.google.javascript.jscomp.Scope.Var#setType(com.google.javascript.rhino.jstype.JSType):261, 4.07026822394115
com.google.javascript.rhino.jstype.PropertyMap#getSecondaryParents():114, 4.070110029672767
com.google.javascript.rhino.jstype.PropertyMap#getSecondaryParents():118, 4.070110029672767
com.google.javascript.rhino.jstype.PropertyMap#getSecondaryParents():119, 4.070110029672767
com.google.javascript.rhino.jstype.PropertyMap#getSecondaryParents():111, 4.070109224360856
com.google.javascript.rhino.jstype.PropertyMap#getSecondaryParents():112, 4.06994
com.google.javascript.rhino.jstype.PropertyMap#getSecondaryParents():122, 4.06994
com.google.javascript.rhino.jstype.PropertyMap#getPrimaryParent():102, 4.069289857888396
com.google.javascript.rhino.jstype.PropertyMap#getPrimaryParent():103, 4.069289857888396
com.google.javascript.rhino.jstype.PropertyMap#getPrimaryParent():99, 4.069289055003385
com.google.javascript.rhino.jstype.PropertyMap#getPrimaryParent():100, 4.06912
com.google.javascript.jscomp.parsing.JsDocInfoParser#createTemplateNode():2330, 4.065316844655639
com.google.javascript.jscomp.parsing.JsDocInfoParser#createTemplateNode():2331, 4.065316844655639
com.google.javascript.jscomp.parsing.JsDocInfoParser#createTemplateNode():2335, 4.065316844655639
com.google.javascript.jscomp.Scope#declare(java.lang.String,com.google.javascript.rhino.Node,com.google.javascript.rhino.jstype.JSType,com.google.javascript.jscomp.CompilerInput,boolean):495, 4.062015048845873
com.google.javascript.jscomp.Scope#declare(java.lang.String,com.google.javascript.rhino.Node,com.google.javascript.rhino.jstype.JSType,com.google.javascript.jscomp.CompilerInput,boolean):498, 4.062015048845873
com.google.javascript.jscomp.Scope#declare(java.lang.String,com.google.javascript.rhino.Node,com.google.javascript.rhino.jstype.JSType,com.google.javascript.jscomp.CompilerInput,boolean):500, 4.062015048845873
com.google.javascript.jscomp.Scope#declare(java.lang.String,com.google.javascript.rhino.Node,com.google.javascript.rhino.jstype.JSType,com.google.javascript.jscomp.CompilerInput,boolean):501, 4.062015048845873
com.google.javascript.jscomp.Scope#declare(java.lang.String,com.google.javascript.rhino.Node,com.google.javascript.rhino.jstype.JSType,com.google.javascript.jscomp.CompilerInput,boolean):502, 4.062015048845873
com.google.javascript.jscomp.NodeUtil#isFunctionDeclaration(com.google.javascript.rhino.Node):1917, 4.056982857142858
com.google.javascript.jscomp.Scope#isGlobal():603, 4.0564878379079365
com.google.javascript.jscomp.Scope#isBottom():424, 4.0525896106354775
com.google.javascript.rhino.JSDocInfo#hasType():1097, 4.037139698772807
com.google.javascript.rhino.JSDocInfo#hasType(int):1125, 4.037129576725581
com.google.javascript.rhino.Node#isThrow():2387, 4.0306518616558
com.google.javascript.rhino.jstype.SimpleSlot#isTypeInferred():76, 4.02853879797461
com.google.javascript.jscomp.graph.LinkedDirectedGraph#createNode(java.lang.Object):177, 4.022594822725478
com.google.javascript.jscomp.graph.Graph#getNodeOrFail(java.lang.Object):220, 4.021246068055349
com.google.javascript.jscomp.graph.Graph#getNodeOrFail(java.lang.Object):221, 4.021246068055349
com.google.javascript.jscomp.graph.Graph#getNodeOrFail(java.lang.Object):224, 4.021246068055349
com.google.javascript.jscomp.graph.Graph#getNodeOrFail(java.lang.Object):222, 4.02108
com.google.javascript.jscomp.parsing.IRFactory#maybeInjectCastNode(com.google.javascript.rhino.head.ast.AstNode,com.google.javascript.rhino.JSDocInfo,com.google.javascript.rhino.Node):368, 4.017436297526309
com.google.javascript.jscomp.parsing.IRFactory#maybeInjectCastNode(com.google.javascript.rhino.head.ast.AstNode,com.google.javascript.rhino.JSDocInfo,com.google.javascript.rhino.Node):373, 4.017436297526309
com.google.javascript.jscomp.parsing.IRFactory#maybeInjectCastNode(com.google.javascript.rhino.head.ast.AstNode,com.google.javascript.rhino.JSDocInfo,com.google.javascript.rhino.Node):371, 4.01727
com.google.javascript.jscomp.NodeUtil#isConstantByConvention(com.google.javascript.jscomp.CodingConvention,com.google.javascript.rhino.Node,com.google.javascript.rhino.Node):2849, 4.017228645814338
com.google.javascript.jscomp.NodeUtil#isConstantByConvention(com.google.javascript.jscomp.CodingConvention,com.google.javascript.rhino.Node,com.google.javascript.rhino.Node):2848, 4.017211741748935
com.google.javascript.jscomp.NodeUtil#isConstantByConvention(com.google.javascript.jscomp.CodingConvention,com.google.javascript.rhino.Node,com.google.javascript.rhino.Node):2850, 4.01706
com.google.javascript.jscomp.NodeUtil#isConstantByConvention(com.google.javascript.jscomp.CodingConvention,com.google.javascript.rhino.Node,com.google.javascript.rhino.Node):2851, 4.01706
com.google.javascript.jscomp.NodeUtil#isConstantByConvention(com.google.javascript.jscomp.CodingConvention,com.google.javascript.rhino.Node,com.google.javascript.rhino.Node):2852, 4.01706
com.google.javascript.jscomp.NodeUtil#isConstantByConvention(com.google.javascript.jscomp.CodingConvention,com.google.javascript.rhino.Node,com.google.javascript.rhino.Node):2853, 4.01706
com.google.javascript.jscomp.NodeUtil#isConstantByConvention(com.google.javascript.jscomp.CodingConvention,com.google.javascript.rhino.Node,com.google.javascript.rhino.Node):2855, 4.01706
com.google.javascript.rhino.jstype.FunctionType#visit(com.google.javascript.rhino.jstype.Visitor):1058, 4.013082222222222
com.google.javascript.jscomp.parsing.IRFactory#transform(com.google.javascript.rhino.head.ast.AstNode):360, 4.01273629752631
com.google.javascript.jscomp.parsing.IRFactory#transform(com.google.javascript.rhino.head.ast.AstNode):361, 4.01273629752631
com.google.javascript.jscomp.parsing.IRFactory#transform(com.google.javascript.rhino.head.ast.AstNode):357, 4.012689267560832
com.google.javascript.jscomp.parsing.IRFactory#transform(com.google.javascript.rhino.head.ast.AstNode):358, 4.012689267560832
com.google.javascript.jscomp.parsing.IRFactory#transform(com.google.javascript.rhino.head.ast.AstNode):359, 4.012689267560832
com.google.javascript.jscomp.parsing.IRFactory#transform(com.google.javascript.rhino.head.ast.AstNode):363, 4.012689267560832
com.google.javascript.jscomp.parsing.IRFactory#transform(com.google.javascript.rhino.head.ast.AstNode):364, 4.012689267560832
com.google.javascript.rhino.JSDocInfoBuilder#isPopulated():102, 4.0053969798749
com.google.javascript.rhino.jstype.FunctionType#getMaxArguments():320, 3.9984099978800063
com.google.javascript.rhino.jstype.FunctionType#getMaxArguments():312, 3.9976417299829956
com.google.javascript.rhino.jstype.FunctionType#getMaxArguments():313, 3.9976417299829956
com.google.javascript.rhino.jstype.FunctionType#getMaxArguments():314, 3.9976417299829956
com.google.javascript.rhino.jstype.FunctionType#getMaxArguments():315, 3.9976417299829956
com.google.javascript.rhino.jstype.FunctionType#getMaxArguments():316, 3.99735
com.google.javascript.jscomp.parsing.IRFactory.TransformDispatcher#processVariableDeclaration(com.google.javascript.rhino.head.ast.VariableDeclaration):1202, 3.989001613131118
com.google.javascript.jscomp.parsing.IRFactory.TransformDispatcher#processVariableDeclaration(com.google.javascript.rhino.head.ast.VariableDeclaration):1207, 3.989001613131118
com.google.javascript.jscomp.parsing.IRFactory.TransformDispatcher#processVariableDeclaration(com.google.javascript.rhino.head.ast.VariableDeclaration):1208, 3.989001613131118
com.google.javascript.jscomp.parsing.IRFactory.TransformDispatcher#processVariableDeclaration(com.google.javascript.rhino.head.ast.VariableDeclaration):1209, 3.989001613131118
com.google.javascript.jscomp.parsing.IRFactory.TransformDispatcher#processVariableDeclaration(com.google.javascript.rhino.head.ast.VariableDeclaration):1210, 3.989001613131118
com.google.javascript.jscomp.parsing.IRFactory.TransformDispatcher#processVariableDeclaration(com.google.javascript.rhino.head.ast.VariableDeclaration):1211, 3.989001613131118
com.google.javascript.jscomp.parsing.IRFactory.TransformDispatcher#processVariableDeclaration(com.google.javascript.rhino.head.ast.VariableDeclaration):1204, 3.98887
com.google.javascript.jscomp.Scope#isLocal():610, 3.9887467299645034
com.google.javascript.rhino.JSDocInfo#getThisType():1168, 3.986029369996536
com.google.javascript.rhino.jstype.JSTypeRegistry#createParametersWithVarArgs(com.google.javascript.rhino.jstype.JSType[]):1291, 3.9818105607055427
com.google.javascript.rhino.jstype.JSTypeRegistry#createOptionalType(com.google.javascript.rhino.jstype.JSType):1037, 3.977955765926001
com.google.javascript.rhino.jstype.JSTypeRegistry#createOptionalType(com.google.javascript.rhino.jstype.JSType):1034, 3.9778605607055426
com.google.javascript.rhino.jstype.JSTypeRegistry#createOptionalType(com.google.javascript.rhino.jstype.JSType):1035, 3.9778605607055426
com.google.javascript.jscomp.PrepareAst.PrepareAnnotations#annotateDispatchers(com.google.javascript.rhino.Node,com.google.javascript.rhino.Node):185, 3.9752328266070904
com.google.javascript.jscomp.PrepareAst.PrepareAnnotations#annotateDispatchers(com.google.javascript.rhino.Node,com.google.javascript.rhino.Node):186, 3.9752328266070904
com.google.javascript.jscomp.PrepareAst.PrepareAnnotations#annotateDispatchers(com.google.javascript.rhino.Node,com.google.javascript.rhino.Node):193, 3.9752328266070904
com.google.javascript.jscomp.PrepareAst.PrepareAnnotations#annotateDispatchers(com.google.javascript.rhino.Node,com.google.javascript.rhino.Node):188, 3.9751
com.google.javascript.jscomp.PrepareAst.PrepareAnnotations#annotateDispatchers(com.google.javascript.rhino.Node,com.google.javascript.rhino.Node):189, 3.9751
com.google.javascript.jscomp.PrepareAst.PrepareAnnotations#annotateDispatchers(com.google.javascript.rhino.Node,com.google.javascript.rhino.Node):190, 3.9751
com.google.javascript.jscomp.TypeInference#getNativeType(com.google.javascript.rhino.jstype.JSTypeNative):1586, 3.975301462644899
com.google.javascript.rhino.jstype.Property#getNode():94, 3.9744678034209344
com.google.javascript.rhino.jstype.FunctionType#getSource():1103, 3.9647270326148565
com.google.javascript.jscomp.parsing.TypeSafeDispatcher#process(com.google.javascript.rhino.head.ast.AstNode):240, 3.9631596803834888
com.google.javascript.jscomp.parsing.TypeSafeDispatcher#process(com.google.javascript.rhino.head.ast.AstNode):175, 3.963093333333333
com.google.javascript.jscomp.parsing.TypeSafeDispatcher#process(com.google.javascript.rhino.head.ast.AstNode):176, 3.963093333333333
com.google.javascript.jscomp.parsing.TypeSafeDispatcher#process(com.google.javascript.rhino.head.ast.AstNode):248, 3.963085128044381
com.google.javascript.jscomp.parsing.TypeSafeDispatcher#process(com.google.javascript.rhino.head.ast.AstNode):146, 3.9630388556932665
com.google.javascript.jscomp.parsing.TypeSafeDispatcher#process(com.google.javascript.rhino.head.ast.AstNode):161, 3.9629051563813706
com.google.javascript.jscomp.parsing.TypeSafeDispatcher#process(com.google.javascript.rhino.head.ast.AstNode):236, 3.962904518328254
com.google.javascript.jscomp.parsing.TypeSafeDispatcher#process(com.google.javascript.rhino.head.ast.AstNode):232, 3.9628923951803734
com.google.javascript.jscomp.parsing.TypeSafeDispatcher#process(com.google.javascript.rhino.head.ast.AstNode):174, 3.9628919334695327
com.google.javascript.jscomp.parsing.TypeSafeDispatcher#process(com.google.javascript.rhino.head.ast.AstNode):269, 3.962891613131118
com.google.javascript.jscomp.parsing.TypeSafeDispatcher#process(com.google.javascript.rhino.head.ast.AstNode):270, 3.962891613131118
com.google.javascript.jscomp.parsing.TypeSafeDispatcher#process(com.google.javascript.rhino.head.ast.AstNode):271, 3.962891613131118
com.google.javascript.jscomp.parsing.TypeSafeDispatcher#process(com.google.javascript.rhino.head.ast.AstNode):272, 3.962891613131118
com.google.javascript.jscomp.parsing.TypeSafeDispatcher#process(com.google.javascript.rhino.head.ast.AstNode):173, 3.962890443413366
com.google.javascript.jscomp.parsing.TypeSafeDispatcher#process(com.google.javascript.rhino.head.ast.AstNode):205, 3.962886491106407
com.google.javascript.jscomp.parsing.TypeSafeDispatcher#process(com.google.javascript.rhino.head.ast.AstNode):204, 3.962886269068069
com.google.javascript.jscomp.parsing.TypeSafeDispatcher#process(com.google.javascript.rhino.head.ast.AstNode):246, 3.962879865825371
com.google.javascript.jscomp.parsing.TypeSafeDispatcher#process(com.google.javascript.rhino.head.ast.AstNode):121, 3.962879267560832
com.google.javascript.jscomp.parsing.TypeSafeDispatcher#process(com.google.javascript.rhino.head.ast.AstNode):258, 3.962879267560832
com.google.javascript.jscomp.parsing.TypeSafeDispatcher#process(com.google.javascript.rhino.head.ast.AstNode):148, 3.96276
com.google.javascript.jscomp.parsing.TypeSafeDispatcher#process(com.google.javascript.rhino.head.ast.AstNode):171, 3.96276
com.google.javascript.jscomp.parsing.TypeSafeDispatcher#process(com.google.javascript.rhino.head.ast.AstNode):178, 3.96276
com.google.javascript.jscomp.parsing.TypeSafeDispatcher#process(com.google.javascript.rhino.head.ast.AstNode):184, 3.96276
com.google.javascript.jscomp.parsing.TypeSafeDispatcher#process(com.google.javascript.rhino.head.ast.AstNode):186, 3.96276
com.google.javascript.jscomp.parsing.TypeSafeDispatcher#process(com.google.javascript.rhino.head.ast.AstNode):189, 3.96276
com.google.javascript.jscomp.parsing.TypeSafeDispatcher#process(com.google.javascript.rhino.head.ast.AstNode):191, 3.96276
com.google.javascript.jscomp.parsing.TypeSafeDispatcher#process(com.google.javascript.rhino.head.ast.AstNode):193, 3.96276
com.google.javascript.jscomp.parsing.TypeSafeDispatcher#process(com.google.javascript.rhino.head.ast.AstNode):195, 3.96276
com.google.javascript.jscomp.parsing.TypeSafeDispatcher#process(com.google.javascript.rhino.head.ast.AstNode):197, 3.96276
com.google.javascript.jscomp.parsing.TypeSafeDispatcher#process(com.google.javascript.rhino.head.ast.AstNode):199, 3.96276
com.google.javascript.jscomp.parsing.TypeSafeDispatcher#process(com.google.javascript.rhino.head.ast.AstNode):206, 3.96276
com.google.javascript.jscomp.parsing.TypeSafeDispatcher#process(com.google.javascript.rhino.head.ast.AstNode):207, 3.96276
com.google.javascript.jscomp.parsing.TypeSafeDispatcher#process(com.google.javascript.rhino.head.ast.AstNode):209, 3.96276
com.google.javascript.jscomp.parsing.TypeSafeDispatcher#process(com.google.javascript.rhino.head.ast.AstNode):219, 3.96276
com.google.javascript.jscomp.parsing.TypeSafeDispatcher#process(com.google.javascript.rhino.head.ast.AstNode):221, 3.96276
com.google.javascript.jscomp.parsing.TypeSafeDispatcher#process(com.google.javascript.rhino.head.ast.AstNode):222, 3.96276
com.google.javascript.jscomp.parsing.TypeSafeDispatcher#process(com.google.javascript.rhino.head.ast.AstNode):223, 3.96276
com.google.javascript.jscomp.parsing.TypeSafeDispatcher#process(com.google.javascript.rhino.head.ast.AstNode):224, 3.96276
com.google.javascript.jscomp.parsing.TypeSafeDispatcher#process(com.google.javascript.rhino.head.ast.AstNode):226, 3.96276
com.google.javascript.jscomp.parsing.TypeSafeDispatcher#process(com.google.javascript.rhino.head.ast.AstNode):234, 3.96276
com.google.javascript.jscomp.parsing.TypeSafeDispatcher#process(com.google.javascript.rhino.head.ast.AstNode):238, 3.96276
com.google.javascript.jscomp.parsing.TypeSafeDispatcher#process(com.google.javascript.rhino.head.ast.AstNode):242, 3.96276
com.google.javascript.jscomp.parsing.TypeSafeDispatcher#process(com.google.javascript.rhino.head.ast.AstNode):244, 3.96276
com.google.javascript.jscomp.parsing.TypeSafeDispatcher#process(com.google.javascript.rhino.head.ast.AstNode):250, 3.96276
com.google.javascript.jscomp.parsing.TypeSafeDispatcher#process(com.google.javascript.rhino.head.ast.AstNode):252, 3.96276
com.google.javascript.jscomp.parsing.TypeSafeDispatcher#process(com.google.javascript.rhino.head.ast.AstNode):254, 3.96276
com.google.javascript.jscomp.parsing.TypeSafeDispatcher#process(com.google.javascript.rhino.head.ast.AstNode):256, 3.96276
com.google.javascript.jscomp.parsing.TypeSafeDispatcher#process(com.google.javascript.rhino.head.ast.AstNode):260, 3.96276
com.google.javascript.jscomp.parsing.TypeSafeDispatcher#process(com.google.javascript.rhino.head.ast.AstNode):262, 3.96276
com.google.javascript.jscomp.parsing.TypeSafeDispatcher#process(com.google.javascript.rhino.head.ast.AstNode):264, 3.96276
com.google.javascript.jscomp.parsing.TypeSafeDispatcher#process(com.google.javascript.rhino.head.ast.AstNode):266, 3.96276
com.google.javascript.jscomp.parsing.TypeSafeDispatcher#process(com.google.javascript.rhino.head.ast.AstNode):274, 3.96276
com.google.javascript.jscomp.parsing.TypeSafeDispatcher#process(com.google.javascript.rhino.head.ast.AstNode):280, 3.96276
com.google.javascript.jscomp.parsing.TypeSafeDispatcher#process(com.google.javascript.rhino.head.ast.AstNode):282, 3.96276
com.google.javascript.jscomp.parsing.TypeSafeDispatcher#process(com.google.javascript.rhino.head.ast.AstNode):284, 3.96276
com.google.javascript.jscomp.Scope#undeclare(com.google.javascript.jscomp.Scope.Var):510, 3.959796017489484
com.google.javascript.jscomp.Scope#undeclare(com.google.javascript.jscomp.Scope.Var):511, 3.959796017489484
com.google.javascript.jscomp.Scope#undeclare(com.google.javascript.jscomp.Scope.Var):512, 3.959796017489484
com.google.javascript.jscomp.Scope#undeclare(com.google.javascript.jscomp.Scope.Var):513, 3.959796017489484
com.google.javascript.rhino.jstype.PrototypeObjectType#isSubtype(com.google.javascript.rhino.jstype.JSType):331, 3.958986574040912
com.google.javascript.rhino.jstype.PrototypeObjectType#isSubtype(com.google.javascript.rhino.jstype.JSType):326, 3.9589737424855427
com.google.javascript.rhino.jstype.PrototypeObjectType#isSubtype(com.google.javascript.rhino.jstype.JSType):318, 3.9588905607055427
com.google.javascript.rhino.jstype.PrototypeObjectType#isSubtype(com.google.javascript.rhino.jstype.JSType):323, 3.9588905607055427
com.google.javascript.rhino.jstype.PrototypeObjectType#isSubtype(com.google.javascript.rhino.jstype.JSType):330, 3.9588905607055427
com.google.javascript.rhino.jstype.PrototypeObjectType#isSubtype(com.google.javascript.rhino.jstype.JSType):337, 3.9588905607055427
com.google.javascript.rhino.jstype.PrototypeObjectType#isSubtype(com.google.javascript.rhino.jstype.JSType):338, 3.9588905607055427
com.google.javascript.rhino.jstype.PrototypeObjectType#isSubtype(com.google.javascript.rhino.jstype.JSType):340, 3.9588905607055427
com.google.javascript.rhino.jstype.PrototypeObjectType#isSubtype(com.google.javascript.rhino.jstype.JSType):346, 3.9588905607055427
com.google.javascript.rhino.jstype.PrototypeObjectType#isSubtype(com.google.javascript.rhino.jstype.JSType):356, 3.9588905607055427
com.google.javascript.rhino.jstype.PrototypeObjectType#isSubtype(com.google.javascript.rhino.jstype.JSType):362, 3.9588905607055427
com.google.javascript.rhino.jstype.PrototypeObjectType#isSubtype(com.google.javascript.rhino.jstype.JSType):319, 3.95877
com.google.javascript.rhino.jstype.PrototypeObjectType#isSubtype(com.google.javascript.rhino.jstype.JSType):341, 3.95877
com.google.javascript.rhino.jstype.PrototypeObjectType#isSubtype(com.google.javascript.rhino.jstype.JSType):342, 3.95877
com.google.javascript.rhino.jstype.PrototypeObjectType#isSubtype(com.google.javascript.rhino.jstype.JSType):343, 3.95877
com.google.javascript.rhino.jstype.PrototypeObjectType#isSubtype(com.google.javascript.rhino.jstype.JSType):345, 3.95877
com.google.javascript.rhino.jstype.PrototypeObjectType#isSubtype(com.google.javascript.rhino.jstype.JSType):347, 3.95877
com.google.javascript.rhino.jstype.PrototypeObjectType#isSubtype(com.google.javascript.rhino.jstype.JSType):348, 3.95877
com.google.javascript.rhino.jstype.PrototypeObjectType#isSubtype(com.google.javascript.rhino.jstype.JSType):349, 3.95877
com.google.javascript.rhino.jstype.PrototypeObjectType#isSubtype(com.google.javascript.rhino.jstype.JSType):350, 3.95877
com.google.javascript.rhino.jstype.PrototypeObjectType#isSubtype(com.google.javascript.rhino.jstype.JSType):352, 3.95877
com.google.javascript.rhino.jstype.PrototypeObjectType#isSubtype(com.google.javascript.rhino.jstype.JSType):360, 3.95877
com.google.javascript.rhino.jstype.JSTypeRegistry#createTemplateType(java.lang.String):1515, 3.957926675695009
com.google.javascript.rhino.jstype.JSTypeRegistry.1#getConstructor():575, 3.9567381076444645
com.google.javascript.rhino.jstype.TemplateTypeMap#hasAnyTemplateTypesInternal():324, 3.95512811405112
com.google.javascript.rhino.jstype.TemplateTypeMap#hasAnyTemplateTypesInternal():323, 3.955125765926001
com.google.javascript.rhino.jstype.TemplateTypeMap#hasAnyTemplateTypesInternal():322, 3.9550305607055427
com.google.javascript.rhino.jstype.TemplateTypeMap#hasAnyTemplateTypesInternal():327, 3.9550305607055427
com.google.javascript.rhino.jstype.TemplateTypeMap#hasAnyTemplateTypesInternal():326, 3.95491
com.google.javascript.jscomp.parsing.JsDocInfoParser#eatTokensUntilEOL(com.google.javascript.jscomp.parsing.JsDocToken):2366, 3.9535585785716014
com.google.javascript.jscomp.parsing.JsDocInfoParser#eatTokensUntilEOL(com.google.javascript.jscomp.parsing.JsDocToken):2367, 3.9535585785716014
com.google.javascript.jscomp.parsing.JsDocInfoParser#eatTokensUntilEOL(com.google.javascript.jscomp.parsing.JsDocToken):2361, 3.953530046099916
com.google.javascript.jscomp.parsing.JsDocInfoParser#eatTokensUntilEOL(com.google.javascript.jscomp.parsing.JsDocToken):2363, 3.953530046099916
com.google.javascript.jscomp.parsing.JsDocInfoParser#eatTokensUntilEOL(com.google.javascript.jscomp.parsing.JsDocToken):2364, 3.953530046099916
com.google.javascript.rhino.jstype.JSTypeRegistry#createParameters(boolean,com.google.javascript.rhino.jstype.JSType[]):1315, 3.9528605607055427
com.google.javascript.rhino.jstype.JSTypeRegistry#createParameters(boolean,com.google.javascript.rhino.jstype.JSType[]):1316, 3.9528605607055427
com.google.javascript.rhino.jstype.JSTypeRegistry#createParameters(boolean,com.google.javascript.rhino.jstype.JSType[]):1317, 3.9528605607055427
com.google.javascript.rhino.jstype.JSTypeRegistry#createParameters(boolean,com.google.javascript.rhino.jstype.JSType[]):1318, 3.9528605607055427
com.google.javascript.rhino.jstype.JSTypeRegistry#createParameters(boolean,com.google.javascript.rhino.jstype.JSType[]):1319, 3.9528605607055427
com.google.javascript.rhino.jstype.JSTypeRegistry#createParameters(boolean,com.google.javascript.rhino.jstype.JSType[]):1321, 3.9528605607055427
com.google.javascript.rhino.jstype.JSTypeRegistry#createParameters(boolean,com.google.javascript.rhino.jstype.JSType[]):1324, 3.9528605607055427
com.google.javascript.rhino.jstype.TemplateTypeMap#getTemplateTypeIndex(com.google.javascript.rhino.jstype.TemplateType):171, 3.9522251159518587
com.google.javascript.rhino.jstype.TemplateTypeMap#getTemplateTypeIndex(com.google.javascript.rhino.jstype.TemplateType):172, 3.9522251159518587
com.google.javascript.rhino.jstype.TemplateTypeMap#getTemplateTypeIndex(com.google.javascript.rhino.jstype.TemplateType):169, 3.952130560705543
com.google.javascript.rhino.jstype.TemplateTypeMap#getTemplateTypeIndex(com.google.javascript.rhino.jstype.TemplateType):170, 3.952130560705543
com.google.javascript.rhino.jstype.TemplateTypeMap#getTemplateTypeIndex(com.google.javascript.rhino.jstype.TemplateType):175, 3.952130560705543
com.google.javascript.rhino.jstype.TemplateTypeMap#getTemplateType(com.google.javascript.rhino.jstype.TemplateType):150, 3.951410560705543
com.google.javascript.rhino.jstype.TemplateTypeMap#getTemplateType(com.google.javascript.rhino.jstype.TemplateType):151, 3.951410560705543
com.google.javascript.jscomp.TypeValidator#expectCanAssignTo(com.google.javascript.jscomp.NodeTraversal,com.google.javascript.rhino.Node,com.google.javascript.rhino.jstype.JSType,com.google.javascript.rhino.jstype.JSType,java.lang.String):409, 3.9438559348752045
com.google.javascript.jscomp.TypeValidator#expectCanAssignTo(com.google.javascript.jscomp.NodeTraversal,com.google.javascript.rhino.Node,com.google.javascript.rhino.jstype.JSType,com.google.javascript.rhino.jstype.JSType,java.lang.String):405, 3.9438388363008965
com.google.javascript.jscomp.TypeValidator#expectCanAssignTo(com.google.javascript.jscomp.NodeTraversal,com.google.javascript.rhino.Node,com.google.javascript.rhino.jstype.JSType,com.google.javascript.rhino.jstype.JSType,java.lang.String):406, 3.94359
com.google.javascript.jscomp.TypeValidator#expectCanAssignTo(com.google.javascript.jscomp.NodeTraversal,com.google.javascript.rhino.Node,com.google.javascript.rhino.jstype.JSType,com.google.javascript.rhino.jstype.JSType,java.lang.String):407, 3.94359
com.google.javascript.rhino.jstype.JSTypeRegistry#createTemplatizedType(com.google.javascript.rhino.jstype.ObjectType,com.google.common.collect.ImmutableList):1547, 3.9418951159518585
com.google.javascript.rhino.jstype.TemplatizedType#getTemplateTypeMap():164, 3.9418951159518585
com.google.javascript.rhino.jstype.RecordTypeBuilder.RecordProperty#getType():109, 3.9404006781053935
com.google.javascript.jscomp.SyntacticScopeCreator#scanRoot(com.google.javascript.rhino.Node):107, 3.937989442855925
com.google.javascript.jscomp.SyntacticScopeCreator#scanRoot(com.google.javascript.rhino.Node):108, 3.937989442855925
com.google.javascript.jscomp.SyntacticScopeCreator#scanRoot(com.google.javascript.rhino.Node):106, 3.937989442855925
com.google.javascript.jscomp.SyntacticScopeCreator#scanRoot(com.google.javascript.rhino.Node):85, 3.9379659581860498
com.google.javascript.jscomp.SyntacticScopeCreator#scanRoot(com.google.javascript.rhino.Node):86, 3.9379659581860498
com.google.javascript.jscomp.SyntacticScopeCreator#scanRoot(com.google.javascript.rhino.Node):92, 3.9379659581860498
com.google.javascript.jscomp.SyntacticScopeCreator#scanRoot(com.google.javascript.rhino.Node):93, 3.9379659581860498
com.google.javascript.jscomp.SyntacticScopeCreator#scanRoot(com.google.javascript.rhino.Node):94, 3.9379659581860498
com.google.javascript.jscomp.SyntacticScopeCreator#scanRoot(com.google.javascript.rhino.Node):98, 3.9379659581860498
com.google.javascript.jscomp.SyntacticScopeCreator#scanRoot(com.google.javascript.rhino.Node):99, 3.9379659581860498
com.google.javascript.jscomp.SyntacticScopeCreator#scanRoot(com.google.javascript.rhino.Node):104, 3.9379659581860498
com.google.javascript.jscomp.SyntacticScopeCreator#scanRoot(com.google.javascript.rhino.Node):105, 3.9379659581860498
com.google.javascript.jscomp.SyntacticScopeCreator#scanRoot(com.google.javascript.rhino.Node):112, 3.9379659581860498
com.google.javascript.jscomp.SyntacticScopeCreator#scanRoot(com.google.javascript.rhino.Node):113, 3.9379659581860498
com.google.javascript.jscomp.SyntacticScopeCreator#scanRoot(com.google.javascript.rhino.Node):115, 3.9379566278319293
com.google.javascript.jscomp.SyntacticScopeCreator#scanRoot(com.google.javascript.rhino.Node):116, 3.9379566278319293
com.google.javascript.jscomp.SyntacticScopeCreator#scanRoot(com.google.javascript.rhino.Node):84, 3.9379559695027413
com.google.javascript.jscomp.SyntacticScopeCreator#scanRoot(com.google.javascript.rhino.Node):118, 3.9379559695027413
com.google.javascript.jscomp.SyntacticScopeCreator#scanRoot(com.google.javascript.rhino.Node):100, 3.93782
com.google.javascript.rhino.jstype.ProxyObjectType#resolveInternal(com.google.javascript.rhino.ErrorReporter,com.google.javascript.rhino.jstype.StaticScope):327, 3.935987434953411
com.google.javascript.rhino.jstype.ProxyObjectType#resolveInternal(com.google.javascript.rhino.ErrorReporter,com.google.javascript.rhino.jstype.StaticScope):328, 3.935987434953411
com.google.javascript.rhino.jstype.FunctionType#getReturnType():324, 3.9310163720858533
com.google.javascript.jscomp.parsing.IRFactory#transformParameter(com.google.javascript.rhino.head.ast.AstNode):387, 3.921300354454386
com.google.javascript.jscomp.parsing.IRFactory#transformParameter(com.google.javascript.rhino.head.ast.AstNode):388, 3.921300354454386
com.google.javascript.jscomp.parsing.IRFactory#transformParameter(com.google.javascript.rhino.head.ast.AstNode):389, 3.921300354454386
com.google.javascript.jscomp.parsing.IRFactory#transformParameter(com.google.javascript.rhino.head.ast.AstNode):395, 3.921300354454386
com.google.javascript.jscomp.parsing.IRFactory#transformParameter(com.google.javascript.rhino.head.ast.AstNode):396, 3.921300354454386
com.google.javascript.jscomp.parsing.IRFactory#transformParameter(com.google.javascript.rhino.head.ast.AstNode):390, 3.92114
com.google.javascript.jscomp.parsing.IRFactory#transformParameter(com.google.javascript.rhino.head.ast.AstNode):391, 3.92114
com.google.javascript.jscomp.parsing.IRFactory#transformParameter(com.google.javascript.rhino.head.ast.AstNode):392, 3.92114
com.google.javascript.rhino.jstype.ProxyObjectType#setReferencedType(com.google.javascript.rhino.jstype.JSType):89, 3.920223869467472
com.google.javascript.rhino.jstype.ProxyObjectType#setReferencedType(com.google.javascript.rhino.jstype.JSType):87, 3.920140560705543
com.google.javascript.rhino.jstype.ProxyObjectType#setReferencedType(com.google.javascript.rhino.jstype.JSType):88, 3.920140560705543
com.google.javascript.rhino.jstype.ProxyObjectType#setReferencedType(com.google.javascript.rhino.jstype.JSType):91, 3.920140560705543
com.google.javascript.rhino.jstype.ProxyObjectType#setReferencedType(com.google.javascript.rhino.jstype.JSType):93, 3.920140560705543
com.google.javascript.rhino.jstype.ProxyObjectType#toMaybeTemplateType():364, 3.9171127659574467
com.google.javascript.rhino.JSDocInfoBuilder#markAnnotation(java.lang.String,int,int):158, 3.9061272708120898
com.google.javascript.rhino.JSDocInfoBuilder#markAnnotation(java.lang.String,int,int):160, 3.9061272708120898
com.google.javascript.rhino.JSDocInfoBuilder#markAnnotation(java.lang.String,int,int):170, 3.9061272708120898
com.google.javascript.rhino.JSDocInfoBuilder#markAnnotation(java.lang.String,int,int):171, 3.9061272708120898
com.google.javascript.rhino.JSDocInfoBuilder#markAnnotation(java.lang.String,int,int):161, 3.90597
com.google.javascript.rhino.JSDocInfoBuilder#markAnnotation(java.lang.String,int,int):163, 3.90597
com.google.javascript.rhino.JSDocInfoBuilder#markAnnotation(java.lang.String,int,int):164, 3.90597
com.google.javascript.rhino.JSDocInfoBuilder#markAnnotation(java.lang.String,int,int):166, 3.90597
com.google.javascript.rhino.JSDocInfoBuilder#markAnnotation(java.lang.String,int,int):167, 3.90597
com.google.javascript.rhino.JSDocInfo#addMarker():704, 3.9061206853383164
com.google.javascript.rhino.JSDocInfo#addMarker():703, 3.9061172708120897
com.google.javascript.rhino.JSDocInfo#addMarker():707, 3.90596
com.google.javascript.rhino.JSDocInfo#addMarker():708, 3.90596
com.google.javascript.rhino.JSDocInfo#addMarker():711, 3.90596
com.google.javascript.rhino.JSDocInfo#addMarker():712, 3.90596
com.google.javascript.rhino.JSDocInfo#addMarker():713, 3.90596
com.google.javascript.jscomp.Compiler#putCompilerInput(com.google.javascript.rhino.InputId,com.google.javascript.jscomp.CompilerInput):1094, 3.903840771537599
com.google.javascript.jscomp.Compiler#putCompilerInput(com.google.javascript.rhino.InputId,com.google.javascript.jscomp.CompilerInput):1095, 3.903840771537599
com.google.javascript.rhino.JSDocInfo#lazyInitDocumentation():688, 3.9035306231415507
com.google.javascript.rhino.JSDocInfo#lazyInitDocumentation():687, 3.9035269412051434
com.google.javascript.rhino.JSDocInfo#lazyInitDocumentation():691, 3.90337
com.google.javascript.rhino.JSDocInfo#lazyInitDocumentation():692, 3.90337
com.google.javascript.rhino.JSDocInfo#lazyInitDocumentation():695, 3.90337
com.google.javascript.rhino.jstype.PrototypeObjectType#getReferenceName():307, 3.900305152484966
com.google.javascript.rhino.jstype.PrototypeObjectType#getReferenceName():304, 3.9002222150555004
com.google.javascript.rhino.jstype.PrototypeObjectType#getReferenceName():305, 3.9002222150555004
com.google.javascript.rhino.jstype.PrototypeObjectType#getReferenceName():302, 3.900220560705543
com.google.javascript.rhino.jstype.PrototypeObjectType#getReferenceName():303, 3.900220560705543
com.google.javascript.jscomp.parsing.JsDocTokenStream#isAlpha(int):272, 3.898687018573255
com.google.javascript.jscomp.parsing.JsDocTokenStream#isAlpha(int):274, 3.898687018573255
com.google.javascript.jscomp.parsing.JsDocTokenStream#isAlpha(int):271, 3.8986869992205007
com.google.javascript.rhino.jstype.FunctionType#isReturnTypeInferred():328, 3.898364111617452
com.google.javascript.rhino.jstype.ModificationVisitor#coerseToThisType(com.google.javascript.rhino.jstype.JSType):141, 3.89788388683142
com.google.javascript.rhino.jstype.TemplateTypeMap#isEmpty():97, 3.8977638307405176
com.google.javascript.rhino.jstype.ModificationVisitor#caseNumberType():186, 3.8963231609213387
com.google.javascript.jscomp.parsing.JsDocTokenStream#getCharIgnoreLineEnd():403, 3.8958481138830083
com.google.javascript.jscomp.parsing.JsDocTokenStream#getCharIgnoreLineEnd():410, 3.8958481138830083
com.google.javascript.jscomp.parsing.JsDocTokenStream#getCharIgnoreLineEnd():411, 3.8958481138830083
com.google.javascript.jscomp.parsing.JsDocTokenStream#getCharIgnoreLineEnd():414, 3.8958481138830083
com.google.javascript.jscomp.parsing.JsDocTokenStream#getCharIgnoreLineEnd():415, 3.8958481138830083
com.google.javascript.jscomp.parsing.JsDocTokenStream#getCharIgnoreLineEnd():429, 3.8958481138830083
com.google.javascript.jscomp.parsing.JsDocTokenStream#getCharIgnoreLineEnd():433, 3.8958481138830083
com.google.javascript.jscomp.parsing.JsDocTokenStream#getCharIgnoreLineEnd():392, 3.8958465752620923
com.google.javascript.jscomp.parsing.JsDocTokenStream#getCharIgnoreLineEnd():393, 3.89569
com.google.javascript.jscomp.parsing.JsDocTokenStream#getCharIgnoreLineEnd():394, 3.89569
com.google.javascript.jscomp.parsing.JsDocTokenStream#getCharIgnoreLineEnd():395, 3.89569
com.google.javascript.jscomp.parsing.JsDocTokenStream#getCharIgnoreLineEnd():396, 3.89569
com.google.javascript.jscomp.parsing.JsDocTokenStream#getCharIgnoreLineEnd():398, 3.89569
com.google.javascript.jscomp.parsing.JsDocTokenStream#getCharIgnoreLineEnd():404, 3.89569
com.google.javascript.jscomp.parsing.JsDocTokenStream#getCharIgnoreLineEnd():405, 3.89569
com.google.javascript.jscomp.parsing.JsDocTokenStream#getCharIgnoreLineEnd():406, 3.89569
com.google.javascript.jscomp.parsing.JsDocTokenStream#getCharIgnoreLineEnd():408, 3.89569
com.google.javascript.jscomp.parsing.JsDocTokenStream#getCharIgnoreLineEnd():416, 3.89569
com.google.javascript.jscomp.parsing.JsDocTokenStream#getCharIgnoreLineEnd():417, 3.89569
com.google.javascript.jscomp.parsing.JsDocTokenStream#getCharIgnoreLineEnd():420, 3.89569
com.google.javascript.jscomp.parsing.JsDocTokenStream#getCharIgnoreLineEnd():421, 3.89569
com.google.javascript.jscomp.parsing.JsDocTokenStream#getCharIgnoreLineEnd():423, 3.89569
com.google.javascript.jscomp.parsing.JsDocTokenStream#getCharIgnoreLineEnd():424, 3.89569
com.google.javascript.jscomp.parsing.JsDocTokenStream#getCharIgnoreLineEnd():425, 3.89569
com.google.javascript.jscomp.parsing.JsDocTokenStream#getCharIgnoreLineEnd():430, 3.89569
com.google.javascript.rhino.Node#isCatch():2227, 3.8956028282589106
com.google.javascript.rhino.jstype.ModificationVisitor#isNativeFunctionType(com.google.javascript.rhino.jstype.FunctionType):232, 3.8953627177015937
com.google.javascript.rhino.jstype.NumberType#visit(com.google.javascript.rhino.jstype.Visitor):112, 3.8933117845610936
com.google.javascript.rhino.jstype.PropertyMap#getOwnPropertyNames():170, 3.892360491333987
com.google.javascript.rhino.jstype.ObjectType#getOwnPropertyNames():454, 3.892360491333987
com.google.javascript.rhino.jstype.NumberType#autoboxesTo():117, 3.888739740420145
com.google.javascript.rhino.jstype.Property#getName():89, 3.88561837392736
com.google.javascript.rhino.jstype.FunctionType#hasEqualCallType(com.google.javascript.rhino.jstype.FunctionType):923, 3.88561837392736
com.google.javascript.rhino.jstype.FunctionType#isInstanceType():189, 3.884417855100475
com.google.javascript.rhino.jstype.TemplateType#hasAnyTemplateTypesInternal():75, 3.8841777517781546
com.google.javascript.rhino.jstype.RecordType#isSubtype(com.google.javascript.rhino.jstype.JSType):226, 3.882977545573773
com.google.javascript.rhino.jstype.RecordType#isSubtype(com.google.javascript.rhino.jstype.JSType):225, 3.8829767774923813
com.google.javascript.rhino.jstype.RecordType#isSubtype(com.google.javascript.rhino.jstype.JSType):217, 3.8829766248500723
com.google.javascript.rhino.jstype.RecordType#isSubtype(com.google.javascript.rhino.jstype.JSType):212, 3.8829764725297555
com.google.javascript.rhino.jstype.RecordType#isSubtype(com.google.javascript.rhino.jstype.JSType):213, 3.88276
com.google.javascript.rhino.jstype.RecordType#isSubtype(com.google.javascript.rhino.jstype.JSType):219, 3.88276
com.google.javascript.rhino.jstype.RecordType#isSubtype(com.google.javascript.rhino.jstype.JSType):229, 3.88276
com.google.javascript.rhino.jstype.TemplateType#toMaybeTemplateType():70, 3.8822569304578187
com.google.javascript.jscomp.NodeUtil#getBestLValue(com.google.javascript.rhino.Node):3101, 3.8816227524209883
com.google.javascript.jscomp.NodeUtil#getBestLValue(com.google.javascript.rhino.Node):3103, 3.8815225686507544
com.google.javascript.jscomp.NodeUtil#getBestLValue(com.google.javascript.rhino.Node):3099, 3.8815190862997206
com.google.javascript.jscomp.NodeUtil#getBestLValue(com.google.javascript.rhino.Node):3102, 3.881516684314412
com.google.javascript.jscomp.NodeUtil#getBestLValue(com.google.javascript.rhino.Node):3100, 3.8815140741699135
com.google.javascript.jscomp.NodeUtil#getBestLValue(com.google.javascript.rhino.Node):3096, 3.88150764665626
com.google.javascript.jscomp.NodeUtil#getBestLValue(com.google.javascript.rhino.Node):3097, 3.88150764665626
com.google.javascript.jscomp.NodeUtil#getBestLValue(com.google.javascript.rhino.Node):3098, 3.88150764665626
com.google.javascript.jscomp.NodeUtil#getBestLValue(com.google.javascript.rhino.Node):3104, 3.88132
com.google.javascript.jscomp.NodeUtil#getBestLValue(com.google.javascript.rhino.Node):3105, 3.88132
com.google.javascript.jscomp.NodeUtil#getBestLValue(com.google.javascript.rhino.Node):3106, 3.88132
com.google.javascript.jscomp.NodeUtil#getBestLValue(com.google.javascript.rhino.Node):3111, 3.88132
com.google.javascript.jscomp.NodeUtil#getBestLValue(com.google.javascript.rhino.Node):3112, 3.88132
com.google.javascript.jscomp.NodeUtil#getBestLValue(com.google.javascript.rhino.Node):3113, 3.88132
com.google.javascript.jscomp.NodeUtil#getBestLValue(com.google.javascript.rhino.Node):3115, 3.88132
com.google.javascript.rhino.JSDocInfoBuilder#recordTemplateTypeNames(java.util.List):308, 3.8815366248500722
com.google.javascript.rhino.JSDocInfoBuilder#recordTemplateTypeNames(java.util.List):309, 3.8815366248500722
com.google.javascript.rhino.JSDocInfoBuilder#recordTemplateTypeNames(java.util.List):310, 3.8815366248500722
com.google.javascript.rhino.JSDocInfoBuilder#recordTemplateTypeNames(java.util.List):312, 3.88132
com.google.javascript.rhino.jstype.ArrowType#hasEqualParameters(com.google.javascript.rhino.jstype.ArrowType,com.google.javascript.rhino.jstype.EquivalenceMethod):205, 3.88141837392736
com.google.javascript.rhino.jstype.ArrowType#hasEqualParameters(com.google.javascript.rhino.jstype.ArrowType,com.google.javascript.rhino.jstype.EquivalenceMethod):206, 3.88141837392736
com.google.javascript.rhino.jstype.ArrowType#hasEqualParameters(com.google.javascript.rhino.jstype.ArrowType,com.google.javascript.rhino.jstype.EquivalenceMethod):207, 3.88141837392736
com.google.javascript.rhino.jstype.ArrowType#hasEqualParameters(com.google.javascript.rhino.jstype.ArrowType,com.google.javascript.rhino.jstype.EquivalenceMethod):201, 3.8814182698654403
com.google.javascript.rhino.jstype.ArrowType#hasEqualParameters(com.google.javascript.rhino.jstype.ArrowType,com.google.javascript.rhino.jstype.EquivalenceMethod):197, 3.881418165952144
com.google.javascript.rhino.jstype.ArrowType#hasEqualParameters(com.google.javascript.rhino.jstype.ArrowType,com.google.javascript.rhino.jstype.EquivalenceMethod):181, 3.881417597069945
com.google.javascript.rhino.jstype.ArrowType#hasEqualParameters(com.google.javascript.rhino.jstype.ArrowType,com.google.javascript.rhino.jstype.EquivalenceMethod):182, 3.881417597069945
com.google.javascript.rhino.jstype.ArrowType#hasEqualParameters(com.google.javascript.rhino.jstype.ArrowType,com.google.javascript.rhino.jstype.EquivalenceMethod):183, 3.881417597069945
com.google.javascript.rhino.jstype.ArrowType#hasEqualParameters(com.google.javascript.rhino.jstype.ArrowType,com.google.javascript.rhino.jstype.EquivalenceMethod):185, 3.881417597069945
com.google.javascript.rhino.jstype.ArrowType#hasEqualParameters(com.google.javascript.rhino.jstype.ArrowType,com.google.javascript.rhino.jstype.EquivalenceMethod):210, 3.8814173399540923
com.google.javascript.rhino.jstype.ArrowType#hasEqualParameters(com.google.javascript.rhino.jstype.ArrowType,com.google.javascript.rhino.jstype.EquivalenceMethod):178, 3.8814165740409123
com.google.javascript.rhino.jstype.ArrowType#hasEqualParameters(com.google.javascript.rhino.jstype.ArrowType,com.google.javascript.rhino.jstype.EquivalenceMethod):179, 3.8814165740409123
com.google.javascript.rhino.jstype.ArrowType#hasEqualParameters(com.google.javascript.rhino.jstype.ArrowType,com.google.javascript.rhino.jstype.EquivalenceMethod):180, 3.8814165740409123
com.google.javascript.rhino.jstype.ArrowType#hasEqualParameters(com.google.javascript.rhino.jstype.ArrowType,com.google.javascript.rhino.jstype.EquivalenceMethod):188, 3.8812
com.google.javascript.rhino.jstype.ArrowType#hasEqualParameters(com.google.javascript.rhino.jstype.ArrowType,com.google.javascript.rhino.jstype.EquivalenceMethod):191, 3.8812
com.google.javascript.rhino.jstype.ArrowType#hasEqualParameters(com.google.javascript.rhino.jstype.ArrowType,com.google.javascript.rhino.jstype.EquivalenceMethod):192, 3.8812
com.google.javascript.rhino.jstype.ArrowType#hasEqualParameters(com.google.javascript.rhino.jstype.ArrowType,com.google.javascript.rhino.jstype.EquivalenceMethod):198, 3.8812
com.google.javascript.rhino.jstype.ArrowType#hasEqualParameters(com.google.javascript.rhino.jstype.ArrowType,com.google.javascript.rhino.jstype.EquivalenceMethod):202, 3.8812
com.google.javascript.rhino.jstype.RecordType#toMaybeRecordType():207, 3.880936371161204
com.google.javascript.rhino.jstype.UnknownType#getConstructor():134, 3.8803893810422845
com.google.javascript.rhino.jstype.RecordType#getImplicitPrototype():131, 3.879855916758544
com.google.javascript.rhino.Node#siblings():1255, 3.8796158161683874
com.google.javascript.rhino.jstype.TemplatizedType#hasAnyTemplateTypesInternal():169, 3.879495765926001
com.google.javascript.rhino.jstype.TemplateType#getReferenceName():60, 3.879375715718688
com.google.javascript.jscomp.Scope.Var#isLocal():199, 3.8792556655464066
com.google.javascript.jscomp.parsing.JsDocTokenStream#matchChar(int):264, 3.8790497974045004
com.google.javascript.jscomp.parsing.JsDocTokenStream#matchChar(int):265, 3.8790497974045004
com.google.javascript.jscomp.parsing.JsDocTokenStream#matchChar(int):261, 3.879016632872419
com.google.javascript.jscomp.parsing.JsDocTokenStream#matchChar(int):262, 3.879016632872419
com.google.javascript.jscomp.parsing.JsDocTokenStream#matchChar(int):259, 3.879016575262092
com.google.javascript.jscomp.parsing.JsDocTokenStream#matchChar(int):260, 3.879016575262092
com.google.javascript.rhino.jstype.ProxyObjectType#hashCode():252, 3.878895515239352
com.google.javascript.rhino.jstype.JSType#isSubtypeHelper(com.google.javascript.rhino.jstype.JSType,com.google.javascript.rhino.jstype.JSType):1258, 3.8787812516524713
com.google.javascript.rhino.jstype.JSType#isSubtypeHelper(com.google.javascript.rhino.jstype.JSType,com.google.javascript.rhino.jstype.JSType):1257, 3.8787780683493347
com.google.javascript.rhino.jstype.JSType#isSubtypeHelper(com.google.javascript.rhino.jstype.JSType,com.google.javascript.rhino.jstype.JSType):1252, 3.8787775651949232
com.google.javascript.rhino.jstype.JSType#isSubtypeHelper(com.google.javascript.rhino.jstype.JSType,com.google.javascript.rhino.jstype.JSType):1253, 3.8787775651949232
com.google.javascript.rhino.jstype.JSType#isSubtypeHelper(com.google.javascript.rhino.jstype.JSType,com.google.javascript.rhino.jstype.JSType):1254, 3.8787775651949232
com.google.javascript.rhino.jstype.JSType#isSubtypeHelper(com.google.javascript.rhino.jstype.JSType,com.google.javascript.rhino.jstype.JSType):1248, 3.8787729509831697
com.google.javascript.rhino.jstype.JSType#isSubtypeHelper(com.google.javascript.rhino.jstype.JSType,com.google.javascript.rhino.jstype.JSType):1239, 3.8787005607055427
com.google.javascript.rhino.jstype.JSType#isSubtypeHelper(com.google.javascript.rhino.jstype.JSType,com.google.javascript.rhino.jstype.JSType):1243, 3.8787005607055427
com.google.javascript.rhino.jstype.JSType#isSubtypeHelper(com.google.javascript.rhino.jstype.JSType,com.google.javascript.rhino.jstype.JSType):1247, 3.8787005607055427
com.google.javascript.rhino.jstype.JSType#isSubtypeHelper(com.google.javascript.rhino.jstype.JSType,com.google.javascript.rhino.jstype.JSType):1251, 3.8787005607055427
com.google.javascript.rhino.jstype.JSType#isSubtypeHelper(com.google.javascript.rhino.jstype.JSType,com.google.javascript.rhino.jstype.JSType):1263, 3.8787005607055427
com.google.javascript.rhino.jstype.JSType#isSubtypeHelper(com.google.javascript.rhino.jstype.JSType,com.google.javascript.rhino.jstype.JSType):1264, 3.8787005607055427
com.google.javascript.rhino.jstype.JSType#isSubtypeHelper(com.google.javascript.rhino.jstype.JSType,com.google.javascript.rhino.jstype.JSType):1265, 3.8787005607055427
com.google.javascript.rhino.jstype.JSType#isSubtypeHelper(com.google.javascript.rhino.jstype.JSType,com.google.javascript.rhino.jstype.JSType):1266, 3.8787005607055427
com.google.javascript.rhino.jstype.JSType#isSubtypeHelper(com.google.javascript.rhino.jstype.JSType,com.google.javascript.rhino.jstype.JSType):1270, 3.8787005607055427
com.google.javascript.rhino.jstype.JSType#isSubtypeHelper(com.google.javascript.rhino.jstype.JSType,com.google.javascript.rhino.jstype.JSType):1271, 3.8787005607055427
com.google.javascript.rhino.jstype.JSType#isSubtypeHelper(com.google.javascript.rhino.jstype.JSType,com.google.javascript.rhino.jstype.JSType):1272, 3.8787005607055427
com.google.javascript.rhino.jstype.JSType#isSubtypeHelper(com.google.javascript.rhino.jstype.JSType,com.google.javascript.rhino.jstype.JSType):1274, 3.8787005607055427
com.google.javascript.rhino.jstype.JSType#isSubtypeHelper(com.google.javascript.rhino.jstype.JSType,com.google.javascript.rhino.jstype.JSType):1276, 3.8787005607055427
com.google.javascript.rhino.jstype.JSType#isSubtypeHelper(com.google.javascript.rhino.jstype.JSType,com.google.javascript.rhino.jstype.JSType):1277, 3.8787005607055427
com.google.javascript.rhino.jstype.JSType#isSubtypeHelper(com.google.javascript.rhino.jstype.JSType,com.google.javascript.rhino.jstype.JSType):1280, 3.8787005607055427
com.google.javascript.rhino.jstype.JSType#isSubtypeHelper(com.google.javascript.rhino.jstype.JSType,com.google.javascript.rhino.jstype.JSType):1286, 3.8787005607055427
com.google.javascript.rhino.jstype.JSType#isSubtypeHelper(com.google.javascript.rhino.jstype.JSType,com.google.javascript.rhino.jstype.JSType):1292, 3.8787005607055427
com.google.javascript.rhino.jstype.JSType#isSubtypeHelper(com.google.javascript.rhino.jstype.JSType,com.google.javascript.rhino.jstype.JSType):1296, 3.8787005607055427
com.google.javascript.rhino.jstype.JSType#isSubtypeHelper(com.google.javascript.rhino.jstype.JSType,com.google.javascript.rhino.jstype.JSType):1240, 3.87858
com.google.javascript.rhino.jstype.JSType#isSubtypeHelper(com.google.javascript.rhino.jstype.JSType,com.google.javascript.rhino.jstype.JSType):1244, 3.87858
com.google.javascript.rhino.jstype.JSType#isSubtypeHelper(com.google.javascript.rhino.jstype.JSType,com.google.javascript.rhino.jstype.JSType):1255, 3.87858
com.google.javascript.rhino.jstype.JSType#isSubtypeHelper(com.google.javascript.rhino.jstype.JSType,com.google.javascript.rhino.jstype.JSType):1281, 3.87858
com.google.javascript.rhino.jstype.JSType#isSubtypeHelper(com.google.javascript.rhino.jstype.JSType,com.google.javascript.rhino.jstype.JSType):1287, 3.87858
com.google.javascript.rhino.jstype.JSType#isSubtypeHelper(com.google.javascript.rhino.jstype.JSType,com.google.javascript.rhino.jstype.JSType):1293, 3.87858
com.google.javascript.rhino.JSDocInfo#isOverride():546, 3.878295265424455
com.google.javascript.rhino.jstype.ArrowType#checkArrowEquivalenceHelper(com.google.javascript.rhino.jstype.ArrowType,com.google.javascript.rhino.jstype.EquivalenceMethod):219, 3.8766169304578186
com.google.javascript.rhino.jstype.ArrowType#checkArrowEquivalenceHelper(com.google.javascript.rhino.jstype.ArrowType,com.google.javascript.rhino.jstype.EquivalenceMethod):216, 3.8766145705377113
com.google.javascript.rhino.jstype.ArrowType#checkArrowEquivalenceHelper(com.google.javascript.rhino.jstype.ArrowType,com.google.javascript.rhino.jstype.EquivalenceMethod):217, 3.8764
com.google.javascript.rhino.jstype.ArrowType#hasAnyTemplateTypesInternal():305, 3.875534127362289
com.google.javascript.rhino.JSDocInfo#setThisType(com.google.javascript.rhino.JSTypeExpression):1175, 3.8754140782899014
com.google.javascript.rhino.JSDocInfo#setThisType(com.google.javascript.rhino.JSTypeExpression):1176, 3.8754140782899014
com.google.javascript.rhino.JSDocInfoBuilder#recordThisType(com.google.javascript.rhino.JSTypeExpression):596, 3.8752940782899015
com.google.javascript.rhino.JSDocInfoBuilder#recordThisType(com.google.javascript.rhino.JSTypeExpression):597, 3.8752940782899015
com.google.javascript.rhino.JSDocInfoBuilder#recordThisType(com.google.javascript.rhino.JSTypeExpression):598, 3.8752940782899015
com.google.javascript.rhino.JSDocInfoBuilder#recordThisType(com.google.javascript.rhino.JSTypeExpression):594, 3.8752940292512363
com.google.javascript.rhino.JSDocInfoBuilder#recordThisType(com.google.javascript.rhino.JSTypeExpression):600, 3.87508
com.google.javascript.rhino.jstype.ProxyObjectType#isNoResolvedType():139, 3.8744536869215853
com.google.javascript.rhino.jstype.JSTypeRegistry#addReferenceTypeIndexedByProperty(java.lang.String,com.google.javascript.rhino.jstype.JSType):700, 3.8725800800480323
com.google.javascript.rhino.jstype.JSTypeRegistry#addReferenceTypeIndexedByProperty(java.lang.String,com.google.javascript.rhino.jstype.JSType):688, 3.872500560705543
com.google.javascript.rhino.jstype.JSTypeRegistry#addReferenceTypeIndexedByProperty(java.lang.String,com.google.javascript.rhino.jstype.JSType):689, 3.872500560705543
com.google.javascript.rhino.jstype.JSTypeRegistry#addReferenceTypeIndexedByProperty(java.lang.String,com.google.javascript.rhino.jstype.JSType):691, 3.872500560705543
com.google.javascript.rhino.jstype.JSTypeRegistry#addReferenceTypeIndexedByProperty(java.lang.String,com.google.javascript.rhino.jstype.JSType):692, 3.872500560705543
com.google.javascript.rhino.jstype.JSTypeRegistry#addReferenceTypeIndexedByProperty(java.lang.String,com.google.javascript.rhino.jstype.JSType):693, 3.872500560705543
com.google.javascript.rhino.jstype.JSTypeRegistry#addReferenceTypeIndexedByProperty(java.lang.String,com.google.javascript.rhino.jstype.JSType):695, 3.872500560705543
com.google.javascript.rhino.jstype.JSTypeRegistry#addReferenceTypeIndexedByProperty(java.lang.String,com.google.javascript.rhino.jstype.JSType):696, 3.872500560705543
com.google.javascript.rhino.jstype.JSTypeRegistry#addReferenceTypeIndexedByProperty(java.lang.String,com.google.javascript.rhino.jstype.JSType):697, 3.872500560705543
com.google.javascript.rhino.jstype.JSTypeRegistry#addReferenceTypeIndexedByProperty(java.lang.String,com.google.javascript.rhino.jstype.JSType):705, 3.872500560705543
com.google.javascript.rhino.jstype.JSTypeRegistry#addReferenceTypeIndexedByProperty(java.lang.String,com.google.javascript.rhino.jstype.JSType):698, 3.87238
com.google.javascript.rhino.jstype.JSTypeRegistry#addReferenceTypeIndexedByProperty(java.lang.String,com.google.javascript.rhino.jstype.JSType):701, 3.87238
com.google.javascript.rhino.jstype.JSTypeRegistry#addReferenceTypeIndexedByProperty(java.lang.String,com.google.javascript.rhino.jstype.JSType):702, 3.87238
com.google.javascript.rhino.jstype.JSTypeRegistry#addReferenceTypeIndexedByProperty(java.lang.String,com.google.javascript.rhino.jstype.JSType):703, 3.87238
com.google.javascript.jscomp.parsing.JsDocInfoParser#newStringNode(java.lang.String):2317, 3.872542910581429
com.google.javascript.rhino.jstype.InstanceObjectType#isInstanceType():112, 3.872542910581429
com.google.javascript.rhino.jstype.JSType#isConstructor():481, 3.8723028141326896
com.google.javascript.rhino.JSDocInfo#isImplicitCast():610, 3.871702573583124
com.google.javascript.rhino.jstype.JSType#isInterface():529, 3.8705020949209916
com.google.javascript.jscomp.parsing.JsDocTokenStream#getChar():370, 3.8701090497663393
com.google.javascript.jscomp.parsing.JsDocTokenStream#getChar():371, 3.8701090497663393
com.google.javascript.jscomp.parsing.JsDocTokenStream#getChar():359, 3.870109015992375
com.google.javascript.jscomp.parsing.JsDocTokenStream#getChar():363, 3.870109015992375
com.google.javascript.jscomp.parsing.JsDocTokenStream#getChar():364, 3.870109015992375
com.google.javascript.jscomp.parsing.JsDocTokenStream#getChar():365, 3.870109015992375
com.google.javascript.jscomp.parsing.JsDocTokenStream#getChar():337, 3.8700765177152863
com.google.javascript.jscomp.parsing.JsDocTokenStream#getChar():338, 3.8700765177152863
com.google.javascript.jscomp.parsing.JsDocTokenStream#getChar():339, 3.8700765177152863
com.google.javascript.jscomp.parsing.JsDocTokenStream#getChar():340, 3.8700765177152863
com.google.javascript.jscomp.parsing.JsDocTokenStream#getChar():342, 3.8700765177152863
com.google.javascript.jscomp.parsing.JsDocTokenStream#getChar():354, 3.870076460231885
com.google.javascript.jscomp.parsing.JsDocTokenStream#getChar():355, 3.870076460231885
com.google.javascript.jscomp.parsing.JsDocTokenStream#getChar():358, 3.870076460231885
com.google.javascript.jscomp.parsing.JsDocTokenStream#getChar():368, 3.870076460231885
com.google.javascript.jscomp.parsing.JsDocTokenStream#getChar():369, 3.870076460231885
com.google.javascript.jscomp.parsing.JsDocTokenStream#getChar():383, 3.870076460231885
com.google.javascript.jscomp.parsing.JsDocTokenStream#getChar():384, 3.870076460231885
com.google.javascript.jscomp.parsing.JsDocTokenStream#getChar():387, 3.870076460231885
com.google.javascript.jscomp.parsing.JsDocTokenStream#getChar():336, 3.870076441084821
com.google.javascript.jscomp.parsing.JsDocTokenStream#getChar():347, 3.870076441084821
com.google.javascript.jscomp.parsing.JsDocTokenStream#getChar():348, 3.86992
com.google.javascript.jscomp.parsing.JsDocTokenStream#getChar():349, 3.86992
com.google.javascript.jscomp.parsing.JsDocTokenStream#getChar():350, 3.86992
com.google.javascript.jscomp.parsing.JsDocTokenStream#getChar():352, 3.86992
com.google.javascript.jscomp.parsing.JsDocTokenStream#getChar():360, 3.86992
com.google.javascript.jscomp.parsing.JsDocTokenStream#getChar():361, 3.86992
com.google.javascript.jscomp.parsing.JsDocTokenStream#getChar():374, 3.86992
com.google.javascript.jscomp.parsing.JsDocTokenStream#getChar():375, 3.86992
com.google.javascript.jscomp.parsing.JsDocTokenStream#getChar():377, 3.86992
com.google.javascript.jscomp.parsing.JsDocTokenStream#getChar():378, 3.86992
com.google.javascript.jscomp.parsing.JsDocTokenStream#getChar():379, 3.86992
com.google.javascript.rhino.JSDocInfoBuilder#recordModifies(java.util.Set):464, 3.8689415247723233
com.google.javascript.rhino.JSDocInfoBuilder#recordModifies(java.util.Set):465, 3.8689415247723233
com.google.javascript.rhino.JSDocInfoBuilder#recordModifies(java.util.Set):462, 3.8689414774672186
com.google.javascript.rhino.JSDocInfoBuilder#recordModifies(java.util.Set):467, 3.86873
com.google.javascript.rhino.JSDocInfo#setModifies(java.util.Set):776, 3.8689414774672186
com.google.javascript.rhino.JSDocInfo#setModifies(java.util.Set):778, 3.8689414774672186
com.google.javascript.rhino.JSDocInfo#setModifies(java.util.Set):782, 3.8689414774672186
com.google.javascript.rhino.JSDocInfo#setModifies(java.util.Set):783, 3.8689414774672186
com.google.javascript.rhino.JSDocInfo#setModifies(java.util.Set):779, 3.86873
com.google.javascript.rhino.jstype.PrototypeObjectType#setPropertyJSDocInfo(java.lang.String,com.google.javascript.rhino.JSDocInfo):166, 3.8682212414168413
com.google.javascript.rhino.jstype.PrototypeObjectType#setPropertyJSDocInfo(java.lang.String,com.google.javascript.rhino.JSDocInfo):153, 3.868221194301548
com.google.javascript.rhino.jstype.PrototypeObjectType#setPropertyJSDocInfo(java.lang.String,com.google.javascript.rhino.JSDocInfo):154, 3.868221194301548
com.google.javascript.rhino.jstype.PrototypeObjectType#setPropertyJSDocInfo(java.lang.String,com.google.javascript.rhino.JSDocInfo):164, 3.868221194301548
com.google.javascript.rhino.jstype.PrototypeObjectType#setPropertyJSDocInfo(java.lang.String,com.google.javascript.rhino.JSDocInfo):165, 3.868221194301548
com.google.javascript.rhino.jstype.PrototypeObjectType#setPropertyJSDocInfo(java.lang.String,com.google.javascript.rhino.JSDocInfo):169, 3.868221194301548
com.google.javascript.rhino.jstype.PrototypeObjectType#setPropertyJSDocInfo(java.lang.String,com.google.javascript.rhino.JSDocInfo):158, 3.86801
com.google.javascript.jscomp.GoogleCodingConvention#isVarArgsParameter(com.google.javascript.rhino.Node):130, 3.867620959197054
com.google.javascript.jscomp.FunctionTypeBuilder#inferThisType(com.google.javascript.rhino.JSDocInfo,com.google.javascript.rhino.jstype.JSType):427, 3.8671509122703047
com.google.javascript.jscomp.FunctionTypeBuilder#inferThisType(com.google.javascript.rhino.JSDocInfo,com.google.javascript.rhino.jstype.JSType):428, 3.8671509122703047
com.google.javascript.jscomp.FunctionTypeBuilder#inferThisType(com.google.javascript.rhino.JSDocInfo,com.google.javascript.rhino.jstype.JSType):429, 3.8671509122703047
com.google.javascript.jscomp.FunctionTypeBuilder#inferThisType(com.google.javascript.rhino.JSDocInfo,com.google.javascript.rhino.jstype.JSType):424, 3.8671507716777302
com.google.javascript.jscomp.FunctionTypeBuilder#inferThisType(com.google.javascript.rhino.JSDocInfo,com.google.javascript.rhino.jstype.JSType):426, 3.8671507716777302
com.google.javascript.jscomp.FunctionTypeBuilder#inferThisType(com.google.javascript.rhino.JSDocInfo,com.google.javascript.rhino.jstype.JSType):433, 3.8671507716777302
com.google.javascript.rhino.jstype.RecordType#defineProperty(java.lang.String,com.google.javascript.rhino.jstype.JSType,boolean,com.google.javascript.rhino.Node):137, 3.8669106781053935
com.google.javascript.rhino.jstype.RecordType#defineProperty(java.lang.String,com.google.javascript.rhino.jstype.JSType,boolean,com.google.javascript.rhino.Node):141, 3.8669106781053935
com.google.javascript.rhino.jstype.RecordType#defineProperty(java.lang.String,com.google.javascript.rhino.jstype.JSType,boolean,com.google.javascript.rhino.Node):138, 3.8667
com.google.javascript.rhino.jstype.RecordTypeBuilder.RecordProperty#getPropertyNode():113, 3.8669106781053935
com.google.javascript.rhino.jstype.Property#setJSDocInfo(com.google.javascript.rhino.JSDocInfo):135, 3.8666705846575713
com.google.javascript.rhino.jstype.Property#setJSDocInfo(com.google.javascript.rhino.JSDocInfo):136, 3.8666705846575713
com.google.javascript.rhino.jstype.ProxyObjectType#isNoType():129, 3.865470119276544
com.google.javascript.rhino.jstype.ProxyObjectType#isAllType():189, 3.8645097491850606
com.google.javascript.jscomp.parsing.JsDocInfoParser#checkExtendedTypes(java.util.List):1019, 3.8641469605364493
com.google.javascript.jscomp.parsing.JsDocInfoParser#checkExtendedTypes(java.util.List):1033, 3.8641469605364493
com.google.javascript.jscomp.parsing.JsDocInfoParser#checkExtendedTypes(java.util.List):1021, 3.86399
com.google.javascript.jscomp.parsing.JsDocInfoParser#checkExtendedTypes(java.util.List):1022, 3.86399
com.google.javascript.jscomp.parsing.JsDocInfoParser#checkExtendedTypes(java.util.List):1023, 3.86399
com.google.javascript.jscomp.parsing.JsDocInfoParser#checkExtendedTypes(java.util.List):1027, 3.86399
com.google.javascript.jscomp.parsing.JsDocInfoParser#checkExtendedTypes(java.util.List):1028, 3.86399
com.google.javascript.jscomp.parsing.JsDocInfoParser#checkExtendedTypes(java.util.List):1032, 3.86399
com.google.javascript.jscomp.FunctionTypeBuilder#isFunctionTypeDeclaration(com.google.javascript.rhino.JSDocInfo):791, 3.8637894728962223
com.google.javascript.jscomp.Scope#getParentScope():450, 3.862802986911107
com.google.javascript.rhino.JSTypeExpression#isOptionalArg():86, 3.8627190605025015
com.google.javascript.rhino.JSTypeExpression#isVarArgs():93, 3.8624789691897643
com.google.javascript.jscomp.parsing.JsDocTokenStream#update():326, 3.8623589235782414
com.google.javascript.jscomp.parsing.JsDocTokenStream#update():327, 3.8623589235782414
com.google.javascript.rhino.JSDocInfo#hasParameterType(java.lang.String):1029, 3.8613985597580642
com.google.javascript.jscomp.TypeValidator#expectCanAssignToPropertyOf(com.google.javascript.jscomp.NodeTraversal,com.google.javascript.rhino.Node,com.google.javascript.rhino.jstype.JSType,com.google.javascript.rhino.jstype.JSType,com.google.javascript.rhino.Node,java.lang.String):389, 3.858768062594644
com.google.javascript.jscomp.TypeValidator#expectCanAssignToPropertyOf(com.google.javascript.jscomp.NodeTraversal,com.google.javascript.rhino.Node,com.google.javascript.rhino.jstype.JSType,com.google.javascript.rhino.jstype.JSType,com.google.javascript.rhino.Node,java.lang.String):370, 3.8587675689697623
com.google.javascript.jscomp.TypeValidator#expectCanAssignToPropertyOf(com.google.javascript.jscomp.NodeTraversal,com.google.javascript.rhino.Node,com.google.javascript.rhino.jstype.JSType,com.google.javascript.rhino.jstype.JSType,com.google.javascript.rhino.Node,java.lang.String):374, 3.85856
com.google.javascript.jscomp.TypeValidator#expectCanAssignToPropertyOf(com.google.javascript.jscomp.NodeTraversal,com.google.javascript.rhino.Node,com.google.javascript.rhino.jstype.JSType,com.google.javascript.rhino.jstype.JSType,com.google.javascript.rhino.Node,java.lang.String):375, 3.85856
com.google.javascript.jscomp.TypeValidator#expectCanAssignToPropertyOf(com.google.javascript.jscomp.NodeTraversal,com.google.javascript.rhino.Node,com.google.javascript.rhino.jstype.JSType,com.google.javascript.rhino.jstype.JSType,com.google.javascript.rhino.Node,java.lang.String):376, 3.85856
com.google.javascript.jscomp.TypeValidator#expectCanAssignToPropertyOf(com.google.javascript.jscomp.NodeTraversal,com.google.javascript.rhino.Node,com.google.javascript.rhino.jstype.JSType,com.google.javascript.rhino.jstype.JSType,com.google.javascript.rhino.Node,java.lang.String):377, 3.85856
com.google.javascript.jscomp.TypeValidator#expectCanAssignToPropertyOf(com.google.javascript.jscomp.NodeTraversal,com.google.javascript.rhino.Node,com.google.javascript.rhino.jstype.JSType,com.google.javascript.rhino.jstype.JSType,com.google.javascript.rhino.Node,java.lang.String):379, 3.85856
com.google.javascript.jscomp.TypeValidator#expectCanAssignToPropertyOf(com.google.javascript.jscomp.NodeTraversal,com.google.javascript.rhino.Node,com.google.javascript.rhino.jstype.JSType,com.google.javascript.rhino.jstype.JSType,com.google.javascript.rhino.Node,java.lang.String):383, 3.85856
com.google.javascript.jscomp.TypeValidator#expectCanAssignToPropertyOf(com.google.javascript.jscomp.NodeTraversal,com.google.javascript.rhino.Node,com.google.javascript.rhino.jstype.JSType,com.google.javascript.rhino.jstype.JSType,com.google.javascript.rhino.Node,java.lang.String):387, 3.85856
com.google.javascript.rhino.jstype.Property#getJSDocInfo():131, 3.857767256668072
com.google.javascript.rhino.jstype.FunctionType#getPropertyType(java.lang.String):601, 3.8564971676976163
com.google.javascript.rhino.jstype.FunctionType#getPropertyType(java.lang.String):597, 3.8564969900999
com.google.javascript.rhino.jstype.FunctionType#getPropertyType(java.lang.String):598, 3.8564969900999
com.google.javascript.rhino.jstype.FunctionType#getPropertyType(java.lang.String):599, 3.8564969900999
com.google.javascript.rhino.jstype.FunctionType#getPropertyType(java.lang.String):595, 3.8564967245576485
com.google.javascript.rhino.jstype.FunctionType#getPropertyType(java.lang.String):624, 3.8564967245576485
com.google.javascript.rhino.jstype.FunctionType#getPropertyType(java.lang.String):600, 3.85629
com.google.javascript.rhino.jstype.FunctionType#getPropertyType(java.lang.String):603, 3.85629
com.google.javascript.rhino.jstype.FunctionType#getPropertyType(java.lang.String):609, 3.85629
com.google.javascript.rhino.jstype.FunctionType#getPropertyType(java.lang.String):614, 3.85629
com.google.javascript.jscomp.NodeUtil#getStringValue(com.google.javascript.rhino.Node):182, 3.856376945771792
com.google.javascript.jscomp.NodeUtil#getStringValue(com.google.javascript.rhino.Node):179, 3.8563766803998876
com.google.javascript.jscomp.NodeUtil#getStringValue(com.google.javascript.rhino.Node):185, 3.85617
com.google.javascript.jscomp.NodeUtil#getStringValue(com.google.javascript.rhino.Node):186, 3.85617
com.google.javascript.jscomp.NodeUtil#getStringValue(com.google.javascript.rhino.Node):189, 3.85617
com.google.javascript.jscomp.NodeUtil#getStringValue(com.google.javascript.rhino.Node):194, 3.85617
com.google.javascript.jscomp.NodeUtil#getStringValue(com.google.javascript.rhino.Node):197, 3.85617
com.google.javascript.jscomp.NodeUtil#getStringValue(com.google.javascript.rhino.Node):200, 3.85617
com.google.javascript.jscomp.NodeUtil#getStringValue(com.google.javascript.rhino.Node):203, 3.85617
com.google.javascript.jscomp.NodeUtil#getStringValue(com.google.javascript.rhino.Node):206, 3.85617
com.google.javascript.jscomp.NodeUtil#getStringValue(com.google.javascript.rhino.Node):209, 3.85617
com.google.javascript.jscomp.NodeUtil#getStringValue(com.google.javascript.rhino.Node):210, 3.85617
com.google.javascript.jscomp.NodeUtil#getStringValue(com.google.javascript.rhino.Node):211, 3.85617
com.google.javascript.jscomp.NodeUtil#getStringValue(com.google.javascript.rhino.Node):216, 3.85617
com.google.javascript.jscomp.NodeUtil#getStringValue(com.google.javascript.rhino.Node):219, 3.85617
com.google.javascript.jscomp.NodeUtil#getStringValue(com.google.javascript.rhino.Node):221, 3.85617
com.google.javascript.jscomp.parsing.JsDocInfoParser#hasParsedFileOverviewDocInfo():2451, 3.8558569798749005
com.google.javascript.jscomp.DiagnosticGroupWarningsGuard#enables(com.google.javascript.jscomp.DiagnosticGroup):54, 3.8543554531972215
com.google.javascript.jscomp.DiagnosticGroupWarningsGuard#enables(com.google.javascript.jscomp.DiagnosticGroup):50, 3.8543205767911237
com.google.javascript.jscomp.DiagnosticGroupWarningsGuard#enables(com.google.javascript.jscomp.DiagnosticGroup):48, 3.854320521167355
com.google.javascript.jscomp.DiagnosticGroupWarningsGuard#enables(com.google.javascript.jscomp.DiagnosticGroup):49, 3.854320521167355
com.google.javascript.jscomp.DiagnosticGroupWarningsGuard#enables(com.google.javascript.jscomp.DiagnosticGroup):52, 3.854320521167355
com.google.javascript.jscomp.DiagnosticGroupWarningsGuard#enables(com.google.javascript.jscomp.DiagnosticGroup):47, 3.8543099089038364
com.google.javascript.rhino.jstype.ProxyObjectType#getReferencedTypeInternal():79, 3.8542471232553335
com.google.javascript.rhino.Node#isOptionalArg():1932, 3.8542258903678603
com.google.javascript.rhino.JSDocInfo#getTemplateTypeNames():1511, 3.853256930457819
com.google.javascript.rhino.JSDocInfo#getTemplateTypeNames():1509, 3.853237913123332
com.google.javascript.rhino.JSDocInfo#getTemplateTypeNames():1508, 3.853237142430672
com.google.javascript.jscomp.parsing.JsDocTokenStream#ungetChar(int):253, 3.852756536890504
com.google.javascript.jscomp.parsing.JsDocTokenStream#ungetChar(int):254, 3.852756536890504
com.google.javascript.jscomp.parsing.JsDocTokenStream#ungetChar(int):255, 3.852756536890504
com.google.javascript.jscomp.parsing.JsDocTokenStream#ungetChar(int):256, 3.852756536890504
com.google.javascript.rhino.jstype.ProxyObjectType#isUnknownType():144, 3.8525552821231996
com.google.javascript.jscomp.TypedScopeCreator.AbstractScopeBuilder#shouldUseFunctionLiteralType(com.google.javascript.rhino.jstype.FunctionType,com.google.javascript.rhino.JSDocInfo,com.google.javascript.rhino.Node):848, 3.8505215107856885
com.google.javascript.jscomp.TypedScopeCreator.AbstractScopeBuilder#shouldUseFunctionLiteralType(com.google.javascript.rhino.jstype.FunctionType,com.google.javascript.rhino.JSDocInfo,com.google.javascript.rhino.Node):844, 3.8505139630366028
com.google.javascript.jscomp.TypedScopeCreator.AbstractScopeBuilder#shouldUseFunctionLiteralType(com.google.javascript.rhino.jstype.FunctionType,com.google.javascript.rhino.JSDocInfo,com.google.javascript.rhino.Node):842, 3.8502889235782414
com.google.javascript.jscomp.TypedScopeCreator.AbstractScopeBuilder#shouldUseFunctionLiteralType(com.google.javascript.rhino.jstype.FunctionType,com.google.javascript.rhino.JSDocInfo,com.google.javascript.rhino.Node):841, 3.8502844652050277
com.google.javascript.jscomp.TypedScopeCreator.AbstractScopeBuilder#shouldUseFunctionLiteralType(com.google.javascript.rhino.jstype.FunctionType,com.google.javascript.rhino.JSDocInfo,com.google.javascript.rhino.Node):846, 3.85008
com.google.javascript.rhino.jstype.JSType#isInstanceType():521, 3.850044379779828
com.google.javascript.rhino.Node#isVarArgs():1914, 3.849324124145232
com.google.javascript.jscomp.TypeValidator#expectNotNullOrUndefined(com.google.javascript.jscomp.NodeTraversal,com.google.javascript.rhino.Node,com.google.javascript.rhino.jstype.JSType,java.lang.String,com.google.javascript.rhino.jstype.JSType):259, 3.849084039146625
com.google.javascript.jscomp.TypeValidator#expectNotNullOrUndefined(com.google.javascript.jscomp.NodeTraversal,com.google.javascript.rhino.Node,com.google.javascript.rhino.jstype.JSType,java.lang.String,com.google.javascript.rhino.jstype.JSType):282, 3.849084039146625
com.google.javascript.jscomp.TypeValidator#expectNotNullOrUndefined(com.google.javascript.jscomp.NodeTraversal,com.google.javascript.rhino.Node,com.google.javascript.rhino.jstype.JSType,java.lang.String,com.google.javascript.rhino.jstype.JSType):274, 3.84888
com.google.javascript.jscomp.TypeValidator#expectNotNullOrUndefined(com.google.javascript.jscomp.NodeTraversal,com.google.javascript.rhino.Node,com.google.javascript.rhino.jstype.JSType,java.lang.String,com.google.javascript.rhino.jstype.JSType):276, 3.84888
com.google.javascript.jscomp.TypeValidator#expectNotNullOrUndefined(com.google.javascript.jscomp.NodeTraversal,com.google.javascript.rhino.Node,com.google.javascript.rhino.jstype.JSType,java.lang.String,com.google.javascript.rhino.jstype.JSType):279, 3.84888
com.google.javascript.jscomp.TypeValidator#expectNotNullOrUndefined(com.google.javascript.jscomp.NodeTraversal,com.google.javascript.rhino.Node,com.google.javascript.rhino.jstype.JSType,java.lang.String,com.google.javascript.rhino.jstype.JSType):280, 3.84888
com.google.javascript.rhino.jstype.ProxyObjectType#getTemplateTypeMap():374, 3.848586636270411
com.google.javascript.rhino.jstype.ObjectType#isPropertyTypeInferred(java.lang.String):461, 3.8484938271137854
com.google.javascript.rhino.jstype.ObjectType#isPropertyTypeInferred(java.lang.String):462, 3.8484938271137854
com.google.javascript.jscomp.Scope.Var#markAssignedExactlyOnce():336, 3.847893615740594
com.google.javascript.jscomp.Scope.Var#markAssignedExactlyOnce():337, 3.847893615740594
com.google.javascript.jscomp.TypeCheck#ensureTyped(com.google.javascript.jscomp.NodeTraversal,com.google.javascript.rhino.Node):2061, 3.84658315302475
com.google.javascript.jscomp.TypeCheck#ensureTyped(com.google.javascript.jscomp.NodeTraversal,com.google.javascript.rhino.Node):2062, 3.84658315302475
com.google.javascript.jscomp.parsing.JsDocInfoParser#parseAnnotation(com.google.javascript.jscomp.parsing.JsDocToken,java.util.List):371, 3.846688153104781
com.google.javascript.jscomp.parsing.JsDocInfoParser#parseAnnotation(com.google.javascript.jscomp.parsing.JsDocToken,java.util.List):380, 3.846688153104781
com.google.javascript.jscomp.parsing.JsDocInfoParser#parseAnnotation(com.google.javascript.jscomp.parsing.JsDocToken,java.util.List):796, 3.846243495078134
com.google.javascript.jscomp.parsing.JsDocInfoParser#parseAnnotation(com.google.javascript.jscomp.parsing.JsDocToken,java.util.List):783, 3.8462405941986697
com.google.javascript.jscomp.parsing.JsDocInfoParser#parseAnnotation(com.google.javascript.jscomp.parsing.JsDocToken,java.util.List):798, 3.8462405941986697
com.google.javascript.jscomp.parsing.JsDocInfoParser#parseAnnotation(com.google.javascript.jscomp.parsing.JsDocToken,java.util.List):821, 3.8462366248500723
com.google.javascript.jscomp.parsing.JsDocInfoParser#parseAnnotation(com.google.javascript.jscomp.parsing.JsDocToken,java.util.List):812, 3.8462365740409123
com.google.javascript.jscomp.parsing.JsDocInfoParser#parseAnnotation(com.google.javascript.jscomp.parsing.JsDocToken,java.util.List):813, 3.8462365740409123
com.google.javascript.jscomp.parsing.JsDocInfoParser#parseAnnotation(com.google.javascript.jscomp.parsing.JsDocToken,java.util.List):818, 3.8462365740409123
com.google.javascript.jscomp.parsing.JsDocInfoParser#parseAnnotation(com.google.javascript.jscomp.parsing.JsDocToken,java.util.List):826, 3.8462365740409123
com.google.javascript.jscomp.parsing.JsDocInfoParser#parseAnnotation(com.google.javascript.jscomp.parsing.JsDocToken,java.util.List):827, 3.8462365740409123
com.google.javascript.jscomp.parsing.JsDocInfoParser#parseAnnotation(com.google.javascript.jscomp.parsing.JsDocToken,java.util.List):981, 3.8462340292512365
com.google.javascript.jscomp.parsing.JsDocInfoParser#parseAnnotation(com.google.javascript.jscomp.parsing.JsDocToken,java.util.List):887, 3.8462339802462555
com.google.javascript.jscomp.parsing.JsDocInfoParser#parseAnnotation(com.google.javascript.jscomp.parsing.JsDocToken,java.util.List):772, 3.8462312414168416
com.google.javascript.jscomp.parsing.JsDocInfoParser#parseAnnotation(com.google.javascript.jscomp.parsing.JsDocToken,java.util.List):773, 3.8462312414168416
com.google.javascript.jscomp.parsing.JsDocInfoParser#parseAnnotation(com.google.javascript.jscomp.parsing.JsDocToken,java.util.List):746, 3.8462252821232
com.google.javascript.jscomp.parsing.JsDocInfoParser#parseAnnotation(com.google.javascript.jscomp.parsing.JsDocToken,java.util.List):669, 3.846221414873628
com.google.javascript.jscomp.parsing.JsDocInfoParser#parseAnnotation(com.google.javascript.jscomp.parsing.JsDocToken,java.util.List):670, 3.846221414873628
com.google.javascript.jscomp.parsing.JsDocInfoParser#parseAnnotation(com.google.javascript.jscomp.parsing.JsDocToken,java.util.List):671, 3.846221414873628
com.google.javascript.jscomp.parsing.JsDocInfoParser#parseAnnotation(com.google.javascript.jscomp.parsing.JsDocToken,java.util.List):672, 3.846221414873628
com.google.javascript.jscomp.parsing.JsDocInfoParser#parseAnnotation(com.google.javascript.jscomp.parsing.JsDocToken,java.util.List):685, 3.8462213740311104
com.google.javascript.jscomp.parsing.JsDocInfoParser#parseAnnotation(com.google.javascript.jscomp.parsing.JsDocToken,java.util.List):687, 3.8462213740311104
com.google.javascript.jscomp.parsing.JsDocInfoParser#parseAnnotation(com.google.javascript.jscomp.parsing.JsDocToken,java.util.List):712, 3.8462213740311104
com.google.javascript.jscomp.parsing.JsDocInfoParser#parseAnnotation(com.google.javascript.jscomp.parsing.JsDocToken,java.util.List):714, 3.8462213740311104
com.google.javascript.jscomp.parsing.JsDocInfoParser#parseAnnotation(com.google.javascript.jscomp.parsing.JsDocToken,java.util.List):730, 3.8462213740311104
com.google.javascript.jscomp.parsing.JsDocInfoParser#parseAnnotation(com.google.javascript.jscomp.parsing.JsDocToken,java.util.List):733, 3.8462213740311104
com.google.javascript.jscomp.parsing.JsDocInfoParser#parseAnnotation(com.google.javascript.jscomp.parsing.JsDocToken,java.util.List):748, 3.8462213740311104
com.google.javascript.jscomp.parsing.JsDocInfoParser#parseAnnotation(com.google.javascript.jscomp.parsing.JsDocToken,java.util.List):661, 3.8462213332134283
com.google.javascript.jscomp.parsing.JsDocInfoParser#parseAnnotation(com.google.javascript.jscomp.parsing.JsDocToken,java.util.List):664, 3.8462213332134283
com.google.javascript.jscomp.parsing.JsDocInfoParser#parseAnnotation(com.google.javascript.jscomp.parsing.JsDocToken,java.util.List):976, 3.8462210888274835
com.google.javascript.jscomp.parsing.JsDocInfoParser#parseAnnotation(com.google.javascript.jscomp.parsing.JsDocToken,java.util.List):675, 3.84622104818295
com.google.javascript.jscomp.parsing.JsDocInfoParser#parseAnnotation(com.google.javascript.jscomp.parsing.JsDocToken,java.util.List):676, 3.84622104818295
com.google.javascript.jscomp.parsing.JsDocInfoParser#parseAnnotation(com.google.javascript.jscomp.parsing.JsDocToken,java.util.List):677, 3.84622104818295
com.google.javascript.jscomp.parsing.JsDocInfoParser#parseAnnotation(com.google.javascript.jscomp.parsing.JsDocToken,java.util.List):681, 3.84622104818295
com.google.javascript.jscomp.parsing.JsDocInfoParser#parseAnnotation(com.google.javascript.jscomp.parsing.JsDocToken,java.util.List):725, 3.84622104818295
com.google.javascript.jscomp.parsing.JsDocInfoParser#parseAnnotation(com.google.javascript.jscomp.parsing.JsDocToken,java.util.List):654, 3.8462209669677647
com.google.javascript.jscomp.parsing.JsDocInfoParser#parseAnnotation(com.google.javascript.jscomp.parsing.JsDocToken,java.util.List):655, 3.8462209669677647
com.google.javascript.jscomp.parsing.JsDocInfoParser#parseAnnotation(com.google.javascript.jscomp.parsing.JsDocToken,java.util.List):656, 3.8462209669677647
com.google.javascript.jscomp.parsing.JsDocInfoParser#parseAnnotation(com.google.javascript.jscomp.parsing.JsDocToken,java.util.List):657, 3.8462209669677647
com.google.javascript.jscomp.parsing.JsDocInfoParser#parseAnnotation(com.google.javascript.jscomp.parsing.JsDocToken,java.util.List):658, 3.8462209669677647
com.google.javascript.jscomp.parsing.JsDocInfoParser#parseAnnotation(com.google.javascript.jscomp.parsing.JsDocToken,java.util.List):660, 3.8462209669677647
com.google.javascript.jscomp.parsing.JsDocInfoParser#parseAnnotation(com.google.javascript.jscomp.parsing.JsDocToken,java.util.List):962, 3.846218614530575
com.google.javascript.jscomp.parsing.JsDocInfoParser#parseAnnotation(com.google.javascript.jscomp.parsing.JsDocToken,java.util.List):978, 3.846218614530575
com.google.javascript.jscomp.parsing.JsDocInfoParser#parseAnnotation(com.google.javascript.jscomp.parsing.JsDocToken,java.util.List):951, 3.846218458017918
com.google.javascript.jscomp.parsing.JsDocInfoParser#parseAnnotation(com.google.javascript.jscomp.parsing.JsDocToken,java.util.List):955, 3.846218458017918
com.google.javascript.jscomp.parsing.JsDocInfoParser#parseAnnotation(com.google.javascript.jscomp.parsing.JsDocToken,java.util.List):905, 3.8462120592555804
com.google.javascript.jscomp.parsing.JsDocInfoParser#parseAnnotation(com.google.javascript.jscomp.parsing.JsDocToken,java.util.List):996, 3.846205887735402
com.google.javascript.jscomp.parsing.JsDocInfoParser#parseAnnotation(com.google.javascript.jscomp.parsing.JsDocToken,java.util.List):882, 3.8462050583025498
com.google.javascript.jscomp.parsing.JsDocInfoParser#parseAnnotation(com.google.javascript.jscomp.parsing.JsDocToken,java.util.List):883, 3.8462050583025498
com.google.javascript.jscomp.parsing.JsDocInfoParser#parseAnnotation(com.google.javascript.jscomp.parsing.JsDocToken,java.util.List):884, 3.8462050583025498
com.google.javascript.jscomp.parsing.JsDocInfoParser#parseAnnotation(com.google.javascript.jscomp.parsing.JsDocToken,java.util.List):886, 3.8462050583025498
com.google.javascript.jscomp.parsing.JsDocInfoParser#parseAnnotation(com.google.javascript.jscomp.parsing.JsDocToken,java.util.List):889, 3.8462050583025498
com.google.javascript.jscomp.parsing.JsDocInfoParser#parseAnnotation(com.google.javascript.jscomp.parsing.JsDocToken,java.util.List):340, 3.8462016681048783
com.google.javascript.jscomp.parsing.JsDocInfoParser#parseAnnotation(com.google.javascript.jscomp.parsing.JsDocToken,java.util.List):349, 3.8462016681048783
com.google.javascript.jscomp.parsing.JsDocInfoParser#parseAnnotation(com.google.javascript.jscomp.parsing.JsDocToken,java.util.List):903, 3.846201548310533
com.google.javascript.jscomp.parsing.JsDocInfoParser#parseAnnotation(com.google.javascript.jscomp.parsing.JsDocToken,java.util.List):911, 3.846201548310533
com.google.javascript.jscomp.parsing.JsDocInfoParser#parseAnnotation(com.google.javascript.jscomp.parsing.JsDocToken,java.util.List):867, 3.846200923255063
com.google.javascript.jscomp.parsing.JsDocInfoParser#parseAnnotation(com.google.javascript.jscomp.parsing.JsDocToken,java.util.List):868, 3.846200923255063
com.google.javascript.jscomp.parsing.JsDocInfoParser#parseAnnotation(com.google.javascript.jscomp.parsing.JsDocToken,java.util.List):870, 3.846200923255063
com.google.javascript.jscomp.parsing.JsDocInfoParser#parseAnnotation(com.google.javascript.jscomp.parsing.JsDocToken,java.util.List):871, 3.846200923255063
com.google.javascript.jscomp.parsing.JsDocInfoParser#parseAnnotation(com.google.javascript.jscomp.parsing.JsDocToken,java.util.List):872, 3.846200923255063
com.google.javascript.jscomp.parsing.JsDocInfoParser#parseAnnotation(com.google.javascript.jscomp.parsing.JsDocToken,java.util.List):877, 3.846200923255063
com.google.javascript.jscomp.parsing.JsDocInfoParser#parseAnnotation(com.google.javascript.jscomp.parsing.JsDocToken,java.util.List):880, 3.846200923255063
com.google.javascript.jscomp.parsing.JsDocInfoParser#parseAnnotation(com.google.javascript.jscomp.parsing.JsDocToken,java.util.List):881, 3.846200923255063
com.google.javascript.jscomp.parsing.JsDocInfoParser#parseAnnotation(com.google.javascript.jscomp.parsing.JsDocToken,java.util.List):894, 3.846200923255063
com.google.javascript.jscomp.parsing.JsDocInfoParser#parseAnnotation(com.google.javascript.jscomp.parsing.JsDocToken,java.util.List):895, 3.846200923255063
com.google.javascript.jscomp.parsing.JsDocInfoParser#parseAnnotation(com.google.javascript.jscomp.parsing.JsDocToken,java.util.List):287, 3.84617727081209
com.google.javascript.jscomp.parsing.JsDocInfoParser#parseAnnotation(com.google.javascript.jscomp.parsing.JsDocToken,java.util.List):289, 3.84617727081209
com.google.javascript.jscomp.parsing.JsDocInfoParser#parseAnnotation(com.google.javascript.jscomp.parsing.JsDocToken,java.util.List):277, 3.8461772319269834
com.google.javascript.jscomp.parsing.JsDocInfoParser#parseAnnotation(com.google.javascript.jscomp.parsing.JsDocToken,java.util.List):278, 3.8461772319269834
com.google.javascript.jscomp.parsing.JsDocInfoParser#parseAnnotation(com.google.javascript.jscomp.parsing.JsDocToken,java.util.List):280, 3.8461772319269834
com.google.javascript.jscomp.parsing.JsDocInfoParser#parseAnnotation(com.google.javascript.jscomp.parsing.JsDocToken,java.util.List):281, 3.8461772319269834
com.google.javascript.jscomp.parsing.JsDocInfoParser#parseAnnotation(com.google.javascript.jscomp.parsing.JsDocToken,java.util.List):282, 3.8461772319269834
com.google.javascript.jscomp.parsing.JsDocInfoParser#parseAnnotation(com.google.javascript.jscomp.parsing.JsDocToken,java.util.List):283, 3.84602
com.google.javascript.jscomp.parsing.JsDocInfoParser#parseAnnotation(com.google.javascript.jscomp.parsing.JsDocToken,java.util.List):291, 3.84602
com.google.javascript.jscomp.parsing.JsDocInfoParser#parseAnnotation(com.google.javascript.jscomp.parsing.JsDocToken,java.util.List):292, 3.84602
com.google.javascript.jscomp.parsing.JsDocInfoParser#parseAnnotation(com.google.javascript.jscomp.parsing.JsDocToken,java.util.List):295, 3.84602
com.google.javascript.jscomp.parsing.JsDocInfoParser#parseAnnotation(com.google.javascript.jscomp.parsing.JsDocToken,java.util.List):297, 3.84602
com.google.javascript.jscomp.parsing.JsDocInfoParser#parseAnnotation(com.google.javascript.jscomp.parsing.JsDocToken,java.util.List):300, 3.84602
com.google.javascript.jscomp.parsing.JsDocInfoParser#parseAnnotation(com.google.javascript.jscomp.parsing.JsDocToken,java.util.List):301, 3.84602
com.google.javascript.jscomp.parsing.JsDocInfoParser#parseAnnotation(com.google.javascript.jscomp.parsing.JsDocToken,java.util.List):302, 3.84602
com.google.javascript.jscomp.parsing.JsDocInfoParser#parseAnnotation(com.google.javascript.jscomp.parsing.JsDocToken,java.util.List):304, 3.84602
com.google.javascript.jscomp.parsing.JsDocInfoParser#parseAnnotation(com.google.javascript.jscomp.parsing.JsDocToken,java.util.List):305, 3.84602
com.google.javascript.jscomp.parsing.JsDocInfoParser#parseAnnotation(com.google.javascript.jscomp.parsing.JsDocToken,java.util.List):308, 3.84602
com.google.javascript.jscomp.parsing.JsDocInfoParser#parseAnnotation(com.google.javascript.jscomp.parsing.JsDocToken,java.util.List):310, 3.84602
com.google.javascript.jscomp.parsing.JsDocInfoParser#parseAnnotation(com.google.javascript.jscomp.parsing.JsDocToken,java.util.List):311, 3.84602
com.google.javascript.jscomp.parsing.JsDocInfoParser#parseAnnotation(com.google.javascript.jscomp.parsing.JsDocToken,java.util.List):312, 3.84602
com.google.javascript.jscomp.parsing.JsDocInfoParser#parseAnnotation(com.google.javascript.jscomp.parsing.JsDocToken,java.util.List):314, 3.84602
com.google.javascript.jscomp.parsing.JsDocInfoParser#parseAnnotation(com.google.javascript.jscomp.parsing.JsDocToken,java.util.List):317, 3.84602
com.google.javascript.jscomp.parsing.JsDocInfoParser#parseAnnotation(com.google.javascript.jscomp.parsing.JsDocToken,java.util.List):318, 3.84602
com.google.javascript.jscomp.parsing.JsDocInfoParser#parseAnnotation(com.google.javascript.jscomp.parsing.JsDocToken,java.util.List):321, 3.84602
com.google.javascript.jscomp.parsing.JsDocInfoParser#parseAnnotation(com.google.javascript.jscomp.parsing.JsDocToken,java.util.List):324, 3.84602
com.google.javascript.jscomp.parsing.JsDocInfoParser#parseAnnotation(com.google.javascript.jscomp.parsing.JsDocToken,java.util.List):325, 3.84602
com.google.javascript.jscomp.parsing.JsDocInfoParser#parseAnnotation(com.google.javascript.jscomp.parsing.JsDocToken,java.util.List):329, 3.84602
com.google.javascript.jscomp.parsing.JsDocInfoParser#parseAnnotation(com.google.javascript.jscomp.parsing.JsDocToken,java.util.List):332, 3.84602
com.google.javascript.jscomp.parsing.JsDocInfoParser#parseAnnotation(com.google.javascript.jscomp.parsing.JsDocToken,java.util.List):333, 3.84602
com.google.javascript.jscomp.parsing.JsDocInfoParser#parseAnnotation(com.google.javascript.jscomp.parsing.JsDocToken,java.util.List):337, 3.84602
com.google.javascript.jscomp.parsing.JsDocInfoParser#parseAnnotation(com.google.javascript.jscomp.parsing.JsDocToken,java.util.List):341, 3.84602
com.google.javascript.jscomp.parsing.JsDocInfoParser#parseAnnotation(com.google.javascript.jscomp.parsing.JsDocToken,java.util.List):342, 3.84602
com.google.javascript.jscomp.parsing.JsDocInfoParser#parseAnnotation(com.google.javascript.jscomp.parsing.JsDocToken,java.util.List):345, 3.84602
com.google.javascript.jscomp.parsing.JsDocInfoParser#parseAnnotation(com.google.javascript.jscomp.parsing.JsDocToken,java.util.List):352, 3.84602
com.google.javascript.jscomp.parsing.JsDocInfoParser#parseAnnotation(com.google.javascript.jscomp.parsing.JsDocToken,java.util.List):353, 3.84602
com.google.javascript.jscomp.parsing.JsDocInfoParser#parseAnnotation(com.google.javascript.jscomp.parsing.JsDocToken,java.util.List):358, 3.84602
com.google.javascript.jscomp.parsing.JsDocInfoParser#parseAnnotation(com.google.javascript.jscomp.parsing.JsDocToken,java.util.List):361, 3.84602
com.google.javascript.jscomp.parsing.JsDocInfoParser#parseAnnotation(com.google.javascript.jscomp.parsing.JsDocToken,java.util.List):363, 3.84602
com.google.javascript.jscomp.parsing.JsDocInfoParser#parseAnnotation(com.google.javascript.jscomp.parsing.JsDocToken,java.util.List):364, 3.84602
com.google.javascript.jscomp.parsing.JsDocInfoParser#parseAnnotation(com.google.javascript.jscomp.parsing.JsDocToken,java.util.List):367, 3.84602
com.google.javascript.jscomp.parsing.JsDocInfoParser#parseAnnotation(com.google.javascript.jscomp.parsing.JsDocToken,java.util.List):368, 3.84602
com.google.javascript.jscomp.parsing.JsDocInfoParser#parseAnnotation(com.google.javascript.jscomp.parsing.JsDocToken,java.util.List):372, 3.84602
com.google.javascript.jscomp.parsing.JsDocInfoParser#parseAnnotation(com.google.javascript.jscomp.parsing.JsDocToken,java.util.List):373, 3.84602
com.google.javascript.jscomp.parsing.JsDocInfoParser#parseAnnotation(com.google.javascript.jscomp.parsing.JsDocToken,java.util.List):376, 3.84602
com.google.javascript.jscomp.parsing.JsDocInfoParser#parseAnnotation(com.google.javascript.jscomp.parsing.JsDocToken,java.util.List):383, 3.84602
com.google.javascript.jscomp.parsing.JsDocInfoParser#parseAnnotation(com.google.javascript.jscomp.parsing.JsDocToken,java.util.List):384, 3.84602
com.google.javascript.jscomp.parsing.JsDocInfoParser#parseAnnotation(com.google.javascript.jscomp.parsing.JsDocToken,java.util.List):386, 3.84602
com.google.javascript.jscomp.parsing.JsDocInfoParser#parseAnnotation(com.google.javascript.jscomp.parsing.JsDocToken,java.util.List):388, 3.84602
com.google.javascript.jscomp.parsing.JsDocInfoParser#parseAnnotation(com.google.javascript.jscomp.parsing.JsDocToken,java.util.List):391, 3.84602
com.google.javascript.jscomp.parsing.JsDocInfoParser#parseAnnotation(com.google.javascript.jscomp.parsing.JsDocToken,java.util.List):393, 3.84602
com.google.javascript.jscomp.parsing.JsDocInfoParser#parseAnnotation(com.google.javascript.jscomp.parsing.JsDocToken,java.util.List):394, 3.84602
com.google.javascript.jscomp.parsing.JsDocInfoParser#parseAnnotation(com.google.javascript.jscomp.parsing.JsDocToken,java.util.List):395, 3.84602
com.google.javascript.jscomp.parsing.JsDocInfoParser#parseAnnotation(com.google.javascript.jscomp.parsing.JsDocToken,java.util.List):399, 3.84602
com.google.javascript.jscomp.parsing.JsDocInfoParser#parseAnnotation(com.google.javascript.jscomp.parsing.JsDocToken,java.util.List):400, 3.84602
com.google.javascript.jscomp.parsing.JsDocInfoParser#parseAnnotation(com.google.javascript.jscomp.parsing.JsDocToken,java.util.List):401, 3.84602
com.google.javascript.jscomp.parsing.JsDocInfoParser#parseAnnotation(com.google.javascript.jscomp.parsing.JsDocToken,java.util.List):405, 3.84602
com.google.javascript.jscomp.parsing.JsDocInfoParser#parseAnnotation(com.google.javascript.jscomp.parsing.JsDocToken,java.util.List):407, 3.84602
com.google.javascript.jscomp.parsing.JsDocInfoParser#parseAnnotation(com.google.javascript.jscomp.parsing.JsDocToken,java.util.List):408, 3.84602
com.google.javascript.jscomp.parsing.JsDocInfoParser#parseAnnotation(com.google.javascript.jscomp.parsing.JsDocToken,java.util.List):409, 3.84602
com.google.javascript.jscomp.parsing.JsDocInfoParser#parseAnnotation(com.google.javascript.jscomp.parsing.JsDocToken,java.util.List):412, 3.84602
com.google.javascript.jscomp.parsing.JsDocInfoParser#parseAnnotation(com.google.javascript.jscomp.parsing.JsDocToken,java.util.List):413, 3.84602
com.google.javascript.jscomp.parsing.JsDocInfoParser#parseAnnotation(com.google.javascript.jscomp.parsing.JsDocToken,java.util.List):416, 3.84602
com.google.javascript.jscomp.parsing.JsDocInfoParser#parseAnnotation(com.google.javascript.jscomp.parsing.JsDocToken,java.util.List):420, 3.84602
com.google.javascript.jscomp.parsing.JsDocInfoParser#parseAnnotation(com.google.javascript.jscomp.parsing.JsDocToken,java.util.List):424, 3.84602
com.google.javascript.jscomp.parsing.JsDocInfoParser#parseAnnotation(com.google.javascript.jscomp.parsing.JsDocToken,java.util.List):426, 3.84602
com.google.javascript.jscomp.parsing.JsDocInfoParser#parseAnnotation(com.google.javascript.jscomp.parsing.JsDocToken,java.util.List):427, 3.84602
com.google.javascript.jscomp.parsing.JsDocInfoParser#parseAnnotation(com.google.javascript.jscomp.parsing.JsDocToken,java.util.List):428, 3.84602
com.google.javascript.jscomp.parsing.JsDocInfoParser#parseAnnotation(com.google.javascript.jscomp.parsing.JsDocToken,java.util.List):432, 3.84602
com.google.javascript.jscomp.parsing.JsDocInfoParser#parseAnnotation(com.google.javascript.jscomp.parsing.JsDocToken,java.util.List):433, 3.84602
com.google.javascript.jscomp.parsing.JsDocInfoParser#parseAnnotation(com.google.javascript.jscomp.parsing.JsDocToken,java.util.List):436, 3.84602
com.google.javascript.jscomp.parsing.JsDocInfoParser#parseAnnotation(com.google.javascript.jscomp.parsing.JsDocToken,java.util.List):437, 3.84602
com.google.javascript.jscomp.parsing.JsDocInfoParser#parseAnnotation(com.google.javascript.jscomp.parsing.JsDocToken,java.util.List):438, 3.84602
com.google.javascript.jscomp.parsing.JsDocInfoParser#parseAnnotation(com.google.javascript.jscomp.parsing.JsDocToken,java.util.List):440, 3.84602
com.google.javascript.jscomp.parsing.JsDocInfoParser#parseAnnotation(com.google.javascript.jscomp.parsing.JsDocToken,java.util.List):441, 3.84602
com.google.javascript.jscomp.parsing.JsDocInfoParser#parseAnnotation(com.google.javascript.jscomp.parsing.JsDocToken,java.util.List):442, 3.84602
com.google.javascript.jscomp.parsing.JsDocInfoParser#parseAnnotation(com.google.javascript.jscomp.parsing.JsDocToken,java.util.List):446, 3.84602
com.google.javascript.jscomp.parsing.JsDocInfoParser#parseAnnotation(com.google.javascript.jscomp.parsing.JsDocToken,java.util.List):447, 3.84602
com.google.javascript.jscomp.parsing.JsDocInfoParser#parseAnnotation(com.google.javascript.jscomp.parsing.JsDocToken,java.util.List):449, 3.84602
com.google.javascript.jscomp.parsing.JsDocInfoParser#parseAnnotation(com.google.javascript.jscomp.parsing.JsDocToken,java.util.List):450, 3.84602
com.google.javascript.jscomp.parsing.JsDocInfoParser#parseAnnotation(com.google.javascript.jscomp.parsing.JsDocToken,java.util.List):453, 3.84602
com.google.javascript.jscomp.parsing.JsDocInfoParser#parseAnnotation(com.google.javascript.jscomp.parsing.JsDocToken,java.util.List):454, 3.84602
com.google.javascript.jscomp.parsing.JsDocInfoParser#parseAnnotation(com.google.javascript.jscomp.parsing.JsDocToken,java.util.List):457, 3.84602
com.google.javascript.jscomp.parsing.JsDocInfoParser#parseAnnotation(com.google.javascript.jscomp.parsing.JsDocToken,java.util.List):458, 3.84602
com.google.javascript.jscomp.parsing.JsDocInfoParser#parseAnnotation(com.google.javascript.jscomp.parsing.JsDocToken,java.util.List):461, 3.84602
com.google.javascript.jscomp.parsing.JsDocInfoParser#parseAnnotation(com.google.javascript.jscomp.parsing.JsDocToken,java.util.List):464, 3.84602
com.google.javascript.jscomp.parsing.JsDocInfoParser#parseAnnotation(com.google.javascript.jscomp.parsing.JsDocToken,java.util.List):465, 3.84602
com.google.javascript.jscomp.parsing.JsDocInfoParser#parseAnnotation(com.google.javascript.jscomp.parsing.JsDocToken,java.util.List):468, 3.84602
com.google.javascript.jscomp.parsing.JsDocInfoParser#parseAnnotation(com.google.javascript.jscomp.parsing.JsDocToken,java.util.List):471, 3.84602
com.google.javascript.jscomp.parsing.JsDocInfoParser#parseAnnotation(com.google.javascript.jscomp.parsing.JsDocToken,java.util.List):472, 3.84602
com.google.javascript.jscomp.parsing.JsDocInfoParser#parseAnnotation(com.google.javascript.jscomp.parsing.JsDocToken,java.util.List):475, 3.84602
com.google.javascript.jscomp.parsing.JsDocInfoParser#parseAnnotation(com.google.javascript.jscomp.parsing.JsDocToken,java.util.List):478, 3.84602
com.google.javascript.jscomp.parsing.JsDocInfoParser#parseAnnotation(com.google.javascript.jscomp.parsing.JsDocToken,java.util.List):479, 3.84602
com.google.javascript.jscomp.parsing.JsDocInfoParser#parseAnnotation(com.google.javascript.jscomp.parsing.JsDocToken,java.util.List):482, 3.84602
com.google.javascript.jscomp.parsing.JsDocInfoParser#parseAnnotation(com.google.javascript.jscomp.parsing.JsDocToken,java.util.List):486, 3.84602
com.google.javascript.jscomp.parsing.JsDocInfoParser#parseAnnotation(com.google.javascript.jscomp.parsing.JsDocToken,java.util.List):487, 3.84602
com.google.javascript.jscomp.parsing.JsDocInfoParser#parseAnnotation(com.google.javascript.jscomp.parsing.JsDocToken,java.util.List):488, 3.84602
com.google.javascript.jscomp.parsing.JsDocInfoParser#parseAnnotation(com.google.javascript.jscomp.parsing.JsDocToken,java.util.List):489, 3.84602
com.google.javascript.jscomp.parsing.JsDocInfoParser#parseAnnotation(com.google.javascript.jscomp.parsing.JsDocToken,java.util.List):490, 3.84602
com.google.javascript.jscomp.parsing.JsDocInfoParser#parseAnnotation(com.google.javascript.jscomp.parsing.JsDocToken,java.util.List):492, 3.84602
com.google.javascript.jscomp.parsing.JsDocInfoParser#parseAnnotation(com.google.javascript.jscomp.parsing.JsDocToken,java.util.List):493, 3.84602
com.google.javascript.jscomp.parsing.JsDocInfoParser#parseAnnotation(com.google.javascript.jscomp.parsing.JsDocToken,java.util.List):494, 3.84602
com.google.javascript.jscomp.parsing.JsDocInfoParser#parseAnnotation(com.google.javascript.jscomp.parsing.JsDocToken,java.util.List):497, 3.84602
com.google.javascript.jscomp.parsing.JsDocInfoParser#parseAnnotation(com.google.javascript.jscomp.parsing.JsDocToken,java.util.List):498, 3.84602
com.google.javascript.jscomp.parsing.JsDocInfoParser#parseAnnotation(com.google.javascript.jscomp.parsing.JsDocToken,java.util.List):501, 3.84602
com.google.javascript.jscomp.parsing.JsDocInfoParser#parseAnnotation(com.google.javascript.jscomp.parsing.JsDocToken,java.util.List):502, 3.84602
com.google.javascript.jscomp.parsing.JsDocInfoParser#parseAnnotation(com.google.javascript.jscomp.parsing.JsDocToken,java.util.List):504, 3.84602
com.google.javascript.jscomp.parsing.JsDocInfoParser#parseAnnotation(com.google.javascript.jscomp.parsing.JsDocToken,java.util.List):505, 3.84602
com.google.javascript.jscomp.parsing.JsDocInfoParser#parseAnnotation(com.google.javascript.jscomp.parsing.JsDocToken,java.util.List):507, 3.84602
com.google.javascript.jscomp.parsing.JsDocInfoParser#parseAnnotation(com.google.javascript.jscomp.parsing.JsDocToken,java.util.List):509, 3.84602
com.google.javascript.jscomp.parsing.JsDocInfoParser#parseAnnotation(com.google.javascript.jscomp.parsing.JsDocToken,java.util.List):512, 3.84602
com.google.javascript.jscomp.parsing.JsDocInfoParser#parseAnnotation(com.google.javascript.jscomp.parsing.JsDocToken,java.util.List):514, 3.84602
com.google.javascript.jscomp.parsing.JsDocInfoParser#parseAnnotation(com.google.javascript.jscomp.parsing.JsDocToken,java.util.List):515, 3.84602
com.google.javascript.jscomp.parsing.JsDocInfoParser#parseAnnotation(com.google.javascript.jscomp.parsing.JsDocToken,java.util.List):519, 3.84602
com.google.javascript.jscomp.parsing.JsDocInfoParser#parseAnnotation(com.google.javascript.jscomp.parsing.JsDocToken,java.util.List):520, 3.84602
com.google.javascript.jscomp.parsing.JsDocInfoParser#parseAnnotation(com.google.javascript.jscomp.parsing.JsDocToken,java.util.List):521, 3.84602
com.google.javascript.jscomp.parsing.JsDocInfoParser#parseAnnotation(com.google.javascript.jscomp.parsing.JsDocToken,java.util.List):522, 3.84602
com.google.javascript.jscomp.parsing.JsDocInfoParser#parseAnnotation(com.google.javascript.jscomp.parsing.JsDocToken,java.util.List):525, 3.84602
com.google.javascript.jscomp.parsing.JsDocInfoParser#parseAnnotation(com.google.javascript.jscomp.parsing.JsDocToken,java.util.List):527, 3.84602
com.google.javascript.jscomp.parsing.JsDocInfoParser#parseAnnotation(com.google.javascript.jscomp.parsing.JsDocToken,java.util.List):530, 3.84602
com.google.javascript.jscomp.parsing.JsDocInfoParser#parseAnnotation(com.google.javascript.jscomp.parsing.JsDocToken,java.util.List):531, 3.84602
com.google.javascript.jscomp.parsing.JsDocInfoParser#parseAnnotation(com.google.javascript.jscomp.parsing.JsDocToken,java.util.List):533, 3.84602
com.google.javascript.jscomp.parsing.JsDocInfoParser#parseAnnotation(com.google.javascript.jscomp.parsing.JsDocToken,java.util.List):534, 3.84602
com.google.javascript.jscomp.parsing.JsDocInfoParser#parseAnnotation(com.google.javascript.jscomp.parsing.JsDocToken,java.util.List):537, 3.84602
com.google.javascript.jscomp.parsing.JsDocInfoParser#parseAnnotation(com.google.javascript.jscomp.parsing.JsDocToken,java.util.List):538, 3.84602
com.google.javascript.jscomp.parsing.JsDocInfoParser#parseAnnotation(com.google.javascript.jscomp.parsing.JsDocToken,java.util.List):541, 3.84602
com.google.javascript.jscomp.parsing.JsDocInfoParser#parseAnnotation(com.google.javascript.jscomp.parsing.JsDocToken,java.util.List):544, 3.84602
com.google.javascript.jscomp.parsing.JsDocInfoParser#parseAnnotation(com.google.javascript.jscomp.parsing.JsDocToken,java.util.List):546, 3.84602
com.google.javascript.jscomp.parsing.JsDocInfoParser#parseAnnotation(com.google.javascript.jscomp.parsing.JsDocToken,java.util.List):547, 3.84602
com.google.javascript.jscomp.parsing.JsDocInfoParser#parseAnnotation(com.google.javascript.jscomp.parsing.JsDocToken,java.util.List):548, 3.84602
com.google.javascript.jscomp.parsing.JsDocInfoParser#parseAnnotation(com.google.javascript.jscomp.parsing.JsDocToken,java.util.List):549, 3.84602
com.google.javascript.jscomp.parsing.JsDocInfoParser#parseAnnotation(com.google.javascript.jscomp.parsing.JsDocToken,java.util.List):552, 3.84602
com.google.javascript.jscomp.parsing.JsDocInfoParser#parseAnnotation(com.google.javascript.jscomp.parsing.JsDocToken,java.util.List):553, 3.84602
com.google.javascript.jscomp.parsing.JsDocInfoParser#parseAnnotation(com.google.javascript.jscomp.parsing.JsDocToken,java.util.List):554, 3.84602
com.google.javascript.jscomp.parsing.JsDocInfoParser#parseAnnotation(com.google.javascript.jscomp.parsing.JsDocToken,java.util.List):555, 3.84602
com.google.javascript.jscomp.parsing.JsDocInfoParser#parseAnnotation(com.google.javascript.jscomp.parsing.JsDocToken,java.util.List):559, 3.84602
com.google.javascript.jscomp.parsing.JsDocInfoParser#parseAnnotation(com.google.javascript.jscomp.parsing.JsDocToken,java.util.List):563, 3.84602
com.google.javascript.jscomp.parsing.JsDocInfoParser#parseAnnotation(com.google.javascript.jscomp.parsing.JsDocToken,java.util.List):564, 3.84602
com.google.javascript.jscomp.parsing.JsDocInfoParser#parseAnnotation(com.google.javascript.jscomp.parsing.JsDocToken,java.util.List):567, 3.84602
com.google.javascript.jscomp.parsing.JsDocInfoParser#parseAnnotation(com.google.javascript.jscomp.parsing.JsDocToken,java.util.List):570, 3.84602
com.google.javascript.jscomp.parsing.JsDocInfoParser#parseAnnotation(com.google.javascript.jscomp.parsing.JsDocToken,java.util.List):572, 3.84602
com.google.javascript.jscomp.parsing.JsDocInfoParser#parseAnnotation(com.google.javascript.jscomp.parsing.JsDocToken,java.util.List):573, 3.84602
com.google.javascript.jscomp.parsing.JsDocInfoParser#parseAnnotation(com.google.javascript.jscomp.parsing.JsDocToken,java.util.List):574, 3.84602
com.google.javascript.jscomp.parsing.JsDocInfoParser#parseAnnotation(com.google.javascript.jscomp.parsing.JsDocToken,java.util.List):575, 3.84602
com.google.javascript.jscomp.parsing.JsDocInfoParser#parseAnnotation(com.google.javascript.jscomp.parsing.JsDocToken,java.util.List):578, 3.84602
com.google.javascript.jscomp.parsing.JsDocInfoParser#parseAnnotation(com.google.javascript.jscomp.parsing.JsDocToken,java.util.List):581, 3.84602
com.google.javascript.jscomp.parsing.JsDocInfoParser#parseAnnotation(com.google.javascript.jscomp.parsing.JsDocToken,java.util.List):582, 3.84602
com.google.javascript.jscomp.parsing.JsDocInfoParser#parseAnnotation(com.google.javascript.jscomp.parsing.JsDocToken,java.util.List):585, 3.84602
com.google.javascript.jscomp.parsing.JsDocInfoParser#parseAnnotation(com.google.javascript.jscomp.parsing.JsDocToken,java.util.List):588, 3.84602
com.google.javascript.jscomp.parsing.JsDocInfoParser#parseAnnotation(com.google.javascript.jscomp.parsing.JsDocToken,java.util.List):589, 3.84602
com.google.javascript.jscomp.parsing.JsDocInfoParser#parseAnnotation(com.google.javascript.jscomp.parsing.JsDocToken,java.util.List):592, 3.84602
com.google.javascript.jscomp.parsing.JsDocInfoParser#parseAnnotation(com.google.javascript.jscomp.parsing.JsDocToken,java.util.List):595, 3.84602
com.google.javascript.jscomp.parsing.JsDocInfoParser#parseAnnotation(com.google.javascript.jscomp.parsing.JsDocToken,java.util.List):596, 3.84602
com.google.javascript.jscomp.parsing.JsDocInfoParser#parseAnnotation(com.google.javascript.jscomp.parsing.JsDocToken,java.util.List):599, 3.84602
com.google.javascript.jscomp.parsing.JsDocInfoParser#parseAnnotation(com.google.javascript.jscomp.parsing.JsDocToken,java.util.List):602, 3.84602
com.google.javascript.jscomp.parsing.JsDocInfoParser#parseAnnotation(com.google.javascript.jscomp.parsing.JsDocToken,java.util.List):606, 3.84602
com.google.javascript.jscomp.parsing.JsDocInfoParser#parseAnnotation(com.google.javascript.jscomp.parsing.JsDocToken,java.util.List):607, 3.84602
com.google.javascript.jscomp.parsing.JsDocInfoParser#parseAnnotation(com.google.javascript.jscomp.parsing.JsDocToken,java.util.List):610, 3.84602
com.google.javascript.jscomp.parsing.JsDocInfoParser#parseAnnotation(com.google.javascript.jscomp.parsing.JsDocToken,java.util.List):613, 3.84602
com.google.javascript.jscomp.parsing.JsDocInfoParser#parseAnnotation(com.google.javascript.jscomp.parsing.JsDocToken,java.util.List):614, 3.84602
com.google.javascript.jscomp.parsing.JsDocInfoParser#parseAnnotation(com.google.javascript.jscomp.parsing.JsDocToken,java.util.List):615, 3.84602
com.google.javascript.jscomp.parsing.JsDocInfoParser#parseAnnotation(com.google.javascript.jscomp.parsing.JsDocToken,java.util.List):616, 3.84602
com.google.javascript.jscomp.parsing.JsDocInfoParser#parseAnnotation(com.google.javascript.jscomp.parsing.JsDocToken,java.util.List):617, 3.84602
com.google.javascript.jscomp.parsing.JsDocInfoParser#parseAnnotation(com.google.javascript.jscomp.parsing.JsDocToken,java.util.List):619, 3.84602
com.google.javascript.jscomp.parsing.JsDocInfoParser#parseAnnotation(com.google.javascript.jscomp.parsing.JsDocToken,java.util.List):620, 3.84602
com.google.javascript.jscomp.parsing.JsDocInfoParser#parseAnnotation(com.google.javascript.jscomp.parsing.JsDocToken,java.util.List):623, 3.84602
com.google.javascript.jscomp.parsing.JsDocInfoParser#parseAnnotation(com.google.javascript.jscomp.parsing.JsDocToken,java.util.List):626, 3.84602
com.google.javascript.jscomp.parsing.JsDocInfoParser#parseAnnotation(com.google.javascript.jscomp.parsing.JsDocToken,java.util.List):631, 3.84602
com.google.javascript.jscomp.parsing.JsDocInfoParser#parseAnnotation(com.google.javascript.jscomp.parsing.JsDocToken,java.util.List):634, 3.84602
com.google.javascript.jscomp.parsing.JsDocInfoParser#parseAnnotation(com.google.javascript.jscomp.parsing.JsDocToken,java.util.List):637, 3.84602
com.google.javascript.jscomp.parsing.JsDocInfoParser#parseAnnotation(com.google.javascript.jscomp.parsing.JsDocToken,java.util.List):638, 3.84602
com.google.javascript.jscomp.parsing.JsDocInfoParser#parseAnnotation(com.google.javascript.jscomp.parsing.JsDocToken,java.util.List):641, 3.84602
com.google.javascript.jscomp.parsing.JsDocInfoParser#parseAnnotation(com.google.javascript.jscomp.parsing.JsDocToken,java.util.List):643, 3.84602
com.google.javascript.jscomp.parsing.JsDocInfoParser#parseAnnotation(com.google.javascript.jscomp.parsing.JsDocToken,java.util.List):644, 3.84602
com.google.javascript.jscomp.parsing.JsDocInfoParser#parseAnnotation(com.google.javascript.jscomp.parsing.JsDocToken,java.util.List):647, 3.84602
com.google.javascript.jscomp.parsing.JsDocInfoParser#parseAnnotation(com.google.javascript.jscomp.parsing.JsDocToken,java.util.List):648, 3.84602
com.google.javascript.jscomp.parsing.JsDocInfoParser#parseAnnotation(com.google.javascript.jscomp.parsing.JsDocToken,java.util.List):649, 3.84602
com.google.javascript.jscomp.parsing.JsDocInfoParser#parseAnnotation(com.google.javascript.jscomp.parsing.JsDocToken,java.util.List):651, 3.84602
com.google.javascript.jscomp.parsing.JsDocInfoParser#parseAnnotation(com.google.javascript.jscomp.parsing.JsDocToken,java.util.List):667, 3.84602
com.google.javascript.jscomp.parsing.JsDocInfoParser#parseAnnotation(com.google.javascript.jscomp.parsing.JsDocToken,java.util.List):678, 3.84602
com.google.javascript.jscomp.parsing.JsDocInfoParser#parseAnnotation(com.google.javascript.jscomp.parsing.JsDocToken,java.util.List):682, 3.84602
com.google.javascript.jscomp.parsing.JsDocInfoParser#parseAnnotation(com.google.javascript.jscomp.parsing.JsDocToken,java.util.List):688, 3.84602
com.google.javascript.jscomp.parsing.JsDocInfoParser#parseAnnotation(com.google.javascript.jscomp.parsing.JsDocToken,java.util.List):693, 3.84602
com.google.javascript.jscomp.parsing.JsDocInfoParser#parseAnnotation(com.google.javascript.jscomp.parsing.JsDocToken,java.util.List):694, 3.84602
com.google.javascript.jscomp.parsing.JsDocInfoParser#parseAnnotation(com.google.javascript.jscomp.parsing.JsDocToken,java.util.List):695, 3.84602
com.google.javascript.jscomp.parsing.JsDocInfoParser#parseAnnotation(com.google.javascript.jscomp.parsing.JsDocToken,java.util.List):696, 3.84602
com.google.javascript.jscomp.parsing.JsDocInfoParser#parseAnnotation(com.google.javascript.jscomp.parsing.JsDocToken,java.util.List):700, 3.84602
com.google.javascript.jscomp.parsing.JsDocInfoParser#parseAnnotation(com.google.javascript.jscomp.parsing.JsDocToken,java.util.List):701, 3.84602
com.google.javascript.jscomp.parsing.JsDocInfoParser#parseAnnotation(com.google.javascript.jscomp.parsing.JsDocToken,java.util.List):702, 3.84602
com.google.javascript.jscomp.parsing.JsDocInfoParser#parseAnnotation(com.google.javascript.jscomp.parsing.JsDocToken,java.util.List):705, 3.84602
com.google.javascript.jscomp.parsing.JsDocInfoParser#parseAnnotation(com.google.javascript.jscomp.parsing.JsDocToken,java.util.List):713, 3.84602
com.google.javascript.jscomp.parsing.JsDocInfoParser#parseAnnotation(com.google.javascript.jscomp.parsing.JsDocToken,java.util.List):715, 3.84602
com.google.javascript.jscomp.parsing.JsDocInfoParser#parseAnnotation(com.google.javascript.jscomp.parsing.JsDocToken,java.util.List):716, 3.84602
com.google.javascript.jscomp.parsing.JsDocInfoParser#parseAnnotation(com.google.javascript.jscomp.parsing.JsDocToken,java.util.List):719, 3.84602
com.google.javascript.jscomp.parsing.JsDocInfoParser#parseAnnotation(com.google.javascript.jscomp.parsing.JsDocToken,java.util.List):726, 3.84602
com.google.javascript.jscomp.parsing.JsDocInfoParser#parseAnnotation(com.google.javascript.jscomp.parsing.JsDocToken,java.util.List):727, 3.84602
com.google.javascript.jscomp.parsing.JsDocInfoParser#parseAnnotation(com.google.javascript.jscomp.parsing.JsDocToken,java.util.List):734, 3.84602
com.google.javascript.jscomp.parsing.JsDocInfoParser#parseAnnotation(com.google.javascript.jscomp.parsing.JsDocToken,java.util.List):737, 3.84602
com.google.javascript.jscomp.parsing.JsDocInfoParser#parseAnnotation(com.google.javascript.jscomp.parsing.JsDocToken,java.util.List):739, 3.84602
com.google.javascript.jscomp.parsing.JsDocInfoParser#parseAnnotation(com.google.javascript.jscomp.parsing.JsDocToken,java.util.List):740, 3.84602
com.google.javascript.jscomp.parsing.JsDocInfoParser#parseAnnotation(com.google.javascript.jscomp.parsing.JsDocToken,java.util.List):744, 3.84602
com.google.javascript.jscomp.parsing.JsDocInfoParser#parseAnnotation(com.google.javascript.jscomp.parsing.JsDocToken,java.util.List):745, 3.84602
com.google.javascript.jscomp.parsing.JsDocInfoParser#parseAnnotation(com.google.javascript.jscomp.parsing.JsDocToken,java.util.List):751, 3.84602
com.google.javascript.jscomp.parsing.JsDocInfoParser#parseAnnotation(com.google.javascript.jscomp.parsing.JsDocToken,java.util.List):752, 3.84602
com.google.javascript.jscomp.parsing.JsDocInfoParser#parseAnnotation(com.google.javascript.jscomp.parsing.JsDocToken,java.util.List):755, 3.84602
com.google.javascript.jscomp.parsing.JsDocInfoParser#parseAnnotation(com.google.javascript.jscomp.parsing.JsDocToken,java.util.List):758, 3.84602
com.google.javascript.jscomp.parsing.JsDocInfoParser#parseAnnotation(com.google.javascript.jscomp.parsing.JsDocToken,java.util.List):759, 3.84602
com.google.javascript.jscomp.parsing.JsDocInfoParser#parseAnnotation(com.google.javascript.jscomp.parsing.JsDocToken,java.util.List):762, 3.84602
com.google.javascript.jscomp.parsing.JsDocInfoParser#parseAnnotation(com.google.javascript.jscomp.parsing.JsDocToken,java.util.List):765, 3.84602
com.google.javascript.jscomp.parsing.JsDocInfoParser#parseAnnotation(com.google.javascript.jscomp.parsing.JsDocToken,java.util.List):766, 3.84602
com.google.javascript.jscomp.parsing.JsDocInfoParser#parseAnnotation(com.google.javascript.jscomp.parsing.JsDocToken,java.util.List):769, 3.84602
com.google.javascript.jscomp.parsing.JsDocInfoParser#parseAnnotation(com.google.javascript.jscomp.parsing.JsDocToken,java.util.List):776, 3.84602
com.google.javascript.jscomp.parsing.JsDocInfoParser#parseAnnotation(com.google.javascript.jscomp.parsing.JsDocToken,java.util.List):777, 3.84602
com.google.javascript.jscomp.parsing.JsDocInfoParser#parseAnnotation(com.google.javascript.jscomp.parsing.JsDocToken,java.util.List):780, 3.84602
com.google.javascript.jscomp.parsing.JsDocInfoParser#parseAnnotation(com.google.javascript.jscomp.parsing.JsDocToken,java.util.List):784, 3.84602
com.google.javascript.jscomp.parsing.JsDocInfoParser#parseAnnotation(com.google.javascript.jscomp.parsing.JsDocToken,java.util.List):785, 3.84602
com.google.javascript.jscomp.parsing.JsDocInfoParser#parseAnnotation(com.google.javascript.jscomp.parsing.JsDocToken,java.util.List):787, 3.84602
com.google.javascript.jscomp.parsing.JsDocInfoParser#parseAnnotation(com.google.javascript.jscomp.parsing.JsDocToken,java.util.List):788, 3.84602
com.google.javascript.jscomp.parsing.JsDocInfoParser#parseAnnotation(com.google.javascript.jscomp.parsing.JsDocToken,java.util.List):791, 3.84602
com.google.javascript.jscomp.parsing.JsDocInfoParser#parseAnnotation(com.google.javascript.jscomp.parsing.JsDocToken,java.util.List):794, 3.84602
com.google.javascript.jscomp.parsing.JsDocInfoParser#parseAnnotation(com.google.javascript.jscomp.parsing.JsDocToken,java.util.List):795, 3.84602
com.google.javascript.jscomp.parsing.JsDocInfoParser#parseAnnotation(com.google.javascript.jscomp.parsing.JsDocToken,java.util.List):801, 3.84602
com.google.javascript.jscomp.parsing.JsDocInfoParser#parseAnnotation(com.google.javascript.jscomp.parsing.JsDocToken,java.util.List):802, 3.84602
com.google.javascript.jscomp.parsing.JsDocInfoParser#parseAnnotation(com.google.javascript.jscomp.parsing.JsDocToken,java.util.List):805, 3.84602
com.google.javascript.jscomp.parsing.JsDocInfoParser#parseAnnotation(com.google.javascript.jscomp.parsing.JsDocToken,java.util.List):808, 3.84602
com.google.javascript.jscomp.parsing.JsDocInfoParser#parseAnnotation(com.google.javascript.jscomp.parsing.JsDocToken,java.util.List):809, 3.84602
com.google.javascript.jscomp.parsing.JsDocInfoParser#parseAnnotation(com.google.javascript.jscomp.parsing.JsDocToken,java.util.List):819, 3.84602
com.google.javascript.jscomp.parsing.JsDocInfoParser#parseAnnotation(com.google.javascript.jscomp.parsing.JsDocToken,java.util.List):822, 3.84602
com.google.javascript.jscomp.parsing.JsDocInfoParser#parseAnnotation(com.google.javascript.jscomp.parsing.JsDocToken,java.util.List):831, 3.84602
com.google.javascript.jscomp.parsing.JsDocInfoParser#parseAnnotation(com.google.javascript.jscomp.parsing.JsDocToken,java.util.List):832, 3.84602
com.google.javascript.jscomp.parsing.JsDocInfoParser#parseAnnotation(com.google.javascript.jscomp.parsing.JsDocToken,java.util.List):835, 3.84602
com.google.javascript.jscomp.parsing.JsDocInfoParser#parseAnnotation(com.google.javascript.jscomp.parsing.JsDocToken,java.util.List):836, 3.84602
com.google.javascript.jscomp.parsing.JsDocInfoParser#parseAnnotation(com.google.javascript.jscomp.parsing.JsDocToken,java.util.List):839, 3.84602
com.google.javascript.jscomp.parsing.JsDocInfoParser#parseAnnotation(com.google.javascript.jscomp.parsing.JsDocToken,java.util.List):842, 3.84602
com.google.javascript.jscomp.parsing.JsDocInfoParser#parseAnnotation(com.google.javascript.jscomp.parsing.JsDocToken,java.util.List):843, 3.84602
com.google.javascript.jscomp.parsing.JsDocInfoParser#parseAnnotation(com.google.javascript.jscomp.parsing.JsDocToken,java.util.List):845, 3.84602
com.google.javascript.jscomp.parsing.JsDocInfoParser#parseAnnotation(com.google.javascript.jscomp.parsing.JsDocToken,java.util.List):846, 3.84602
com.google.javascript.jscomp.parsing.JsDocInfoParser#parseAnnotation(com.google.javascript.jscomp.parsing.JsDocToken,java.util.List):849, 3.84602
com.google.javascript.jscomp.parsing.JsDocInfoParser#parseAnnotation(com.google.javascript.jscomp.parsing.JsDocToken,java.util.List):850, 3.84602
com.google.javascript.jscomp.parsing.JsDocInfoParser#parseAnnotation(com.google.javascript.jscomp.parsing.JsDocToken,java.util.List):855, 3.84602
com.google.javascript.jscomp.parsing.JsDocInfoParser#parseAnnotation(com.google.javascript.jscomp.parsing.JsDocToken,java.util.List):856, 3.84602
com.google.javascript.jscomp.parsing.JsDocInfoParser#parseAnnotation(com.google.javascript.jscomp.parsing.JsDocToken,java.util.List):906, 3.84602
com.google.javascript.jscomp.parsing.JsDocInfoParser#parseAnnotation(com.google.javascript.jscomp.parsing.JsDocToken,java.util.List):913, 3.84602
com.google.javascript.jscomp.parsing.JsDocInfoParser#parseAnnotation(com.google.javascript.jscomp.parsing.JsDocToken,java.util.List):914, 3.84602
com.google.javascript.jscomp.parsing.JsDocInfoParser#parseAnnotation(com.google.javascript.jscomp.parsing.JsDocToken,java.util.List):920, 3.84602
com.google.javascript.jscomp.parsing.JsDocInfoParser#parseAnnotation(com.google.javascript.jscomp.parsing.JsDocToken,java.util.List):921, 3.84602
com.google.javascript.jscomp.parsing.JsDocInfoParser#parseAnnotation(com.google.javascript.jscomp.parsing.JsDocToken,java.util.List):924, 3.84602
com.google.javascript.jscomp.parsing.JsDocInfoParser#parseAnnotation(com.google.javascript.jscomp.parsing.JsDocToken,java.util.List):927, 3.84602
com.google.javascript.jscomp.parsing.JsDocInfoParser#parseAnnotation(com.google.javascript.jscomp.parsing.JsDocToken,java.util.List):928, 3.84602
com.google.javascript.jscomp.parsing.JsDocInfoParser#parseAnnotation(com.google.javascript.jscomp.parsing.JsDocToken,java.util.List):932, 3.84602
com.google.javascript.jscomp.parsing.JsDocInfoParser#parseAnnotation(com.google.javascript.jscomp.parsing.JsDocToken,java.util.List):935, 3.84602
com.google.javascript.jscomp.parsing.JsDocInfoParser#parseAnnotation(com.google.javascript.jscomp.parsing.JsDocToken,java.util.List):936, 3.84602
com.google.javascript.jscomp.parsing.JsDocInfoParser#parseAnnotation(com.google.javascript.jscomp.parsing.JsDocToken,java.util.List):940, 3.84602
com.google.javascript.jscomp.parsing.JsDocInfoParser#parseAnnotation(com.google.javascript.jscomp.parsing.JsDocToken,java.util.List):943, 3.84602
com.google.javascript.jscomp.parsing.JsDocInfoParser#parseAnnotation(com.google.javascript.jscomp.parsing.JsDocToken,java.util.List):944, 3.84602
com.google.javascript.jscomp.parsing.JsDocInfoParser#parseAnnotation(com.google.javascript.jscomp.parsing.JsDocToken,java.util.List):948, 3.84602
com.google.javascript.jscomp.parsing.JsDocInfoParser#parseAnnotation(com.google.javascript.jscomp.parsing.JsDocToken,java.util.List):952, 3.84602
com.google.javascript.jscomp.parsing.JsDocInfoParser#parseAnnotation(com.google.javascript.jscomp.parsing.JsDocToken,java.util.List):956, 3.84602
com.google.javascript.jscomp.parsing.JsDocInfoParser#parseAnnotation(com.google.javascript.jscomp.parsing.JsDocToken,java.util.List):958, 3.84602
com.google.javascript.jscomp.parsing.JsDocInfoParser#parseAnnotation(com.google.javascript.jscomp.parsing.JsDocToken,java.util.List):963, 3.84602
com.google.javascript.jscomp.parsing.JsDocInfoParser#parseAnnotation(com.google.javascript.jscomp.parsing.JsDocToken,java.util.List):966, 3.84602
com.google.javascript.jscomp.parsing.JsDocInfoParser#parseAnnotation(com.google.javascript.jscomp.parsing.JsDocToken,java.util.List):969, 3.84602
com.google.javascript.jscomp.parsing.JsDocInfoParser#parseAnnotation(com.google.javascript.jscomp.parsing.JsDocToken,java.util.List):970, 3.84602
com.google.javascript.jscomp.parsing.JsDocInfoParser#parseAnnotation(com.google.javascript.jscomp.parsing.JsDocToken,java.util.List):974, 3.84602
com.google.javascript.jscomp.parsing.JsDocInfoParser#parseAnnotation(com.google.javascript.jscomp.parsing.JsDocToken,java.util.List):975, 3.84602
com.google.javascript.jscomp.parsing.JsDocInfoParser#parseAnnotation(com.google.javascript.jscomp.parsing.JsDocToken,java.util.List):982, 3.84602
com.google.javascript.jscomp.parsing.JsDocInfoParser#parseAnnotation(com.google.javascript.jscomp.parsing.JsDocToken,java.util.List):988, 3.84602
com.google.javascript.jscomp.parsing.JsDocInfoParser#parseAnnotation(com.google.javascript.jscomp.parsing.JsDocToken,java.util.List):989, 3.84602
com.google.javascript.jscomp.parsing.JsDocInfoParser#parseAnnotation(com.google.javascript.jscomp.parsing.JsDocToken,java.util.List):1000, 3.84602
com.google.javascript.jscomp.TypedScopeCreator.AbstractScopeBuilder#getObjectSlot(java.lang.String):1729, 3.8462236579626246
com.google.javascript.jscomp.TypedScopeCreator.AbstractScopeBuilder#getObjectSlot(java.lang.String):1730, 3.8462236579626246
com.google.javascript.jscomp.TypedScopeCreator.AbstractScopeBuilder#getObjectSlot(java.lang.String):1727, 3.846223027376027
com.google.javascript.jscomp.TypedScopeCreator.AbstractScopeBuilder#getObjectSlot(java.lang.String):1728, 3.846223027376027
com.google.javascript.jscomp.TypedScopeCreator.AbstractScopeBuilder#getObjectSlot(java.lang.String):1733, 3.84602
com.google.javascript.rhino.jstype.Property#setNode(com.google.javascript.rhino.Node):139, 3.8455027767764136
com.google.javascript.rhino.jstype.Property#setNode(com.google.javascript.rhino.Node):140, 3.8455027767764136
com.google.javascript.rhino.jstype.PrototypeObjectType#defineProperty(java.lang.String,com.google.javascript.rhino.jstype.JSType,boolean,com.google.javascript.rhino.Node):137, 3.8447731568187398
com.google.javascript.rhino.jstype.PrototypeObjectType#defineProperty(java.lang.String,com.google.javascript.rhino.jstype.JSType,boolean,com.google.javascript.rhino.Node):140, 3.8447731568187398
com.google.javascript.rhino.jstype.PrototypeObjectType#defineProperty(java.lang.String,com.google.javascript.rhino.jstype.JSType,boolean,com.google.javascript.rhino.Node):142, 3.8447731568187398
com.google.javascript.rhino.jstype.PrototypeObjectType#defineProperty(java.lang.String,com.google.javascript.rhino.jstype.JSType,boolean,com.google.javascript.rhino.Node):143, 3.8447731568187398
com.google.javascript.rhino.jstype.PrototypeObjectType#defineProperty(java.lang.String,com.google.javascript.rhino.jstype.JSType,boolean,com.google.javascript.rhino.Node):138, 3.84465
com.google.javascript.rhino.jstype.FunctionType#hashCode():919, 3.8444324026108485
com.google.javascript.rhino.jstype.JSTypeRegistry#shouldTolerateUndefinedValues():268, 3.8430019069302412
com.google.javascript.jscomp.FunctionTypeBuilder.AstFunctionContents#recordAssignedName(java.lang.String):981, 3.8426417835780677
com.google.javascript.jscomp.FunctionTypeBuilder.AstFunctionContents#recordAssignedName(java.lang.String):982, 3.8426417835780677
com.google.javascript.jscomp.TypedScopeCreator.GlobalScopeBuilder#maybeDeclareQualifiedName(com.google.javascript.jscomp.NodeTraversal,com.google.javascript.rhino.JSDocInfo,com.google.javascript.rhino.Node,com.google.javascript.rhino.Node,com.google.javascript.rhino.Node):1893, 3.8425217425108897
com.google.javascript.jscomp.TypedScopeCreator.GlobalScopeBuilder#maybeDeclareQualifiedName(com.google.javascript.jscomp.NodeTraversal,com.google.javascript.rhino.JSDocInfo,com.google.javascript.rhino.Node,com.google.javascript.rhino.Node,com.google.javascript.rhino.Node):1894, 3.8425217425108897
com.google.javascript.jscomp.TypedScopeCreator.GlobalScopeBuilder#maybeDeclareQualifiedName(com.google.javascript.jscomp.NodeTraversal,com.google.javascript.rhino.JSDocInfo,com.google.javascript.rhino.Node,com.google.javascript.rhino.Node,com.google.javascript.rhino.Node):1895, 3.8425217425108897
com.google.javascript.rhino.JSDocInfo#isNoTypeCheck():530, 3.8425217425108897
com.google.javascript.jscomp.TypedScopeCreator.AbstractScopeBuilder#isQualifiedNameInferred(java.lang.String,com.google.javascript.rhino.Node,com.google.javascript.rhino.JSDocInfo,com.google.javascript.rhino.Node,com.google.javascript.rhino.jstype.JSType):1669, 3.842288423814699
com.google.javascript.jscomp.TypedScopeCreator.AbstractScopeBuilder#isQualifiedNameInferred(java.lang.String,com.google.javascript.rhino.Node,com.google.javascript.rhino.JSDocInfo,com.google.javascript.rhino.Node,com.google.javascript.rhino.jstype.JSType):1702, 3.8422842092501535
com.google.javascript.jscomp.TypedScopeCreator.AbstractScopeBuilder#isQualifiedNameInferred(java.lang.String,com.google.javascript.rhino.Node,com.google.javascript.rhino.JSDocInfo,com.google.javascript.rhino.Node,com.google.javascript.rhino.jstype.JSType):1663, 3.8422816604516994
com.google.javascript.jscomp.TypedScopeCreator.AbstractScopeBuilder#isQualifiedNameInferred(java.lang.String,com.google.javascript.rhino.Node,com.google.javascript.rhino.JSDocInfo,com.google.javascript.rhino.Node,com.google.javascript.rhino.jstype.JSType):1667, 3.8422816604516994
com.google.javascript.jscomp.TypedScopeCreator.AbstractScopeBuilder#isQualifiedNameInferred(java.lang.String,com.google.javascript.rhino.Node,com.google.javascript.rhino.JSDocInfo,com.google.javascript.rhino.Node,com.google.javascript.rhino.jstype.JSType):1668, 3.8422816604516994
com.google.javascript.jscomp.TypedScopeCreator.AbstractScopeBuilder#isQualifiedNameInferred(java.lang.String,com.google.javascript.rhino.Node,com.google.javascript.rhino.JSDocInfo,com.google.javascript.rhino.Node,com.google.javascript.rhino.jstype.JSType):1676, 3.8422816604516994
com.google.javascript.jscomp.TypedScopeCreator.AbstractScopeBuilder#isQualifiedNameInferred(java.lang.String,com.google.javascript.rhino.Node,com.google.javascript.rhino.JSDocInfo,com.google.javascript.rhino.Node,com.google.javascript.rhino.jstype.JSType):1664, 3.84208
com.google.javascript.jscomp.TypedScopeCreator.AbstractScopeBuilder#isQualifiedNameInferred(java.lang.String,com.google.javascript.rhino.Node,com.google.javascript.rhino.JSDocInfo,com.google.javascript.rhino.Node,com.google.javascript.rhino.jstype.JSType):1677, 3.84208
com.google.javascript.jscomp.TypedScopeCreator.AbstractScopeBuilder#isQualifiedNameInferred(java.lang.String,com.google.javascript.rhino.Node,com.google.javascript.rhino.JSDocInfo,com.google.javascript.rhino.Node,com.google.javascript.rhino.jstype.JSType):1678, 3.84208
com.google.javascript.jscomp.TypedScopeCreator.AbstractScopeBuilder#isQualifiedNameInferred(java.lang.String,com.google.javascript.rhino.Node,com.google.javascript.rhino.JSDocInfo,com.google.javascript.rhino.Node,com.google.javascript.rhino.jstype.JSType):1679, 3.84208
com.google.javascript.jscomp.TypedScopeCreator.AbstractScopeBuilder#isQualifiedNameInferred(java.lang.String,com.google.javascript.rhino.Node,com.google.javascript.rhino.JSDocInfo,com.google.javascript.rhino.Node,com.google.javascript.rhino.jstype.JSType):1684, 3.84208
com.google.javascript.jscomp.TypedScopeCreator.AbstractScopeBuilder#isQualifiedNameInferred(java.lang.String,com.google.javascript.rhino.Node,com.google.javascript.rhino.JSDocInfo,com.google.javascript.rhino.Node,com.google.javascript.rhino.jstype.JSType):1685, 3.84208
com.google.javascript.jscomp.TypedScopeCreator.AbstractScopeBuilder#isQualifiedNameInferred(java.lang.String,com.google.javascript.rhino.Node,com.google.javascript.rhino.JSDocInfo,com.google.javascript.rhino.Node,com.google.javascript.rhino.jstype.JSType):1687, 3.84208
com.google.javascript.jscomp.TypedScopeCreator.AbstractScopeBuilder#isQualifiedNameInferred(java.lang.String,com.google.javascript.rhino.Node,com.google.javascript.rhino.JSDocInfo,com.google.javascript.rhino.Node,com.google.javascript.rhino.jstype.JSType):1688, 3.84208
com.google.javascript.jscomp.TypedScopeCreator.AbstractScopeBuilder#isQualifiedNameInferred(java.lang.String,com.google.javascript.rhino.Node,com.google.javascript.rhino.JSDocInfo,com.google.javascript.rhino.Node,com.google.javascript.rhino.jstype.JSType):1686, 3.84208
com.google.javascript.jscomp.TypedScopeCreator.AbstractScopeBuilder#isQualifiedNameInferred(java.lang.String,com.google.javascript.rhino.Node,com.google.javascript.rhino.JSDocInfo,com.google.javascript.rhino.Node,com.google.javascript.rhino.jstype.JSType):1694, 3.84208
com.google.javascript.jscomp.TypedScopeCreator.AbstractScopeBuilder#isQualifiedNameInferred(java.lang.String,com.google.javascript.rhino.Node,com.google.javascript.rhino.JSDocInfo,com.google.javascript.rhino.Node,com.google.javascript.rhino.jstype.JSType):1696, 3.84208
com.google.javascript.jscomp.TypedScopeCreator.AbstractScopeBuilder#isQualifiedNameInferred(java.lang.String,com.google.javascript.rhino.Node,com.google.javascript.rhino.JSDocInfo,com.google.javascript.rhino.Node,com.google.javascript.rhino.jstype.JSType):1698, 3.84208
com.google.javascript.rhino.JSDocInfoBuilder#recordParameter(java.lang.String,com.google.javascript.rhino.JSTypeExpression):278, 3.8414514557410064
com.google.javascript.rhino.JSDocInfoBuilder#recordParameter(java.lang.String,com.google.javascript.rhino.JSTypeExpression):279, 3.8414514557410064
com.google.javascript.rhino.JSDocInfoBuilder#recordParameter(java.lang.String,com.google.javascript.rhino.JSTypeExpression):276, 3.8414513740311103
com.google.javascript.rhino.JSDocInfoBuilder#recordParameter(java.lang.String,com.google.javascript.rhino.JSTypeExpression):281, 3.84125
com.google.javascript.rhino.jstype.JSType#isTemplateType():419, 3.8414513740311103
com.google.javascript.jscomp.TypeCheck#ensureTyped(com.google.javascript.jscomp.NodeTraversal,com.google.javascript.rhino.Node,com.google.javascript.rhino.jstype.JSTypeNative):2065, 3.8413313332134282
com.google.javascript.jscomp.TypeCheck#ensureTyped(com.google.javascript.jscomp.NodeTraversal,com.google.javascript.rhino.Node,com.google.javascript.rhino.jstype.JSTypeNative):2066, 3.8413313332134282
com.google.javascript.jscomp.InferJSDocInfo#dereferenceToObject(com.google.javascript.rhino.jstype.JSType):195, 3.841211292420557
com.google.javascript.rhino.jstype.JSType#isEnumType():373, 3.841211292420557
com.google.javascript.rhino.jstype.ObjectType#findPropertyType(java.lang.String):406, 3.841211292420557
com.google.javascript.jscomp.FunctionTypeBuilder#inferThisType(com.google.javascript.rhino.JSDocInfo):446, 3.8408695814375458
com.google.javascript.jscomp.FunctionTypeBuilder#inferThisType(com.google.javascript.rhino.JSDocInfo):450, 3.8408695814375458
com.google.javascript.jscomp.FunctionTypeBuilder#inferThisType(com.google.javascript.rhino.JSDocInfo):441, 3.840841354707147
com.google.javascript.jscomp.FunctionTypeBuilder#inferThisType(com.google.javascript.rhino.JSDocInfo):442, 3.840841354707147
com.google.javascript.jscomp.FunctionTypeBuilder#inferThisType(com.google.javascript.rhino.JSDocInfo):449, 3.840841354707147
com.google.javascript.jscomp.FunctionTypeBuilder#inferThisType(com.google.javascript.rhino.JSDocInfo):453, 3.840841354707147
com.google.javascript.rhino.jstype.JSTypeRegistry#declareType(java.lang.String,com.google.javascript.rhino.jstype.JSType):886, 3.8408511701905566
com.google.javascript.rhino.jstype.JSTypeRegistry#declareType(java.lang.String,com.google.javascript.rhino.jstype.JSType):889, 3.8408511701905566
com.google.javascript.rhino.jstype.JSTypeRegistry#declareType(java.lang.String,com.google.javascript.rhino.jstype.JSType):890, 3.8408511701905566
com.google.javascript.rhino.jstype.JSTypeRegistry#declareType(java.lang.String,com.google.javascript.rhino.jstype.JSType):887, 3.84065
com.google.javascript.jscomp.Scope.Var#getNameNode():243, 3.8393006430884764
com.google.javascript.rhino.Node#isAnd():2191, 3.8387005220368278
com.google.javascript.jscomp.TypeCheck#doPercentTypedAccounting(com.google.javascript.jscomp.NodeTraversal,com.google.javascript.rhino.Node):891, 3.8378701601922565
com.google.javascript.jscomp.TypeCheck#doPercentTypedAccounting(com.google.javascript.jscomp.NodeTraversal,com.google.javascript.rhino.Node):892, 3.8378701601922565
com.google.javascript.jscomp.TypeCheck#doPercentTypedAccounting(com.google.javascript.jscomp.NodeTraversal,com.google.javascript.rhino.Node):894, 3.8378701601922565
com.google.javascript.jscomp.TypeCheck#doPercentTypedAccounting(com.google.javascript.jscomp.NodeTraversal,com.google.javascript.rhino.Node):900, 3.8378701601922565
com.google.javascript.jscomp.TypeCheck#doPercentTypedAccounting(com.google.javascript.jscomp.NodeTraversal,com.google.javascript.rhino.Node):902, 3.8378701601922565
com.google.javascript.jscomp.TypeCheck#doPercentTypedAccounting(com.google.javascript.jscomp.NodeTraversal,com.google.javascript.rhino.Node):893, 3.83767
com.google.javascript.jscomp.TypeCheck#doPercentTypedAccounting(com.google.javascript.jscomp.NodeTraversal,com.google.javascript.rhino.Node):895, 3.83767
com.google.javascript.jscomp.TypeCheck#doPercentTypedAccounting(com.google.javascript.jscomp.NodeTraversal,com.google.javascript.rhino.Node):896, 3.83767
com.google.javascript.jscomp.TypeCheck#doPercentTypedAccounting(com.google.javascript.jscomp.NodeTraversal,com.google.javascript.rhino.Node):898, 3.83767
com.google.javascript.jscomp.TypeCheck#getNativeType(com.google.javascript.rhino.jstype.JSTypeNative):2117, 3.837630080048032
com.google.javascript.rhino.jstype.Property#isTypeInferred():119, 3.837630080048032
com.google.javascript.jscomp.TypeValidator#setShouldReport(boolean):158, 3.835249283864818
com.google.javascript.jscomp.TypeValidator#setShouldReport(boolean):159, 3.835249283864818
com.google.javascript.jscomp.TypeCheck#visitName(com.google.javascript.jscomp.NodeTraversal,com.google.javascript.rhino.Node,com.google.javascript.rhino.Node):1412, 3.8350106027135715
com.google.javascript.jscomp.TypeCheck#visitName(com.google.javascript.jscomp.NodeTraversal,com.google.javascript.rhino.Node,com.google.javascript.rhino.Node):1413, 3.8350106027135715
com.google.javascript.jscomp.TypeCheck#visitName(com.google.javascript.jscomp.NodeTraversal,com.google.javascript.rhino.Node,com.google.javascript.rhino.Node):1423, 3.8350106027135715
com.google.javascript.jscomp.TypeCheck#visitName(com.google.javascript.jscomp.NodeTraversal,com.google.javascript.rhino.Node,com.google.javascript.rhino.Node):1424, 3.8350106027135715
com.google.javascript.jscomp.TypeCheck#visitName(com.google.javascript.jscomp.NodeTraversal,com.google.javascript.rhino.Node,com.google.javascript.rhino.Node):1409, 3.835009760431138
com.google.javascript.jscomp.TypeCheck#visitName(com.google.javascript.jscomp.NodeTraversal,com.google.javascript.rhino.Node,com.google.javascript.rhino.Node):1404, 3.8350092047682223
com.google.javascript.jscomp.TypeCheck#visitName(com.google.javascript.jscomp.NodeTraversal,com.google.javascript.rhino.Node,com.google.javascript.rhino.Node):1405, 3.8350092047682223
com.google.javascript.jscomp.TypeCheck#visitName(com.google.javascript.jscomp.NodeTraversal,com.google.javascript.rhino.Node,com.google.javascript.rhino.Node):1414, 3.83481
com.google.javascript.jscomp.TypeCheck#visitName(com.google.javascript.jscomp.NodeTraversal,com.google.javascript.rhino.Node,com.google.javascript.rhino.Node):1415, 3.83481
com.google.javascript.jscomp.TypeCheck#visitName(com.google.javascript.jscomp.NodeTraversal,com.google.javascript.rhino.Node,com.google.javascript.rhino.Node):1416, 3.83481
com.google.javascript.jscomp.TypeCheck#visitName(com.google.javascript.jscomp.NodeTraversal,com.google.javascript.rhino.Node,com.google.javascript.rhino.Node):1417, 3.83481
com.google.javascript.jscomp.TypeCheck#visitName(com.google.javascript.jscomp.NodeTraversal,com.google.javascript.rhino.Node,com.google.javascript.rhino.Node):1418, 3.83481
com.google.javascript.jscomp.TypeCheck#visitName(com.google.javascript.jscomp.NodeTraversal,com.google.javascript.rhino.Node,com.google.javascript.rhino.Node):1419, 3.83481
com.google.javascript.rhino.Node#isOr():2347, 3.835009283864818
com.google.javascript.rhino.JSDocInfoBuilder#hasAnySingletonSideEffectTags():1108, 3.8348891652552264
com.google.javascript.rhino.JSDocInfo#hasModifies():1570, 3.8348891652552264
com.google.javascript.rhino.JSDocInfo#isNoSideEffects():618, 3.8345290468571647
com.google.javascript.rhino.IR#script():126, 3.8328652488109443
com.google.javascript.rhino.IR#script():127, 3.8328652488109443
com.google.javascript.rhino.JSDocInfoBuilder#recordReturnType(com.google.javascript.rhino.JSTypeExpression):527, 3.8327386145305744
com.google.javascript.rhino.JSDocInfoBuilder#recordReturnType(com.google.javascript.rhino.JSTypeExpression):528, 3.8327386145305744
com.google.javascript.rhino.JSDocInfoBuilder#recordReturnType(com.google.javascript.rhino.JSTypeExpression):529, 3.8327386145305744
com.google.javascript.rhino.JSDocInfoBuilder#recordReturnType(com.google.javascript.rhino.JSTypeExpression):525, 3.832738458017918
com.google.javascript.rhino.JSDocInfoBuilder#recordReturnType(com.google.javascript.rhino.JSTypeExpression):531, 3.83254
com.google.javascript.rhino.JSDocInfo#setReturnType(com.google.javascript.rhino.JSTypeExpression):1062, 3.8326184971113917
com.google.javascript.rhino.JSDocInfo#setReturnType(com.google.javascript.rhino.JSTypeExpression):1061, 3.832618418947533
com.google.javascript.rhino.jstype.ObjectType#isObject():576, 3.831788146099426
com.google.javascript.jscomp.parsing.IRFactory.TransformDispatcher#validAssignmentTarget(com.google.javascript.rhino.Node):1195, 3.8276139333224997
com.google.javascript.jscomp.parsing.IRFactory.TransformDispatcher#validAssignmentTarget(com.google.javascript.rhino.Node):1190, 3.8276139184156257
com.google.javascript.jscomp.parsing.IRFactory.TransformDispatcher#validAssignmentTarget(com.google.javascript.rhino.Node):1197, 3.82747
com.google.javascript.rhino.JSDocInfo#makesDicts():505, 3.8259562671679945
com.google.javascript.rhino.jstype.ArrowType#hasTemplatedParameterType():313, 3.825855215565641
com.google.javascript.rhino.jstype.ArrowType#hasTemplatedParameterType():314, 3.825855215565641
com.google.javascript.rhino.jstype.ArrowType#hasTemplatedParameterType():310, 3.8258543239898444
com.google.javascript.rhino.jstype.ArrowType#hasTemplatedParameterType():311, 3.8258543239898444
com.google.javascript.rhino.jstype.ArrowType#hasTemplatedParameterType():312, 3.8258543239898444
com.google.javascript.rhino.jstype.ArrowType#hasTemplatedParameterType():319, 3.8258543239898444
com.google.javascript.rhino.jstype.ArrowType#hasTemplatedParameterType():315, 3.82564
com.google.javascript.rhino.jstype.FunctionParamBuilder#addOptionalParams(com.google.javascript.rhino.jstype.JSType[]):80, 3.823770560705543
com.google.javascript.rhino.jstype.FunctionParamBuilder#addOptionalParams(com.google.javascript.rhino.jstype.JSType[]):84, 3.823770560705543
com.google.javascript.rhino.jstype.FunctionParamBuilder#addOptionalParams(com.google.javascript.rhino.jstype.JSType[]):85, 3.823770560705543
com.google.javascript.rhino.jstype.FunctionParamBuilder#addOptionalParams(com.google.javascript.rhino.jstype.JSType[]):87, 3.823770560705543
com.google.javascript.rhino.jstype.FunctionParamBuilder#addOptionalParams(com.google.javascript.rhino.jstype.JSType[]):81, 3.82365
com.google.javascript.rhino.jstype.ObjectType#hasProperty(java.lang.String):437, 3.8213048093019766
com.google.javascript.jscomp.NodeUtil#isStatementParent(com.google.javascript.rhino.Node):1776, 3.8196980223116044
com.google.javascript.jscomp.NodeUtil#isStatementParent(com.google.javascript.rhino.Node):1774, 3.819689333076032
com.google.javascript.jscomp.NodeUtil#isStatementParent(com.google.javascript.rhino.Node):1769, 3.819681419774644
com.google.javascript.jscomp.NodeUtil#isStatementParent(com.google.javascript.rhino.Node):1770, 3.819681419774644
com.google.javascript.jscomp.Compiler#getAllInputsFromModules(java.util.List):507, 3.816077806616413
com.google.javascript.jscomp.Compiler#getAllInputsFromModules(java.util.List):508, 3.816077806616413
com.google.javascript.jscomp.Compiler#getAllInputsFromModules(java.util.List):509, 3.816077806616413
com.google.javascript.jscomp.Compiler#getAllInputsFromModules(java.util.List):510, 3.816077806616413
com.google.javascript.jscomp.Compiler#getAllInputsFromModules(java.util.List):511, 3.816077806616413
com.google.javascript.jscomp.Compiler#getAllInputsFromModules(java.util.List):516, 3.816077806616413
com.google.javascript.jscomp.Compiler#getAllInputsFromModules(java.util.List):517, 3.816077806616413
com.google.javascript.jscomp.Compiler#getAllInputsFromModules(java.util.List):518, 3.816077806616413
com.google.javascript.jscomp.Compiler#getAllInputsFromModules(java.util.List):519, 3.816077806616413
com.google.javascript.jscomp.Compiler#getAllInputsFromModules(java.util.List):520, 3.816077806616413
com.google.javascript.jscomp.FunctionTypeBuilder.AstFunctionContents#mayBeFromExterns():931, 3.8158331308238123
com.google.javascript.jscomp.TypeInferencePass.SecondScopeBuildingCallback#visit(com.google.javascript.jscomp.NodeTraversal,com.google.javascript.rhino.Node,com.google.javascript.rhino.Node):154, 3.8154830228591208
com.google.javascript.jscomp.Scope#resolveTypes():629, 3.8154830228591208
com.google.javascript.jscomp.Scope#resolveTypes():630, 3.8154830228591208
com.google.javascript.jscomp.Scope#resolveTypes():631, 3.8154830228591208
com.google.javascript.jscomp.Scope#resolveTypes():633, 3.8154830228591208
com.google.javascript.jscomp.TypeInferencePass.FirstScopeBuildingCallback#enterScope(com.google.javascript.jscomp.NodeTraversal):133, 3.8154830228591208
com.google.javascript.jscomp.TypeInferencePass.FirstScopeBuildingCallback#enterScope(com.google.javascript.jscomp.NodeTraversal):134, 3.8154830228591208
com.google.javascript.jscomp.TypeInferencePass.FirstScopeBuildingCallback#visit(com.google.javascript.jscomp.NodeTraversal,com.google.javascript.rhino.Node,com.google.javascript.rhino.Node):139, 3.8154830228591208
com.google.javascript.rhino.JSDocInfo#isJavaDispatch():634, 3.8152429509831696
com.google.javascript.jscomp.FunctionTypeBuilder.AstFunctionContents#mayHaveNonEmptyReturns():936, 3.814412700048204
com.google.javascript.jscomp.NodeTraversal#traverse(com.google.javascript.rhino.Node):282, 3.813800324834222
com.google.javascript.jscomp.NodeTraversal#traverse(com.google.javascript.rhino.Node):283, 3.813800324834222
com.google.javascript.jscomp.NodeTraversal#traverse(com.google.javascript.rhino.Node):284, 3.813800324834222
com.google.javascript.jscomp.NodeTraversal#traverse(com.google.javascript.rhino.Node):285, 3.813800324834222
com.google.javascript.jscomp.NodeTraversal#traverse(com.google.javascript.rhino.Node):287, 3.813800324834222
com.google.javascript.jscomp.NodeTraversal#traverse(com.google.javascript.rhino.Node):288, 3.813800324834222
com.google.javascript.jscomp.NodeTraversal#traverse(com.google.javascript.rhino.Node):291, 3.813800324834222
com.google.javascript.jscomp.NodeTraversal#traverse(com.google.javascript.rhino.Node):292, 3.813800324834222
com.google.javascript.jscomp.NodeTraversal#traverse(com.google.javascript.rhino.Node):289, 3.81368
com.google.javascript.jscomp.NodeTraversal#traverse(com.google.javascript.rhino.Node):290, 3.81368
com.google.javascript.jscomp.CodingConvention.AssertionFunctionSpec#getFunctionName():398, 3.8119080776093113
com.google.javascript.jscomp.FunctionTypeBuilder.AstFunctionContents#getSourceNode():926, 3.8112017412472117
com.google.javascript.rhino.jstype.ObjectType#isFunctionPrototypeType():610, 3.8109205607055427
com.google.javascript.jscomp.FunctionTypeBuilder.UnknownFunctionContents#get():874, 3.8098913547071467
com.google.javascript.rhino.jstype.JSTypeRegistry#clearTemplateTypeNames():1885, 3.8098913547071467
com.google.javascript.rhino.jstype.JSTypeRegistry#clearTemplateTypeNames():1886, 3.8098913547071467
com.google.javascript.jscomp.Scope.Var#getInitialValue():227, 3.8095313196829483
com.google.javascript.rhino.Node#isFromExterns():1124, 3.8083509008870804
com.google.javascript.rhino.Node#isFromExterns():1125, 3.8083509008870804
com.google.javascript.rhino.jstype.NullType#restrictByNotNullOrUndefined():84, 3.806613027376027
com.google.javascript.rhino.JSDocInfoBuilder#recordType(com.google.javascript.rhino.JSTypeExpression):479, 3.8058503467469067
com.google.javascript.rhino.JSDocInfoBuilder#recordType(com.google.javascript.rhino.JSTypeExpression):480, 3.8058503467469067
com.google.javascript.rhino.JSDocInfoBuilder#recordType(com.google.javascript.rhino.JSTypeExpression):481, 3.8058503467469067
com.google.javascript.rhino.JSDocInfoBuilder#recordType(com.google.javascript.rhino.JSTypeExpression):478, 3.805850174565282
com.google.javascript.rhino.JSDocInfoBuilder#recordType(com.google.javascript.rhino.JSTypeExpression):483, 3.80566
com.google.javascript.rhino.JSDocInfo#setType(com.google.javascript.rhino.JSTypeExpression):1058, 3.8058502433818453
com.google.javascript.rhino.JSDocInfo#setType(com.google.javascript.rhino.JSTypeExpression):1057, 3.805850174565282
com.google.javascript.rhino.Node#isDec():2243, 3.805620105823344
com.google.javascript.rhino.Node#isInc():2303, 3.805620105823344
com.google.javascript.jscomp.Scope.Var#isTypeInferred():278, 3.8053800371558966
com.google.javascript.rhino.jstype.JSType#isEquivalentTo(com.google.javascript.rhino.jstype.JSType):544, 3.802680560705543
com.google.javascript.jscomp.parsing.IRFactory.TransformDispatcher#isDirective(com.google.javascript.rhino.Node):618, 3.8026602109825096
com.google.javascript.jscomp.parsing.IRFactory.TransformDispatcher#isDirective(com.google.javascript.rhino.Node):620, 3.8026493609808036
com.google.javascript.jscomp.parsing.IRFactory.TransformDispatcher#isDirective(com.google.javascript.rhino.Node):621, 3.8026493609808036
com.google.javascript.jscomp.parsing.IRFactory.TransformDispatcher#isDirective(com.google.javascript.rhino.Node):617, 3.8026492675608323
com.google.javascript.rhino.jstype.ObjectType#setJSDocInfo(com.google.javascript.rhino.JSDocInfo):150, 3.8022891511969643
com.google.javascript.rhino.jstype.ObjectType#setJSDocInfo(com.google.javascript.rhino.JSDocInfo):151, 3.8022891511969643
com.google.javascript.jscomp.CodingConventions.Proxy#defineDelegateProxyPrototypeProperties(com.google.javascript.rhino.jstype.JSTypeRegistry,com.google.javascript.rhino.jstype.StaticScope,java.util.List,java.util.Map):199, 3.802169117368618
com.google.javascript.jscomp.CodingConventions.Proxy#defineDelegateProxyPrototypeProperties(com.google.javascript.rhino.jstype.JSTypeRegistry,com.google.javascript.rhino.jstype.StaticScope,java.util.List,java.util.Map):201, 3.802169117368618
com.google.javascript.jscomp.CodingConventions.DefaultCodingConvention#defineDelegateProxyPrototypeProperties(com.google.javascript.rhino.jstype.JSTypeRegistry,com.google.javascript.rhino.jstype.StaticScope,java.util.List,java.util.Map):391, 3.802049083558415
com.google.javascript.jscomp.Scope#createLatticeBottom(com.google.javascript.rhino.Node):414, 3.802049083558415
com.google.javascript.jscomp.Scope#setTypeResolver(com.google.javascript.jscomp.Scope.TypeResolver):636, 3.802049083558415
com.google.javascript.jscomp.Scope#setTypeResolver(com.google.javascript.jscomp.Scope.TypeResolver):637, 3.802049083558415
com.google.javascript.jscomp.Scope.1#apply(com.google.javascript.jscomp.Scope.Var):69, 3.802049083558415
com.google.javascript.jscomp.NodeTraversal.AbstractScopedCallback#exitScope(com.google.javascript.jscomp.NodeTraversal):161, 3.8019290497663394
com.google.javascript.jscomp.NodeUtil#isCallOrNew(com.google.javascript.rhino.Node):1900, 3.8019290497663394
com.google.javascript.jscomp.TypedScopeCreator#declareNativeType(com.google.javascript.jscomp.Scope,java.lang.String,com.google.javascript.rhino.jstype.JSType):358, 3.8018190159923746
com.google.javascript.jscomp.TypedScopeCreator#declareNativeType(com.google.javascript.jscomp.Scope,java.lang.String,com.google.javascript.rhino.jstype.JSType):359, 3.8018190159923746
com.google.javascript.rhino.jstype.JSTypeRegistry#getErrorReporter():264, 3.8018190159923746
com.google.javascript.jscomp.LinkedFlowScope#equals(java.lang.Object):275, 3.800979083558415
com.google.javascript.jscomp.LinkedFlowScope#equals(java.lang.Object):274, 3.8009788137280123
com.google.javascript.jscomp.LinkedFlowScope#equals(java.lang.Object):260, 3.800978780080373
com.google.javascript.jscomp.LinkedFlowScope#equals(java.lang.Object):261, 3.800978780080373
com.google.javascript.jscomp.LinkedFlowScope#equals(java.lang.Object):262, 3.800978780080373
com.google.javascript.jscomp.LinkedFlowScope#equals(java.lang.Object):263, 3.80079
com.google.javascript.jscomp.LinkedFlowScope#equals(java.lang.Object):278, 3.80079
com.google.javascript.jscomp.LinkedFlowScope#equals(java.lang.Object):282, 3.80079
com.google.javascript.jscomp.LinkedFlowScope#equals(java.lang.Object):283, 3.80079
com.google.javascript.jscomp.LinkedFlowScope#equals(java.lang.Object):284, 3.80079
com.google.javascript.jscomp.LinkedFlowScope#equals(java.lang.Object):286, 3.80079
com.google.javascript.jscomp.LinkedFlowScope#equals(java.lang.Object):288, 3.80079
com.google.javascript.jscomp.LinkedFlowScope#equals(java.lang.Object):291, 3.80079
com.google.javascript.jscomp.LinkedFlowScope#equals(java.lang.Object):292, 3.80079
com.google.javascript.jscomp.LinkedFlowScope#equals(java.lang.Object):294, 3.80079
com.google.javascript.jscomp.LinkedFlowScope#equals(java.lang.Object):295, 3.80079
com.google.javascript.jscomp.LinkedFlowScope#equals(java.lang.Object):296, 3.80079
com.google.javascript.jscomp.LinkedFlowScope#equals(java.lang.Object):298, 3.80079
com.google.javascript.jscomp.LinkedFlowScope#equals(java.lang.Object):299, 3.80079
com.google.javascript.jscomp.LinkedFlowScope#equals(java.lang.Object):300, 3.80079
com.google.javascript.jscomp.LinkedFlowScope#equals(java.lang.Object):301, 3.80079
com.google.javascript.jscomp.LinkedFlowScope#equals(java.lang.Object):302, 3.80079
com.google.javascript.jscomp.LinkedFlowScope#equals(java.lang.Object):304, 3.80079
com.google.javascript.jscomp.LinkedFlowScope#equals(java.lang.Object):305, 3.80079
com.google.javascript.jscomp.LinkedFlowScope#equals(java.lang.Object):307, 3.80079
com.google.javascript.rhino.jstype.ObjectType#isImplicitPrototype(com.google.javascript.rhino.jstype.ObjectType):537, 3.7996146305506424
com.google.javascript.rhino.jstype.ObjectType#isImplicitPrototype(com.google.javascript.rhino.jstype.ObjectType):540, 3.799613863350058
com.google.javascript.rhino.jstype.ObjectType#isImplicitPrototype(com.google.javascript.rhino.jstype.ObjectType):530, 3.7996138158691846
com.google.javascript.rhino.jstype.ObjectType#isImplicitPrototype(com.google.javascript.rhino.jstype.ObjectType):531, 3.7996138158691846
com.google.javascript.rhino.jstype.ObjectType#isImplicitPrototype(com.google.javascript.rhino.jstype.ObjectType):533, 3.7996138158691846
com.google.javascript.rhino.jstype.ObjectType#isImplicitPrototype(com.google.javascript.rhino.jstype.ObjectType):536, 3.7996138158691846
com.google.javascript.rhino.jstype.ObjectType#isImplicitPrototype(com.google.javascript.rhino.jstype.ObjectType):532, 3.7996138158691846
com.google.javascript.rhino.jstype.ObjectType#isImplicitPrototype(com.google.javascript.rhino.jstype.ObjectType):534, 3.79949
com.google.javascript.rhino.jstype.UnionType#toMaybeUnionType():379, 3.7988481774823737
com.google.javascript.rhino.jstype.Property#setType(com.google.javascript.rhino.jstype.JSType):127, 3.798258011115546
com.google.javascript.rhino.jstype.Property#setType(com.google.javascript.rhino.jstype.JSType):128, 3.798258011115546
com.google.javascript.rhino.JSDocInfoBuilder#hasAnyTypeRelatedTags():1080, 3.79706767970137
com.google.javascript.rhino.jstype.ObjectType#cast(com.google.javascript.rhino.jstype.JSType):605, 3.795877350033627
com.google.javascript.rhino.jstype.UnknownType#isUnknownType():63, 3.7957573171623165
com.google.javascript.rhino.jstype.PrototypeObjectType#getCtorExtendedInterfaces():407, 3.791610560705543
com.google.javascript.rhino.jstype.JSType#toMaybeEnumType():380, 3.791211783578068
com.google.javascript.rhino.jstype.JSType#toMaybeTemplateType():427, 3.791211783578068
com.google.javascript.rhino.JSDocInfo#getType():1132, 3.7908514148736274
com.google.javascript.rhino.jstype.FunctionType#getParametersNode():288, 3.7887312147256305
com.google.javascript.rhino.jstype.FunctionParamBuilder#addVarArgs(com.google.javascript.rhino.jstype.JSType):95, 3.7885405607055427
com.google.javascript.rhino.jstype.FunctionParamBuilder#addVarArgs(com.google.javascript.rhino.jstype.JSType):104, 3.7885405607055427
com.google.javascript.rhino.jstype.FunctionParamBuilder#addVarArgs(com.google.javascript.rhino.jstype.JSType):105, 3.7885405607055427
com.google.javascript.rhino.jstype.FunctionParamBuilder#addVarArgs(com.google.javascript.rhino.jstype.JSType):107, 3.7885405607055427
com.google.javascript.rhino.jstype.FunctionParamBuilder#addVarArgs(com.google.javascript.rhino.jstype.JSType):108, 3.7885405607055427
com.google.javascript.rhino.jstype.FunctionParamBuilder#addVarArgs(com.google.javascript.rhino.jstype.JSType):96, 3.78842
com.google.javascript.jscomp.ControlFlowAnalysis#handleExpr(com.google.javascript.rhino.Node):535, 3.783664052543458
com.google.javascript.jscomp.ControlFlowAnalysis#handleExpr(com.google.javascript.rhino.Node):536, 3.783664052543458
com.google.javascript.jscomp.ControlFlowAnalysis#handleExpr(com.google.javascript.rhino.Node):537, 3.783664052543458
com.google.javascript.jscomp.parsing.JsDocInfoParser#parseAndRecordTypeNode(com.google.javascript.jscomp.parsing.JsDocToken):1195, 3.783423990226699
com.google.javascript.jscomp.parsing.JsDocInfoParser#parseAndRecordTypeNode(com.google.javascript.jscomp.parsing.JsDocToken,boolean):1207, 3.783423990226699
com.google.javascript.jscomp.parsing.JsDocInfoParser#parseTypeExpressionAnnotation(com.google.javascript.jscomp.parsing.JsDocToken):1673, 3.7834263066560267
com.google.javascript.jscomp.parsing.JsDocInfoParser#parseTypeExpressionAnnotation(com.google.javascript.jscomp.parsing.JsDocToken):1669, 3.7834261129564535
com.google.javascript.jscomp.parsing.JsDocInfoParser#parseTypeExpressionAnnotation(com.google.javascript.jscomp.parsing.JsDocToken):1670, 3.7834261129564535
com.google.javascript.jscomp.parsing.JsDocInfoParser#parseTypeExpressionAnnotation(com.google.javascript.jscomp.parsing.JsDocToken):1666, 3.7834255035371225
com.google.javascript.jscomp.parsing.JsDocInfoParser#parseTypeExpressionAnnotation(com.google.javascript.jscomp.parsing.JsDocToken):1667, 3.7834255035371225
com.google.javascript.jscomp.parsing.JsDocInfoParser#parseTypeExpressionAnnotation(com.google.javascript.jscomp.parsing.JsDocToken):1668, 3.7834255035371225
com.google.javascript.jscomp.parsing.JsDocInfoParser#parseTypeExpressionAnnotation(com.google.javascript.jscomp.parsing.JsDocToken):1677, 3.7834255035371225
com.google.javascript.jscomp.parsing.JsDocInfoParser#parseTypeExpressionAnnotation(com.google.javascript.jscomp.parsing.JsDocToken):1665, 3.783423990226699
com.google.javascript.jscomp.parsing.JsDocInfoParser#parseTypeExpressionAnnotation(com.google.javascript.jscomp.parsing.JsDocToken):1671, 3.78324
com.google.javascript.jscomp.parsing.JsDocInfoParser#parseTypeExpressionAnnotation(com.google.javascript.jscomp.parsing.JsDocToken):1679, 3.78324
com.google.javascript.jscomp.Compiler#getParserConfig():2092, 3.7833580054070626
com.google.javascript.jscomp.Compiler#getParserConfig():2093, 3.7833580054070626
com.google.javascript.jscomp.Compiler#getParserConfig():2085, 3.783350481927711
com.google.javascript.jscomp.Compiler#getParserConfig():2087, 3.783350481927711
com.google.javascript.jscomp.Compiler#getParserConfig():2101, 3.783350481927711
com.google.javascript.jscomp.Compiler#getParserConfig():2107, 3.783350481927711
com.google.javascript.jscomp.Compiler#getParserConfig():2089, 3.78323
com.google.javascript.jscomp.Compiler#getParserConfig():2090, 3.78323
com.google.javascript.jscomp.Compiler#getParserConfig():2095, 3.78323
com.google.javascript.jscomp.Compiler#getParserConfig():2096, 3.78323
com.google.javascript.jscomp.Compiler#getParserConfig():2098, 3.78323
com.google.javascript.jscomp.ControlFlowAnalysis#handleStmt(com.google.javascript.rhino.Node):670, 3.7815334939608545
com.google.javascript.jscomp.ControlFlowAnalysis#handleStmt(com.google.javascript.rhino.Node):671, 3.7815334939608545
com.google.javascript.jscomp.ControlFlowAnalysis#handleStmt(com.google.javascript.rhino.Node):672, 3.7815334939608545
com.google.javascript.rhino.jstype.JSTypeRegistry#createUnionType(com.google.javascript.rhino.jstype.JSType[]):1078, 3.779350560705543
com.google.javascript.rhino.jstype.JSTypeRegistry#createUnionType(com.google.javascript.rhino.jstype.JSType[]):1079, 3.779350560705543
com.google.javascript.rhino.jstype.JSTypeRegistry#createUnionType(com.google.javascript.rhino.jstype.JSType[]):1080, 3.779350560705543
com.google.javascript.rhino.jstype.JSTypeRegistry#createUnionType(com.google.javascript.rhino.jstype.JSType[]):1082, 3.779350560705543
com.google.javascript.jscomp.ControlFlowAnalysis.AstControlFlowGraph.1#compare(com.google.javascript.jscomp.graph.DiGraph.DiGraphNode,com.google.javascript.jscomp.graph.DiGraph.DiGraphNode):1034, 3.7792829098284755
com.google.javascript.jscomp.parsing.JsDocInfoParser#parseAndRecordTypeNode(com.google.javascript.jscomp.parsing.JsDocToken,int,int,boolean,boolean):1277, 3.775963990226699
com.google.javascript.jscomp.parsing.JsDocInfoParser#parseAndRecordTypeNode(com.google.javascript.jscomp.parsing.JsDocToken,int,int,boolean,boolean):1281, 3.775962726521436
com.google.javascript.jscomp.parsing.JsDocInfoParser#parseAndRecordTypeNode(com.google.javascript.jscomp.parsing.JsDocToken,int,int,boolean,boolean):1282, 3.775962726521436
com.google.javascript.jscomp.parsing.JsDocInfoParser#parseAndRecordTypeNode(com.google.javascript.jscomp.parsing.JsDocToken,int,int,boolean,boolean):1284, 3.775962726521436
com.google.javascript.jscomp.parsing.JsDocInfoParser#parseAndRecordTypeNode(com.google.javascript.jscomp.parsing.JsDocToken,int,int,boolean,boolean):1272, 3.7759620590804754
com.google.javascript.jscomp.parsing.JsDocInfoParser#parseAndRecordTypeNode(com.google.javascript.jscomp.parsing.JsDocToken,int,int,boolean,boolean):1274, 3.7759620590804754
com.google.javascript.jscomp.parsing.JsDocInfoParser#parseAndRecordTypeNode(com.google.javascript.jscomp.parsing.JsDocToken,int,int,boolean,boolean):1280, 3.7759620590804754
com.google.javascript.jscomp.parsing.JsDocInfoParser#parseAndRecordTypeNode(com.google.javascript.jscomp.parsing.JsDocToken,int,int,boolean,boolean):1288, 3.7759620590804754
com.google.javascript.jscomp.parsing.JsDocInfoParser#parseAndRecordTypeNode(com.google.javascript.jscomp.parsing.JsDocToken,int,int,boolean,boolean):1275, 3.77578
com.google.javascript.rhino.jstype.JSType#autoboxesTo():754, 3.773260360974925
com.google.javascript.rhino.jstype.UnionTypeBuilder#build():317, 3.7718105607055428
com.google.javascript.rhino.jstype.UnionTypeBuilder#build():318, 3.7718105607055428
com.google.javascript.rhino.jstype.UnionTypeBuilder#build():319, 3.7718105607055428
com.google.javascript.rhino.jstype.UnionTypeBuilder#build():320, 3.7718105607055428
com.google.javascript.rhino.jstype.UnionTypeBuilder#build():323, 3.7718105607055428
com.google.javascript.jscomp.parsing.JsDocInfoParser#lookAheadForTypeAnnotation():2485, 3.771466630836985
com.google.javascript.jscomp.parsing.JsDocInfoParser#lookAheadForTypeAnnotation():2486, 3.771466630836985
com.google.javascript.jscomp.parsing.JsDocInfoParser#lookAheadForTypeAnnotation():2483, 3.7714611011832373
com.google.javascript.jscomp.parsing.JsDocInfoParser#lookAheadForTypeAnnotation():2478, 3.771460923255063
com.google.javascript.jscomp.parsing.JsDocInfoParser#lookAheadForTypeAnnotation():2481, 3.771460923255063
com.google.javascript.jscomp.parsing.JsDocInfoParser#lookAheadForTypeAnnotation():2482, 3.771460923255063
com.google.javascript.jscomp.parsing.JsDocInfoParser#lookAheadForTypeAnnotation():2484, 3.771460923255063
com.google.javascript.jscomp.parsing.JsDocInfoParser#lookAheadForTypeAnnotation():2491, 3.771460923255063
com.google.javascript.jscomp.parsing.JsDocInfoParser#lookAheadForTypeAnnotation():2492, 3.771460923255063
com.google.javascript.jscomp.parsing.JsDocInfoParser#parseTopLevelTypeExpression(com.google.javascript.jscomp.parsing.JsDocToken):1762, 3.77102452116007
com.google.javascript.jscomp.parsing.JsDocInfoParser#parseTopLevelTypeExpression(com.google.javascript.jscomp.parsing.JsDocToken):1763, 3.77102452116007
com.google.javascript.jscomp.parsing.JsDocInfoParser#parseTopLevelTypeExpression(com.google.javascript.jscomp.parsing.JsDocToken):1767, 3.77102452116007
com.google.javascript.jscomp.parsing.JsDocInfoParser#parseTopLevelTypeExpression(com.google.javascript.jscomp.parsing.JsDocToken):1768, 3.77102452116007
com.google.javascript.jscomp.parsing.JsDocInfoParser#parseTopLevelTypeExpression(com.google.javascript.jscomp.parsing.JsDocToken):1769, 3.77102452116007
com.google.javascript.jscomp.parsing.JsDocInfoParser#parseTopLevelTypeExpression(com.google.javascript.jscomp.parsing.JsDocToken):1772, 3.7709918482418634
com.google.javascript.jscomp.parsing.JsDocInfoParser#parseTopLevelTypeExpression(com.google.javascript.jscomp.parsing.JsDocToken):1761, 3.7709913690625276
com.google.javascript.jscomp.parsing.JsDocInfoParser#parseTopLevelTypeExpression(com.google.javascript.jscomp.parsing.JsDocToken):1758, 3.7709908049272185
com.google.javascript.jscomp.parsing.JsDocInfoParser#parseTopLevelTypeExpression(com.google.javascript.jscomp.parsing.JsDocToken):1759, 3.7709908049272185
com.google.javascript.jscomp.parsing.JsDocInfoParser#parseTopLevelTypeExpression(com.google.javascript.jscomp.parsing.JsDocToken):1765, 3.77081
com.google.javascript.jscomp.CodingConventions.Proxy#getAssertionFunctions():210, 3.76747
com.google.javascript.jscomp.ControlFlowAnalysis.AstControlFlowGraph#getOptionalNodeComparator(boolean):1030, 3.7667329098284754
com.google.javascript.jscomp.ControlFlowAnalysis.AstControlFlowGraph#getOptionalNodeComparator(boolean):1029, 3.7667297503204615
com.google.javascript.jscomp.ControlFlowAnalysis.AstControlFlowGraph#getOptionalNodeComparator(boolean):1038, 3.76655
com.google.javascript.jscomp.SourceFile#isExtern():181, 3.76376902871851
com.google.javascript.jscomp.NodeUtil#isObjectLitKey(com.google.javascript.rhino.Node):2085, 3.7611812237811497
com.google.javascript.jscomp.NodeUtil#isObjectLitKey(com.google.javascript.rhino.Node):2079, 3.7611810972050117
com.google.javascript.jscomp.NodeUtil#isObjectLitKey(com.google.javascript.rhino.Node):2083, 3.76104
com.google.javascript.rhino.Node#newString(java.lang.String,int,int):516, 3.76116840084605
com.google.javascript.jscomp.parsing.JsDocInfoParser#createJSTypeExpression(com.google.javascript.rhino.Node):1360, 3.7578476112083314
com.google.javascript.rhino.JSDocInfo#isConstant():481, 3.754066721478461
com.google.javascript.rhino.JSDocInfo#isDefine():514, 3.753476583662423
com.google.javascript.jscomp.parsing.JsDocInfoParser#getSourceName():154, 3.750405682092232
com.google.javascript.jscomp.parsing.JsDocTokenStream#isJSDocString(int):297, 3.745557053557949
com.google.javascript.jscomp.parsing.JsDocTokenStream#isJSDocString(int):300, 3.7455557906384835
com.google.javascript.jscomp.parsing.JsDocTokenStream#isJSDocString(int):279, 3.7455547674954297
com.google.javascript.rhino.jstype.UnionType#getAlternates():91, 3.7454483018746854
com.google.javascript.rhino.jstype.UnionType#getAlternates():92, 3.7454483018746854
com.google.javascript.rhino.jstype.UnionType#getAlternates():96, 3.7454483018746854
com.google.javascript.rhino.jstype.UnionType#getAlternates():97, 3.7454483018746854
com.google.javascript.rhino.jstype.UnionType#getAlternates():93, 3.74525
com.google.javascript.rhino.jstype.UnionType#getAlternates():94, 3.74525
com.google.javascript.rhino.Node#setLength(int):1133, 3.7414138407617803
com.google.javascript.rhino.Node#setLength(int):1134, 3.7414138407617803
com.google.javascript.jscomp.parsing.JsDocTokenStream#isJSSpace(int):309, 3.740456460231885
com.google.javascript.jscomp.parsing.JsDocTokenStream#isJSSpace(int):310, 3.740456460231885
com.google.javascript.jscomp.parsing.JsDocTokenStream#isJSSpace(int):312, 3.7403
com.google.javascript.rhino.Node#isSyntheticBlock():1948, 3.740233578676961
com.google.javascript.rhino.Node#isQualifiedName():1601, 3.737889729070599
com.google.javascript.rhino.Node#isQualifiedName():1603, 3.7378787425013504
com.google.javascript.rhino.Node#isQualifiedName():1597, 3.7378782307514498
com.google.javascript.rhino.Node#isQualifiedName():1595, 3.737873109896482
com.google.javascript.rhino.Node#isQualifiedName():1599, 3.7377
com.google.javascript.rhino.Node#getJSType():1836, 3.7372829286159663
com.google.javascript.rhino.Node#addChildToFront(com.google.javascript.rhino.Node):599, 3.736458628398242
com.google.javascript.rhino.Node#addChildToFront(com.google.javascript.rhino.Node):593, 3.736452799478008
com.google.javascript.rhino.Node#addChildToFront(com.google.javascript.rhino.Node):594, 3.736452799478008
com.google.javascript.rhino.Node#addChildToFront(com.google.javascript.rhino.Node):595, 3.736452799478008
com.google.javascript.rhino.Node#addChildToFront(com.google.javascript.rhino.Node):596, 3.736452799478008
com.google.javascript.rhino.Node#addChildToFront(com.google.javascript.rhino.Node):597, 3.736452799478008
com.google.javascript.rhino.Node#addChildToFront(com.google.javascript.rhino.Node):598, 3.736452799478008
com.google.javascript.rhino.Node#addChildToFront(com.google.javascript.rhino.Node):601, 3.736452799478008
com.google.javascript.jscomp.parsing.JsDocInfoParser#retrieveAndResetParsedJSDocInfo():2459, 3.7342570185732553
com.google.javascript.jscomp.TypedScopeCreator.FirstOrderFunctionAnalyzer#enterScope(com.google.javascript.jscomp.NodeTraversal):2090, 3.7321316355949414
com.google.javascript.jscomp.TypedScopeCreator.FirstOrderFunctionAnalyzer#enterScope(com.google.javascript.jscomp.NodeTraversal):2091, 3.7321316355949414
com.google.javascript.jscomp.TypedScopeCreator.FirstOrderFunctionAnalyzer#enterScope(com.google.javascript.jscomp.NodeTraversal):2089, 3.732129083558415
com.google.javascript.jscomp.TypedScopeCreator.FirstOrderFunctionAnalyzer#enterScope(com.google.javascript.jscomp.NodeTraversal):2093, 3.732129083558415
com.google.javascript.jscomp.TypedScopeCreator#getNativeType(com.google.javascript.rhino.jstype.JSTypeNative):407, 3.732111354707147
com.google.javascript.rhino.jstype.ObjectType#getJSDocInfo():142, 3.725126684314412
com.google.javascript.jscomp.parsing.IRFactory.TransformDispatcher#processPropertyGet(com.google.javascript.rhino.head.ast.PropertyGet):1007, 3.719624518328254
com.google.javascript.jscomp.parsing.IRFactory.TransformDispatcher#processPropertyGet(com.google.javascript.rhino.head.ast.PropertyGet):1008, 3.719624518328254
com.google.javascript.jscomp.parsing.IRFactory.TransformDispatcher#processPropertyGet(com.google.javascript.rhino.head.ast.PropertyGet):1010, 3.719624518328254
com.google.javascript.jscomp.parsing.IRFactory.TransformDispatcher#processPropertyGet(com.google.javascript.rhino.head.ast.PropertyGet):1011, 3.719624518328254
com.google.javascript.jscomp.parsing.IRFactory.TransformDispatcher#processPropertyGet(com.google.javascript.rhino.head.ast.PropertyGet):1012, 3.719624518328254
com.google.javascript.jscomp.parsing.IRFactory.TransformDispatcher#processPropertyGet(com.google.javascript.rhino.head.ast.PropertyGet):1013, 3.719624518328254
com.google.javascript.jscomp.Scope.Var#getScope():185, 3.7155647354126122
com.google.javascript.jscomp.NodeTraversal#traverseRoots(com.google.javascript.jscomp.AbstractCompiler,java.util.List,com.google.javascript.jscomp.NodeTraversal.Callback):504, 3.711897345892323
com.google.javascript.jscomp.NodeTraversal#traverseRoots(com.google.javascript.jscomp.AbstractCompiler,java.util.List,com.google.javascript.jscomp.NodeTraversal.Callback):502, 3.711897313912747
com.google.javascript.jscomp.NodeTraversal#traverseRoots(com.google.javascript.jscomp.AbstractCompiler,java.util.List,com.google.javascript.jscomp.NodeTraversal.Callback):503, 3.711897313912747
com.google.javascript.rhino.Node#isReturn():2359, 3.7118976239251285
com.google.javascript.rhino.Node#isTry():2395, 3.7085969684100606
com.google.javascript.jscomp.parsing.JsDocInfoParser#setFileOverviewJSDocInfo(com.google.javascript.rhino.JSDocInfo):120, 3.701745634665
com.google.javascript.jscomp.parsing.JsDocInfoParser#setFileOverviewJSDocInfo(com.google.javascript.rhino.JSDocInfo):121, 3.701745634665
com.google.javascript.jscomp.parsing.JsDocInfoParser#setFileLevelJsDocBuilder(com.google.javascript.rhino.Node.FileLevelJsDocBuilder):112, 3.7012755438565144
com.google.javascript.jscomp.parsing.JsDocInfoParser#setFileLevelJsDocBuilder(com.google.javascript.rhino.Node.FileLevelJsDocBuilder):113, 3.7012755438565144
com.google.javascript.jscomp.DiagnosticGroupWarningsGuard#disables(com.google.javascript.jscomp.DiagnosticGroup):42, 3.7008054531972214
com.google.javascript.jscomp.parsing.IRFactory.TransformDispatcher#processFunctionNode(com.google.javascript.rhino.head.ast.FunctionNode):814, 3.700560375074775
com.google.javascript.jscomp.parsing.IRFactory.TransformDispatcher#processFunctionNode(com.google.javascript.rhino.head.ast.FunctionNode):809, 3.700560354454386
com.google.javascript.jscomp.parsing.IRFactory.TransformDispatcher#processFunctionNode(com.google.javascript.rhino.head.ast.FunctionNode):813, 3.700560354454386
com.google.javascript.jscomp.parsing.IRFactory.TransformDispatcher#processFunctionNode(com.google.javascript.rhino.head.ast.FunctionNode):824, 3.700560354454386
com.google.javascript.jscomp.parsing.IRFactory.TransformDispatcher#processFunctionNode(com.google.javascript.rhino.head.ast.FunctionNode):761, 3.7005569992205007
com.google.javascript.jscomp.parsing.IRFactory.TransformDispatcher#processFunctionNode(com.google.javascript.rhino.head.ast.FunctionNode):762, 3.7005569992205007
com.google.javascript.jscomp.parsing.IRFactory.TransformDispatcher#processFunctionNode(com.google.javascript.rhino.head.ast.FunctionNode):771, 3.7005569992205007
com.google.javascript.jscomp.parsing.IRFactory.TransformDispatcher#processFunctionNode(com.google.javascript.rhino.head.ast.FunctionNode):772, 3.7005569992205007
com.google.javascript.jscomp.parsing.IRFactory.TransformDispatcher#processFunctionNode(com.google.javascript.rhino.head.ast.FunctionNode):773, 3.7005569992205007
com.google.javascript.jscomp.parsing.IRFactory.TransformDispatcher#processFunctionNode(com.google.javascript.rhino.head.ast.FunctionNode):780, 3.7005569992205007
com.google.javascript.jscomp.parsing.IRFactory.TransformDispatcher#processFunctionNode(com.google.javascript.rhino.head.ast.FunctionNode):784, 3.7005569992205007
com.google.javascript.jscomp.parsing.IRFactory.TransformDispatcher#processFunctionNode(com.google.javascript.rhino.head.ast.FunctionNode):786, 3.7005569992205007
com.google.javascript.jscomp.parsing.IRFactory.TransformDispatcher#processFunctionNode(com.google.javascript.rhino.head.ast.FunctionNode):787, 3.7005569992205007
com.google.javascript.jscomp.parsing.IRFactory.TransformDispatcher#processFunctionNode(com.google.javascript.rhino.head.ast.FunctionNode):802, 3.7005569992205007
com.google.javascript.jscomp.parsing.IRFactory.TransformDispatcher#processFunctionNode(com.google.javascript.rhino.head.ast.FunctionNode):800, 3.700544097604426
com.google.javascript.jscomp.parsing.IRFactory.TransformDispatcher#processFunctionNode(com.google.javascript.rhino.head.ast.FunctionNode):758, 3.7005323951803737
com.google.javascript.jscomp.parsing.IRFactory.TransformDispatcher#processFunctionNode(com.google.javascript.rhino.head.ast.FunctionNode):759, 3.7005323951803737
com.google.javascript.jscomp.parsing.IRFactory.TransformDispatcher#processFunctionNode(com.google.javascript.rhino.head.ast.FunctionNode):760, 3.7005323951803737
com.google.javascript.jscomp.parsing.IRFactory.TransformDispatcher#processFunctionNode(com.google.javascript.rhino.head.ast.FunctionNode):775, 3.7005323951803737
com.google.javascript.jscomp.parsing.IRFactory.TransformDispatcher#processFunctionNode(com.google.javascript.rhino.head.ast.FunctionNode):776, 3.7005323951803737
com.google.javascript.jscomp.parsing.IRFactory.TransformDispatcher#processFunctionNode(com.google.javascript.rhino.head.ast.FunctionNode):777, 3.7005323951803737
com.google.javascript.jscomp.parsing.IRFactory.TransformDispatcher#processFunctionNode(com.google.javascript.rhino.head.ast.FunctionNode):790, 3.7005323951803737
com.google.javascript.jscomp.parsing.IRFactory.TransformDispatcher#processFunctionNode(com.google.javascript.rhino.head.ast.FunctionNode):791, 3.7005323951803737
com.google.javascript.jscomp.parsing.IRFactory.TransformDispatcher#processFunctionNode(com.google.javascript.rhino.head.ast.FunctionNode):798, 3.7005323951803737
com.google.javascript.jscomp.parsing.IRFactory.TransformDispatcher#processFunctionNode(com.google.javascript.rhino.head.ast.FunctionNode):799, 3.7005323951803737
com.google.javascript.jscomp.parsing.IRFactory.TransformDispatcher#processFunctionNode(com.google.javascript.rhino.head.ast.FunctionNode):804, 3.7005323951803737
com.google.javascript.jscomp.parsing.IRFactory.TransformDispatcher#processFunctionNode(com.google.javascript.rhino.head.ast.FunctionNode):807, 3.7005323951803737
com.google.javascript.jscomp.parsing.IRFactory.TransformDispatcher#processFunctionNode(com.google.javascript.rhino.head.ast.FunctionNode):808, 3.7005323951803737
com.google.javascript.jscomp.parsing.IRFactory.TransformDispatcher#processFunctionNode(com.google.javascript.rhino.head.ast.FunctionNode):825, 3.7005323951803737
com.google.javascript.jscomp.parsing.IRFactory.TransformDispatcher#processFunctionNode(com.google.javascript.rhino.head.ast.FunctionNode):827, 3.7005323951803737
com.google.javascript.jscomp.parsing.IRFactory.TransformDispatcher#processFunctionNode(com.google.javascript.rhino.head.ast.FunctionNode):828, 3.7005323951803737
com.google.javascript.jscomp.parsing.IRFactory.TransformDispatcher#processFunctionNode(com.google.javascript.rhino.head.ast.FunctionNode):835, 3.7005323951803737
com.google.javascript.jscomp.parsing.IRFactory.TransformDispatcher#processFunctionNode(com.google.javascript.rhino.head.ast.FunctionNode):836, 3.7005323951803737
com.google.javascript.jscomp.parsing.IRFactory.TransformDispatcher#processFunctionNode(com.google.javascript.rhino.head.ast.FunctionNode):837, 3.7005323951803737
com.google.javascript.jscomp.parsing.IRFactory.TransformDispatcher#processFunctionNode(com.google.javascript.rhino.head.ast.FunctionNode):763, 3.7004
com.google.javascript.jscomp.parsing.IRFactory.TransformDispatcher#processFunctionNode(com.google.javascript.rhino.head.ast.FunctionNode):769, 3.7004
com.google.javascript.jscomp.parsing.IRFactory.TransformDispatcher#processFunctionNode(com.google.javascript.rhino.head.ast.FunctionNode):819, 3.7004
com.google.javascript.jscomp.parsing.IRFactory.TransformDispatcher#processFunctionNode(com.google.javascript.rhino.head.ast.FunctionNode):832, 3.7004
com.google.javascript.jscomp.parsing.IRFactory.TransformDispatcher#processFunctionNode(com.google.javascript.rhino.head.ast.FunctionNode):833, 3.7004
com.google.javascript.rhino.Node#isFor():2271, 3.7005654079233947
com.google.javascript.rhino.Node#isNew():2327, 3.698324979667509
com.google.javascript.rhino.Node#children():1239, 3.696217053557949
com.google.javascript.rhino.Node#children():1241, 3.696209637785936
com.google.javascript.rhino.Node#children():1238, 3.696204577004669
com.google.javascript.rhino.Node#setJSDocInfo(com.google.javascript.rhino.JSDocInfo):1885, 3.6938441330410745
com.google.javascript.rhino.Node#setJSDocInfo(com.google.javascript.rhino.JSDocInfo):1886, 3.6938441330410745
com.google.javascript.jscomp.SyntacticScopeCreator#scanVars(com.google.javascript.rhino.Node):136, 3.6937363645668
com.google.javascript.jscomp.SyntacticScopeCreator#scanVars(com.google.javascript.rhino.Node):140, 3.6937363645668
com.google.javascript.jscomp.SyntacticScopeCreator#scanVars(com.google.javascript.rhino.Node):141, 3.6937363645668
com.google.javascript.jscomp.SyntacticScopeCreator#scanVars(com.google.javascript.rhino.Node):145, 3.6937363645668
com.google.javascript.jscomp.SyntacticScopeCreator#scanVars(com.google.javascript.rhino.Node):146, 3.6937363645668
com.google.javascript.jscomp.SyntacticScopeCreator#scanVars(com.google.javascript.rhino.Node):127, 3.693724052744485
com.google.javascript.jscomp.SyntacticScopeCreator#scanVars(com.google.javascript.rhino.Node):128, 3.693724052744485
com.google.javascript.jscomp.SyntacticScopeCreator#scanVars(com.google.javascript.rhino.Node):129, 3.693724052744485
com.google.javascript.jscomp.SyntacticScopeCreator#scanVars(com.google.javascript.rhino.Node):130, 3.693724052744485
com.google.javascript.jscomp.SyntacticScopeCreator#scanVars(com.google.javascript.rhino.Node):131, 3.693724052744485
com.google.javascript.jscomp.SyntacticScopeCreator#scanVars(com.google.javascript.rhino.Node):132, 3.693724052744485
com.google.javascript.jscomp.SyntacticScopeCreator#scanVars(com.google.javascript.rhino.Node):133, 3.693724052744485
com.google.javascript.jscomp.SyntacticScopeCreator#scanVars(com.google.javascript.rhino.Node):162, 3.693716666104818
com.google.javascript.jscomp.SyntacticScopeCreator#scanVars(com.google.javascript.rhino.Node):163, 3.693716666104818
com.google.javascript.jscomp.SyntacticScopeCreator#scanVars(com.google.javascript.rhino.Node):170, 3.6937159946473557
com.google.javascript.jscomp.SyntacticScopeCreator#scanVars(com.google.javascript.rhino.Node):171, 3.6937159946473557
com.google.javascript.jscomp.SyntacticScopeCreator#scanVars(com.google.javascript.rhino.Node):172, 3.6937159946473557
com.google.javascript.jscomp.SyntacticScopeCreator#scanVars(com.google.javascript.rhino.Node):173, 3.6937159946473557
com.google.javascript.jscomp.SyntacticScopeCreator#scanVars(com.google.javascript.rhino.Node):174, 3.6937159946473557
com.google.javascript.jscomp.SyntacticScopeCreator#scanVars(com.google.javascript.rhino.Node):175, 3.6937159946473557
com.google.javascript.jscomp.SyntacticScopeCreator#scanVars(com.google.javascript.rhino.Node):124, 3.6937159695027413
com.google.javascript.jscomp.SyntacticScopeCreator#scanVars(com.google.javascript.rhino.Node):169, 3.6937159695027413
com.google.javascript.jscomp.SyntacticScopeCreator#scanVars(com.google.javascript.rhino.Node):177, 3.6937159695027413
com.google.javascript.jscomp.SyntacticScopeCreator#scanVars(com.google.javascript.rhino.Node):137, 3.69358
com.google.javascript.jscomp.SyntacticScopeCreator#scanVars(com.google.javascript.rhino.Node):143, 3.69358
com.google.javascript.jscomp.SyntacticScopeCreator#scanVars(com.google.javascript.rhino.Node):149, 3.69358
com.google.javascript.jscomp.SyntacticScopeCreator#scanVars(com.google.javascript.rhino.Node):150, 3.69358
com.google.javascript.jscomp.SyntacticScopeCreator#scanVars(com.google.javascript.rhino.Node):154, 3.69358
com.google.javascript.jscomp.SyntacticScopeCreator#scanVars(com.google.javascript.rhino.Node):155, 3.69358
com.google.javascript.jscomp.SyntacticScopeCreator#scanVars(com.google.javascript.rhino.Node):157, 3.69358
com.google.javascript.jscomp.SyntacticScopeCreator#scanVars(com.google.javascript.rhino.Node):158, 3.69358
com.google.javascript.jscomp.SyntacticScopeCreator#scanVars(com.google.javascript.rhino.Node):159, 3.69358
com.google.javascript.rhino.jstype.UnionType#resolveInternal(com.google.javascript.rhino.ErrorReporter,com.google.javascript.rhino.jstype.StaticScope):558, 3.6918942571724713
com.google.javascript.rhino.jstype.UnionType#resolveInternal(com.google.javascript.rhino.ErrorReporter,com.google.javascript.rhino.jstype.StaticScope):562, 3.6918942571724713
com.google.javascript.rhino.jstype.UnionType#resolveInternal(com.google.javascript.rhino.ErrorReporter,com.google.javascript.rhino.jstype.StaticScope):563, 3.6918942571724713
com.google.javascript.rhino.jstype.UnionType#resolveInternal(com.google.javascript.rhino.ErrorReporter,com.google.javascript.rhino.jstype.StaticScope):564, 3.6918942571724713
com.google.javascript.rhino.jstype.UnionType#resolveInternal(com.google.javascript.rhino.ErrorReporter,com.google.javascript.rhino.jstype.StaticScope):566, 3.6918942571724713
com.google.javascript.rhino.jstype.UnionType#resolveInternal(com.google.javascript.rhino.ErrorReporter,com.google.javascript.rhino.jstype.StaticScope):567, 3.6918942571724713
com.google.javascript.jscomp.LinkedFlowScope#getFunctionScope():88, 3.6879788137280123
com.google.javascript.jscomp.NodeUtil#isStatement(com.google.javascript.rhino.Node):1762, 3.682731419774644
com.google.javascript.jscomp.NodeTraversal#traverseRoots(java.util.List):317, 3.6787454324317905
com.google.javascript.jscomp.NodeTraversal#traverseRoots(java.util.List):320, 3.6787454324317905
com.google.javascript.jscomp.NodeTraversal#traverseRoots(java.util.List):321, 3.6787454324317905
com.google.javascript.jscomp.NodeTraversal#traverseRoots(java.util.List):299, 3.6787454016817254
com.google.javascript.jscomp.NodeTraversal#traverseRoots(java.util.List):304, 3.6787454016817254
com.google.javascript.jscomp.NodeTraversal#traverseRoots(java.util.List):305, 3.6787454016817254
com.google.javascript.jscomp.NodeTraversal#traverseRoots(java.util.List):307, 3.6787454016817254
com.google.javascript.jscomp.NodeTraversal#traverseRoots(java.util.List):308, 3.6787454016817254
com.google.javascript.jscomp.NodeTraversal#traverseRoots(java.util.List):309, 3.6787454016817254
com.google.javascript.jscomp.NodeTraversal#traverseRoots(java.util.List):310, 3.6787454016817254
com.google.javascript.jscomp.NodeTraversal#traverseRoots(java.util.List):312, 3.6787454016817254
com.google.javascript.jscomp.NodeTraversal#traverseRoots(java.util.List):313, 3.6787454016817254
com.google.javascript.jscomp.NodeTraversal#traverseRoots(java.util.List):314, 3.6787454016817254
com.google.javascript.jscomp.NodeTraversal#traverseRoots(java.util.List):315, 3.6787454016817254
com.google.javascript.jscomp.NodeTraversal#traverseRoots(java.util.List):300, 3.6786
com.google.javascript.jscomp.NodeTraversal#traverseRoots(java.util.List):318, 3.6786
com.google.javascript.jscomp.NodeTraversal#traverseRoots(java.util.List):319, 3.6786
com.google.javascript.jscomp.parsing.IRFactory.TransformDispatcher#processAssignment(com.google.javascript.rhino.head.ast.Assignment):569, 3.6765051563813707
com.google.javascript.jscomp.parsing.IRFactory.TransformDispatcher#processAssignment(com.google.javascript.rhino.head.ast.Assignment):570, 3.6765051563813707
com.google.javascript.jscomp.parsing.IRFactory.TransformDispatcher#processAssignment(com.google.javascript.rhino.head.ast.Assignment):571, 3.6765051563813707
com.google.javascript.jscomp.parsing.IRFactory.TransformDispatcher#processAssignment(com.google.javascript.rhino.head.ast.Assignment):577, 3.6765051563813707
com.google.javascript.jscomp.parsing.IRFactory.TransformDispatcher#processAssignment(com.google.javascript.rhino.head.ast.Assignment):572, 3.67636
com.google.javascript.jscomp.MemoizedScopeCreator#getAllMemoizedScopes():91, 3.6745330228591206
com.google.javascript.rhino.jstype.AllType#resolveInternal(com.google.javascript.rhino.ErrorReporter,com.google.javascript.rhino.jstype.StaticScope):114, 3.674022986911107
com.google.javascript.rhino.jstype.ObjectType#isUnknownType():568, 3.6740241473088533
com.google.javascript.rhino.jstype.ObjectType#isUnknownType():556, 3.673950560705543
com.google.javascript.rhino.jstype.ObjectType#isUnknownType():557, 3.673950560705543
com.google.javascript.rhino.jstype.ObjectType#isUnknownType():558, 3.673950560705543
com.google.javascript.rhino.jstype.ObjectType#isUnknownType():560, 3.673950560705543
com.google.javascript.rhino.jstype.ObjectType#isUnknownType():561, 3.673950560705543
com.google.javascript.rhino.jstype.ObjectType#isUnknownType():566, 3.673950560705543
com.google.javascript.rhino.jstype.ObjectType#isUnknownType():571, 3.673950560705543
com.google.javascript.rhino.jstype.ObjectType#isUnknownType():562, 3.67383
com.google.javascript.rhino.jstype.ObjectType#isUnknownType():563, 3.67383
com.google.javascript.rhino.jstype.ObjectType#isUnknownType():564, 3.67383
com.google.javascript.rhino.jstype.JSType#resolve(com.google.javascript.rhino.ErrorReporter,com.google.javascript.rhino.jstype.StaticScope):1355, 3.669597977895099
com.google.javascript.rhino.jstype.JSType#resolve(com.google.javascript.rhino.ErrorReporter,com.google.javascript.rhino.jstype.StaticScope):1358, 3.669597977895099
com.google.javascript.rhino.jstype.JSType#resolve(com.google.javascript.rhino.ErrorReporter,com.google.javascript.rhino.jstype.StaticScope):1352, 3.6695978451891915
com.google.javascript.rhino.jstype.JSType#resolve(com.google.javascript.rhino.ErrorReporter,com.google.javascript.rhino.jstype.StaticScope):1360, 3.6695978451891915
com.google.javascript.rhino.jstype.JSType#resolve(com.google.javascript.rhino.ErrorReporter,com.google.javascript.rhino.jstype.StaticScope):1361, 3.6695978451891915
com.google.javascript.rhino.jstype.JSType#resolve(com.google.javascript.rhino.ErrorReporter,com.google.javascript.rhino.jstype.StaticScope):1362, 3.6695978451891915
com.google.javascript.rhino.jstype.JSType#resolve(com.google.javascript.rhino.ErrorReporter,com.google.javascript.rhino.jstype.StaticScope):1363, 3.6695978451891915
com.google.javascript.rhino.jstype.JSType#resolve(com.google.javascript.rhino.ErrorReporter,com.google.javascript.rhino.jstype.StaticScope):1356, 3.66941
com.google.javascript.jscomp.GoogleCodingConvention#isConstantKey(java.lang.String):92, 3.6695407268429894
com.google.javascript.jscomp.GoogleCodingConvention#isConstantKey(java.lang.String):91, 3.6695397599015265
com.google.javascript.jscomp.GoogleCodingConvention#isConstantKey(java.lang.String):96, 3.66938
com.google.javascript.rhino.jstype.JSType#safeResolve(com.google.javascript.rhino.jstype.JSType,com.google.javascript.rhino.ErrorReporter,com.google.javascript.rhino.jstype.StaticScope):1393, 3.668827977895099
com.google.javascript.jscomp.ClosureCodingConvention#getAssertionFunctions():371, 3.659608077609311
com.google.javascript.jscomp.FunctionTypeBuilder.AstFunctionContents#getAssignedNameCounts():977, 3.6546316355949418
com.google.javascript.jscomp.parsing.IRFactory#handleJsDoc(com.google.javascript.rhino.head.ast.AstNode,com.google.javascript.rhino.Node):281, 3.653855862341623
com.google.javascript.jscomp.parsing.IRFactory#handleJsDoc(com.google.javascript.rhino.head.ast.AstNode,com.google.javascript.rhino.Node):279, 3.653855771158361
com.google.javascript.jscomp.parsing.IRFactory#handleJsDoc(com.google.javascript.rhino.head.ast.AstNode,com.google.javascript.rhino.Node):280, 3.653855771158361
com.google.javascript.jscomp.parsing.IRFactory#handleJsDoc(com.google.javascript.rhino.head.ast.AstNode,com.google.javascript.rhino.Node):283, 3.653855771158361
com.google.javascript.jscomp.parsing.IRFactory#handleJsDoc(com.google.javascript.rhino.head.ast.AstNode,com.google.javascript.rhino.Node):276, 3.6538557256230875
com.google.javascript.jscomp.parsing.IRFactory#handleJsDoc(com.google.javascript.rhino.head.ast.AstNode,com.google.javascript.rhino.Node):277, 3.6538557256230875
com.google.javascript.jscomp.parsing.IRFactory#handleJsDoc(com.google.javascript.rhino.head.ast.AstNode,com.google.javascript.rhino.Node):278, 3.6538557256230875
com.google.javascript.jscomp.parsing.IRFactory#handleJsDoc(com.google.javascript.rhino.head.ast.AstNode,com.google.javascript.rhino.Node):274, 3.6538092675608325
com.google.javascript.jscomp.parsing.IRFactory#handleJsDoc(com.google.javascript.rhino.head.ast.AstNode,com.google.javascript.rhino.Node):275, 3.6538092675608325
com.google.javascript.jscomp.parsing.IRFactory#handleJsDoc(com.google.javascript.rhino.head.ast.AstNode,com.google.javascript.rhino.Node):286, 3.6538092675608325
com.google.javascript.jscomp.parsing.JsDocTokenStream#getLineno():225, 3.653617076674487
com.google.javascript.jscomp.parsing.JsDocTokenStream#getCharno():228, 3.653617076674487
com.google.javascript.rhino.JSDocInfoBuilder#populateDefaults(com.google.javascript.rhino.JSDocInfo):149, 3.653617348668932
com.google.javascript.rhino.JSDocInfoBuilder#populateDefaults(com.google.javascript.rhino.JSDocInfo):148, 3.6536169798749003
com.google.javascript.rhino.JSDocInfoBuilder#populateDefaults(com.google.javascript.rhino.JSDocInfo):151, 3.6536169798749003
com.google.javascript.rhino.JSDocInfo#setAssociatedNode(com.google.javascript.rhino.Node):1491, 3.6536169798749003
com.google.javascript.rhino.JSDocInfo#setAssociatedNode(com.google.javascript.rhino.Node):1492, 3.6536169798749003
com.google.javascript.rhino.JSDocInfo#setVisibility(com.google.javascript.rhino.JSDocInfo.Visibility):673, 3.653376941205144
com.google.javascript.rhino.JSDocInfo#setVisibility(com.google.javascript.rhino.JSDocInfo.Visibility):674, 3.653376941205144
com.google.javascript.rhino.JSDocInfoBuilder#recordOriginalCommentString(java.lang.String):79, 3.6529069605364497
com.google.javascript.rhino.JSDocInfoBuilder#recordOriginalCommentString(java.lang.String):82, 3.6529069605364497
com.google.javascript.rhino.JSDocInfoBuilder#recordOriginalCommentString(java.lang.String):80, 3.65275
com.google.javascript.rhino.JSDocInfoBuilder#recordOriginalCommentPosition(int):88, 3.6529069605364497
com.google.javascript.rhino.JSDocInfoBuilder#recordOriginalCommentPosition(int):91, 3.6529069605364497
com.google.javascript.rhino.JSDocInfoBuilder#recordOriginalCommentPosition(int):89, 3.65275
com.google.javascript.rhino.JSDocInfoBuilder#shouldParseDocumentation():94, 3.6529069605364497
com.google.javascript.jscomp.parsing.JsDocInfoParser#skipEOLs():2432, 3.6527154987341315
com.google.javascript.jscomp.parsing.JsDocInfoParser#skipEOLs():2430, 3.6527151524849657
com.google.javascript.jscomp.parsing.JsDocInfoParser#skipEOLs():2431, 3.6527151524849657
com.google.javascript.jscomp.parsing.JsDocInfoParser#skipEOLs():2429, 3.6526669218809786
com.google.javascript.jscomp.parsing.JsDocInfoParser#skipEOLs():2435, 3.6526669218809786
com.google.javascript.jscomp.parsing.JsDocTokenStream#getOffset():446, 3.6497264410848214
com.google.javascript.jscomp.parsing.IRFactory#transformNameAsString(com.google.javascript.rhino.head.ast.Name):400, 3.6334432523629228
com.google.javascript.jscomp.parsing.IRFactory#transformNameAsString(com.google.javascript.rhino.head.ast.Name):401, 3.6334432523629228
com.google.javascript.jscomp.parsing.IRFactory#transformNameAsString(com.google.javascript.rhino.head.ast.Name):402, 3.6334432523629228
com.google.javascript.jscomp.parsing.IRFactory#transformNameAsString(com.google.javascript.rhino.head.ast.Name):405, 3.6334432523629228
com.google.javascript.jscomp.parsing.IRFactory#transformNameAsString(com.google.javascript.rhino.head.ast.Name):406, 3.6334432523629228
com.google.javascript.jscomp.parsing.IRFactory#transformNameAsString(com.google.javascript.rhino.head.ast.Name):403, 3.6333
com.google.javascript.jscomp.Scope.Var#getType():236, 3.6332891850434708
com.google.javascript.jscomp.parsing.IRFactory.TransformDispatcher#transformAsString(com.google.javascript.rhino.head.ast.AstNode):541, 3.6299832523629227
com.google.javascript.jscomp.parsing.IRFactory.TransformDispatcher#transformAsString(com.google.javascript.rhino.head.ast.AstNode):540, 3.629982842567829
com.google.javascript.jscomp.parsing.IRFactory.TransformDispatcher#transformAsString(com.google.javascript.rhino.head.ast.AstNode):549, 3.629982842567829
com.google.javascript.jscomp.parsing.IRFactory.TransformDispatcher#transformAsString(com.google.javascript.rhino.head.ast.AstNode):550, 3.629982842567829
com.google.javascript.jscomp.parsing.IRFactory.TransformDispatcher#transformAsString(com.google.javascript.rhino.head.ast.AstNode):542, 3.62984
com.google.javascript.jscomp.parsing.IRFactory.TransformDispatcher#transformAsString(com.google.javascript.rhino.head.ast.AstNode):543, 3.62984
com.google.javascript.jscomp.parsing.IRFactory.TransformDispatcher#transformAsString(com.google.javascript.rhino.head.ast.AstNode):544, 3.62984
com.google.javascript.jscomp.parsing.IRFactory.TransformDispatcher#transformAsString(com.google.javascript.rhino.head.ast.AstNode):546, 3.62984
com.google.javascript.jscomp.parsing.IRFactory.TransformDispatcher#transformAsString(com.google.javascript.rhino.head.ast.AstNode):547, 3.62984
com.google.javascript.jscomp.TypedScopeCreator.AbstractScopeBuilder#assertDefinitionNode(com.google.javascript.rhino.Node,int):752, 3.6291399000439335
com.google.javascript.jscomp.TypedScopeCreator.AbstractScopeBuilder#assertDefinitionNode(com.google.javascript.rhino.Node,int):753, 3.6291399000439335
com.google.javascript.jscomp.TypedScopeCreator.AbstractScopeBuilder#assertDefinitionNode(com.google.javascript.rhino.Node,int):754, 3.6291399000439335
com.google.javascript.rhino.jstype.JSType#restrictByNotNullOrUndefined():1200, 3.6209539902266985
com.google.javascript.jscomp.TypeInference#createInitialEstimateLattice():169, 3.616909083558415
com.google.javascript.jscomp.TypeInference#createEntryLattice():174, 3.616909083558415
com.google.javascript.jscomp.Scope#getDeclarativelyUnboundVarsWithoutTypes():617, 3.616909083558415
com.google.javascript.jscomp.NodeTraversal#getInputId():697, 3.616909083558415
com.google.javascript.rhino.Node#getQualifiedName():1582, 3.609579923255252
com.google.javascript.rhino.Node#getQualifiedName():1578, 3.6095798415157856
com.google.javascript.rhino.Node#getQualifiedName():1579, 3.6095798415157856
com.google.javascript.rhino.Node#getQualifiedName():1577, 3.609578790181481
com.google.javascript.rhino.Node#getQualifiedName():1575, 3.6095707043045757
com.google.javascript.rhino.Node#getQualifiedName():1576, 3.6095707043045757
com.google.javascript.rhino.Node#getQualifiedName():1574, 3.609570346194831
com.google.javascript.rhino.Node#getQualifiedName():1580, 3.60942
com.google.javascript.rhino.Node#getQualifiedName():1583, 3.60942
com.google.javascript.rhino.Node#getQualifiedName():1584, 3.60942
com.google.javascript.rhino.Node#getQualifiedName():1586, 3.60942
com.google.javascript.jscomp.SyntacticScopeCreator#createScope(com.google.javascript.rhino.Node,com.google.javascript.jscomp.Scope):72, 3.604056458258388
com.google.javascript.jscomp.SyntacticScopeCreator#createScope(com.google.javascript.rhino.Node,com.google.javascript.jscomp.Scope):70, 3.604046234219031
com.google.javascript.jscomp.SyntacticScopeCreator#createScope(com.google.javascript.rhino.Node,com.google.javascript.jscomp.Scope):68, 3.6040459695027414
com.google.javascript.jscomp.SyntacticScopeCreator#createScope(com.google.javascript.rhino.Node,com.google.javascript.jscomp.Scope):69, 3.6040459695027414
com.google.javascript.jscomp.SyntacticScopeCreator#createScope(com.google.javascript.rhino.Node,com.google.javascript.jscomp.Scope):75, 3.6040459695027414
com.google.javascript.jscomp.SyntacticScopeCreator#createScope(com.google.javascript.rhino.Node,com.google.javascript.jscomp.Scope):77, 3.6040459695027414
com.google.javascript.jscomp.SyntacticScopeCreator#createScope(com.google.javascript.rhino.Node,com.google.javascript.jscomp.Scope):78, 3.6040459695027414
com.google.javascript.jscomp.SyntacticScopeCreator#createScope(com.google.javascript.rhino.Node,com.google.javascript.jscomp.Scope):79, 3.6040459695027414
com.google.javascript.jscomp.SyntacticScopeCreator#createScope(com.google.javascript.rhino.Node,com.google.javascript.jscomp.Scope):80, 3.6040459695027414
com.google.javascript.rhino.jstype.ValueType#resolveInternal(com.google.javascript.rhino.ErrorReporter,com.google.javascript.rhino.jstype.StaticScope):54, 3.600608011115546
com.google.javascript.rhino.jstype.PropertyMap#values():203, 3.599597944692256
com.google.javascript.rhino.jstype.UnknownType#resolveInternal(com.google.javascript.rhino.ErrorReporter,com.google.javascript.rhino.jstype.StaticScope):159, 3.598577878339318
com.google.javascript.jscomp.ComposeWarningsGuard#enables(com.google.javascript.jscomp.DiagnosticGroup):153, 3.5892748468752065
com.google.javascript.jscomp.ComposeWarningsGuard#enables(com.google.javascript.jscomp.DiagnosticGroup):157, 3.5892158395317013
com.google.javascript.jscomp.ComposeWarningsGuard#enables(com.google.javascript.jscomp.DiagnosticGroup):152, 3.5892154531972214
com.google.javascript.jscomp.ComposeWarningsGuard#enables(com.google.javascript.jscomp.DiagnosticGroup):155, 3.5892154531972214
com.google.javascript.jscomp.ComposeWarningsGuard#enables(com.google.javascript.jscomp.DiagnosticGroup):151, 3.5891805767911236
com.google.javascript.jscomp.ComposeWarningsGuard#enables(com.google.javascript.jscomp.DiagnosticGroup):150, 3.5891699089038362
com.google.javascript.jscomp.ComposeWarningsGuard#enables(com.google.javascript.jscomp.DiagnosticGroup):149, 3.5891696511273206
com.google.javascript.jscomp.parsing.IRFactory#transformTree(com.google.javascript.rhino.head.ast.AstRoot,com.google.javascript.rhino.jstype.StaticSourceFile,java.lang.String,com.google.javascript.jscomp.parsing.Config,com.google.javascript.rhino.head.ErrorReporter):193, 3.5795355211777204
com.google.javascript.jscomp.parsing.IRFactory#transformTree(com.google.javascript.rhino.head.ast.AstRoot,com.google.javascript.rhino.jstype.StaticSourceFile,java.lang.String,com.google.javascript.jscomp.parsing.Config,com.google.javascript.rhino.head.ErrorReporter):189, 3.5795354305556617
com.google.javascript.jscomp.parsing.IRFactory#transformTree(com.google.javascript.rhino.head.ast.AstRoot,com.google.javascript.rhino.jstype.StaticSourceFile,java.lang.String,com.google.javascript.jscomp.parsing.Config,com.google.javascript.rhino.head.ErrorReporter):190, 3.5795354305556617
com.google.javascript.jscomp.parsing.IRFactory#transformTree(com.google.javascript.rhino.head.ast.AstRoot,com.google.javascript.rhino.jstype.StaticSourceFile,java.lang.String,com.google.javascript.jscomp.parsing.Config,com.google.javascript.rhino.head.ErrorReporter):196, 3.5795354305556617
com.google.javascript.jscomp.parsing.IRFactory#transformTree(com.google.javascript.rhino.head.ast.AstRoot,com.google.javascript.rhino.jstype.StaticSourceFile,java.lang.String,com.google.javascript.jscomp.parsing.Config,com.google.javascript.rhino.head.ErrorReporter):184, 3.5794892675608323
com.google.javascript.jscomp.parsing.IRFactory#transformTree(com.google.javascript.rhino.head.ast.AstRoot,com.google.javascript.rhino.jstype.StaticSourceFile,java.lang.String,com.google.javascript.jscomp.parsing.Config,com.google.javascript.rhino.head.ErrorReporter):186, 3.5794892675608323
com.google.javascript.jscomp.parsing.IRFactory#transformTree(com.google.javascript.rhino.head.ast.AstRoot,com.google.javascript.rhino.jstype.StaticSourceFile,java.lang.String,com.google.javascript.jscomp.parsing.Config,com.google.javascript.rhino.head.ErrorReporter):188, 3.5794892675608323
com.google.javascript.jscomp.parsing.IRFactory#transformTree(com.google.javascript.rhino.head.ast.AstRoot,com.google.javascript.rhino.jstype.StaticSourceFile,java.lang.String,com.google.javascript.jscomp.parsing.Config,com.google.javascript.rhino.head.ErrorReporter):199, 3.5794892675608323
com.google.javascript.jscomp.parsing.IRFactory#transformTree(com.google.javascript.rhino.head.ast.AstRoot,com.google.javascript.rhino.jstype.StaticSourceFile,java.lang.String,com.google.javascript.jscomp.parsing.Config,com.google.javascript.rhino.head.ErrorReporter):201, 3.5794892675608323
com.google.javascript.jscomp.parsing.IRFactory#transformTree(com.google.javascript.rhino.head.ast.AstRoot,com.google.javascript.rhino.jstype.StaticSourceFile,java.lang.String,com.google.javascript.jscomp.parsing.Config,com.google.javascript.rhino.head.ErrorReporter):192, 3.57937
com.google.javascript.jscomp.parsing.IRFactory#transformTree(com.google.javascript.rhino.head.ast.AstRoot,com.google.javascript.rhino.jstype.StaticSourceFile,java.lang.String,com.google.javascript.jscomp.parsing.Config,com.google.javascript.rhino.head.ErrorReporter):194, 3.57937
com.google.javascript.jscomp.LinkedFlowScope#createEntryLattice(com.google.javascript.jscomp.Scope):100, 3.5787265983427154
com.google.javascript.jscomp.LinkedFlowScope#createChildFlowScope():162, 3.5787265983427154
com.google.javascript.jscomp.LinkedFlowScope#createChildFlowScope():164, 3.5787265983427154
com.google.javascript.jscomp.LinkedFlowScope#createChildFlowScope():171, 3.5787265983427154
com.google.javascript.jscomp.LinkedFlowScope#createChildFlowScope():165, 3.57854
com.google.javascript.jscomp.LinkedFlowScope#createChildFlowScope():166, 3.57854
com.google.javascript.jscomp.LinkedFlowScope#createChildFlowScope():168, 3.57854
com.google.javascript.jscomp.Compiler#hasHaltingErrors():2185, 3.5723204469648757
com.google.javascript.rhino.Node#isGetElem():2283, 3.5653943826939414
com.google.javascript.jscomp.NodeTraversal#getInput():439, 3.563734172464218
com.google.javascript.jscomp.NodeTraversal#getCurrentNode():452, 3.5629350266226205
com.google.javascript.rhino.JSDocInfo#getFlag(int):668, 3.551866536890504
com.google.javascript.jscomp.Compiler#getCodingConvention():2052, 3.5514885551973565
com.google.javascript.jscomp.Compiler#getCodingConvention():2053, 3.5514885551973565
com.google.javascript.jscomp.Compiler#getCodingConvention():2054, 3.5514885551973565
com.google.javascript.rhino.jstype.JSTypeRegistry#createNullableType(com.google.javascript.rhino.jstype.JSType):1062, 3.5508029425599013
com.google.javascript.jscomp.NodeTraversal#getScopeRoot():662, 3.5481727843122925
com.google.javascript.jscomp.NodeTraversal#getScopeRoot():664, 3.5481589705387555
com.google.javascript.jscomp.NodeTraversal#getScopeRoot():661, 3.548158938372515
com.google.javascript.rhino.Node#isParamList():2351, 3.530080055472953
com.google.javascript.jscomp.graph.LinkedDirectedGraph#getDirectedSuccNodes(com.google.javascript.jscomp.graph.DiGraph.DiGraphNode):243, 3.5256366663133343
com.google.javascript.jscomp.graph.LinkedDirectedGraph#getDirectedSuccNodes(com.google.javascript.jscomp.graph.DiGraph.DiGraphNode):246, 3.5256366663133343
com.google.javascript.jscomp.graph.LinkedDirectedGraph#getDirectedSuccNodes(com.google.javascript.jscomp.graph.DiGraph.DiGraphNode):247, 3.5256366663133343
com.google.javascript.jscomp.graph.LinkedDirectedGraph#getDirectedSuccNodes(com.google.javascript.jscomp.graph.DiGraph.DiGraphNode):248, 3.5256366663133343
com.google.javascript.jscomp.graph.LinkedDirectedGraph#getDirectedSuccNodes(com.google.javascript.jscomp.graph.DiGraph.DiGraphNode):249, 3.5256366663133343
com.google.javascript.jscomp.graph.LinkedDirectedGraph#getDirectedSuccNodes(com.google.javascript.jscomp.graph.DiGraph.DiGraphNode):250, 3.5256366663133343
com.google.javascript.jscomp.graph.LinkedDirectedGraph#getDirectedSuccNodes(com.google.javascript.jscomp.graph.DiGraph.DiGraphNode):244, 3.52546
com.google.javascript.jscomp.NodeTraversal#getScope():635, 3.520128052561094
com.google.javascript.jscomp.NodeTraversal#getScope():638, 3.5201259946473558
com.google.javascript.jscomp.NodeTraversal#getScope():639, 3.5201259946473558
com.google.javascript.jscomp.NodeTraversal#getScope():640, 3.5201259946473558
com.google.javascript.jscomp.NodeTraversal#getScope():641, 3.5201259946473558
com.google.javascript.jscomp.NodeTraversal#getScope():643, 3.5201259946473558
com.google.javascript.jscomp.NodeTraversal#getScope():645, 3.5201259946473558
com.google.javascript.jscomp.NodeTraversal#getScope():633, 3.5201248644955396
com.google.javascript.jscomp.NodeTraversal#getScope():634, 3.5201248644955396
com.google.javascript.rhino.jstype.PrototypeObjectType#setOwnerFunction(com.google.javascript.rhino.jstype.FunctionType):389, 3.5194105607055426
com.google.javascript.rhino.jstype.PrototypeObjectType#setOwnerFunction(com.google.javascript.rhino.jstype.FunctionType):390, 3.5194105607055426
com.google.javascript.rhino.jstype.PrototypeObjectType#setOwnerFunction(com.google.javascript.rhino.jstype.FunctionType):391, 3.5194105607055426
com.google.javascript.jscomp.CompilerOptions#getCodingConvention():1418, 3.516358555197357
com.google.javascript.rhino.Node#isExprResult():2263, 3.5155184621939055
com.google.javascript.jscomp.Compiler#getOptions():2280, 3.513692574185835
com.google.javascript.jscomp.NodeTraversal#inGlobalScope():672, 3.506797503330199
com.google.javascript.jscomp.NodeTraversal#getScopeDepth():676, 3.506677490333051
com.google.javascript.jscomp.Scope#declare(java.lang.String,com.google.javascript.rhino.Node,com.google.javascript.rhino.jstype.JSType,com.google.javascript.jscomp.CompilerInput):480, 3.5051173217048137
com.google.javascript.jscomp.NodeUtil#isAssignmentOp(com.google.javascript.rhino.Node):1511, 3.500087076360465
com.google.javascript.jscomp.NodeUtil#isAssignmentOp(com.google.javascript.rhino.Node):1496, 3.5000867811167553
com.google.javascript.jscomp.NodeUtil#isAssignmentOp(com.google.javascript.rhino.Node):1509, 3.49995
com.google.javascript.rhino.Node#hasChild(com.google.javascript.rhino.Node):1413, 3.499109800693025
com.google.javascript.rhino.Node#hasChild(com.google.javascript.rhino.Node):1414, 3.499109800693025
com.google.javascript.rhino.Node#hasChild(com.google.javascript.rhino.Node):1415, 3.499109800693025
com.google.javascript.rhino.Node#hasChild(com.google.javascript.rhino.Node):1418, 3.49895
com.google.javascript.jscomp.NodeTraversal#popScope():618, 3.493629918311552
com.google.javascript.jscomp.NodeTraversal#popScope():621, 3.4936248644955397
com.google.javascript.jscomp.NodeTraversal#popScope():627, 3.4936228266070906
com.google.javascript.jscomp.NodeTraversal#popScope():617, 3.4936103248342216
com.google.javascript.jscomp.NodeTraversal#popScope():620, 3.4936103248342216
com.google.javascript.jscomp.NodeTraversal#popScope():623, 3.4936103248342216
com.google.javascript.jscomp.NodeTraversal#popScope():625, 3.4936103248342216
com.google.javascript.jscomp.NodeTraversal#popScope():626, 3.4936103248342216
com.google.javascript.jscomp.NodeTraversal#popScope():629, 3.4936103248342216
com.google.javascript.jscomp.Compiler#makeCompilerInput(java.util.List,boolean):443, 3.486458089386345
com.google.javascript.jscomp.Compiler#makeCompilerInput(java.util.List,boolean):444, 3.486458089386345
com.google.javascript.jscomp.Compiler#makeCompilerInput(java.util.List,boolean):441, 3.4864578066164134
com.google.javascript.jscomp.Compiler#makeCompilerInput(java.util.List,boolean):442, 3.4864578066164134
com.google.javascript.jscomp.Compiler#makeCompilerInput(java.util.List,boolean):445, 3.4864578066164134
com.google.javascript.jscomp.NodeUtil#isGet(com.google.javascript.rhino.Node):1562, 3.48425512279797
com.google.javascript.jscomp.DataFlowAnalysis#getCfg():139, 3.480779779366324
com.google.javascript.jscomp.graph.LinkedDirectedGraph#getOutEdges(java.lang.Object):129, 3.4736793740008336
com.google.javascript.jscomp.graph.LinkedDirectedGraph#getOutEdges(java.lang.Object):130, 3.4736793740008336
com.google.javascript.jscomp.NodeUtil#isControlStructure(com.google.javascript.rhino.Node):1689, 3.4703015237968584
com.google.javascript.jscomp.NodeUtil#isControlStructure(com.google.javascript.rhino.Node):1677, 3.470053690317462
com.google.javascript.jscomp.NodeUtil#isControlStructure(com.google.javascript.rhino.Node):1691, 3.470053690317462
com.google.javascript.rhino.Node#hasMoreThanOneChild():1400, 3.467403428249404
com.google.javascript.jscomp.parsing.Config#buildAnnotationNames(java.util.Set):91, 3.466255686203346
com.google.javascript.jscomp.parsing.Config#buildAnnotationNames(java.util.Set):93, 3.466255686203346
com.google.javascript.jscomp.parsing.Config#buildAnnotationNames(java.util.Set):94, 3.466255686203346
com.google.javascript.jscomp.parsing.Config#buildAnnotationNames(java.util.Set):95, 3.466255686203346
com.google.javascript.jscomp.parsing.Config#buildAnnotationNames(java.util.Set):97, 3.466255686203346
com.google.javascript.jscomp.parsing.Config#buildAnnotationNames(java.util.Set):100, 3.466255686203346
com.google.javascript.jscomp.parsing.Config#buildAnnotationNames(java.util.Set):101, 3.466255686203346
com.google.javascript.jscomp.graph.LinkedDirectedGraph.LinkedDirectedGraphEdge#getSource():480, 3.464058828222322
com.google.javascript.rhino.Node#isAssign():2199, 3.46040274466232
com.google.javascript.jscomp.NodeTraversal.AbstractPostOrderCallback#shouldTraverse(com.google.javascript.jscomp.NodeTraversal,com.google.javascript.rhino.Node,com.google.javascript.rhino.Node):136, 3.459322639527269
com.google.javascript.jscomp.NodeUtil#isFunctionExpression(com.google.javascript.rhino.Node):1955, 3.4592026278610106
com.google.javascript.jscomp.ControlFlowGraph#getImplicitReturn():60, 3.457396693889439
com.google.javascript.jscomp.NodeTraversal#pushScope(com.google.javascript.rhino.Node):600, 3.454729918311552
com.google.javascript.jscomp.NodeTraversal#pushScope(com.google.javascript.rhino.Node):595, 3.4547103248342217
com.google.javascript.jscomp.NodeTraversal#pushScope(com.google.javascript.rhino.Node):596, 3.4547103248342217
com.google.javascript.jscomp.NodeTraversal#pushScope(com.google.javascript.rhino.Node):597, 3.4547103248342217
com.google.javascript.jscomp.NodeTraversal#pushScope(com.google.javascript.rhino.Node):598, 3.4547103248342217
com.google.javascript.jscomp.NodeTraversal#pushScope(com.google.javascript.rhino.Node):599, 3.4547103248342217
com.google.javascript.jscomp.NodeTraversal#pushScope(com.google.javascript.rhino.Node):602, 3.4547103248342217
com.google.javascript.jscomp.NodeUtil#isStatementBlock(com.google.javascript.rhino.Node):1755, 3.453882117573539
com.google.javascript.rhino.Node#isString():2371, 3.449761727269663
com.google.javascript.jscomp.graph.LinkedDirectedGraph.LinkedDirectedGraphEdge#getValue():500, 3.4445376003807886
com.google.javascript.jscomp.graph.LinkedDirectedGraph.AnnotatedLinkedDirectedGraphNode#getAnnotation():444, 3.4444978638759487
com.google.javascript.rhino.Node#isCall():2215, 3.44443122726787
com.google.javascript.jscomp.Scope#createGlobalScope(com.google.javascript.rhino.Node):410, 3.442653774027137
com.google.javascript.jscomp.Compiler#getInput(com.google.javascript.rhino.InputId):1059, 3.4421642917164372
com.google.javascript.jscomp.graph.LinkedDirectedGraph.AnnotatedLinkedDirectedGraphNode#setAnnotation(com.google.javascript.jscomp.graph.Annotation):449, 3.442167863875949
com.google.javascript.jscomp.graph.LinkedDirectedGraph.AnnotatedLinkedDirectedGraphNode#setAnnotation(com.google.javascript.jscomp.graph.Annotation):450, 3.442167863875949
com.google.javascript.rhino.Node#hasChildren():532, 3.4352103768775732
com.google.javascript.jscomp.Compiler#initModules(java.util.List,java.util.List,com.google.javascript.jscomp.CompilerOptions):419, 3.4255179006648744
com.google.javascript.jscomp.Compiler#initModules(java.util.List,java.util.List,com.google.javascript.jscomp.CompilerOptions):398, 3.4255178066164134
com.google.javascript.jscomp.Compiler#initModules(java.util.List,java.util.List,com.google.javascript.jscomp.CompilerOptions):400, 3.4255178066164134
com.google.javascript.jscomp.Compiler#initModules(java.util.List,java.util.List,com.google.javascript.jscomp.CompilerOptions):401, 3.4255178066164134
com.google.javascript.jscomp.Compiler#initModules(java.util.List,java.util.List,com.google.javascript.jscomp.CompilerOptions):403, 3.4255178066164134
com.google.javascript.jscomp.Compiler#initModules(java.util.List,java.util.List,com.google.javascript.jscomp.CompilerOptions):407, 3.4255178066164134
com.google.javascript.jscomp.Compiler#initModules(java.util.List,java.util.List,com.google.javascript.jscomp.CompilerOptions):408, 3.4255178066164134
com.google.javascript.jscomp.Compiler#initModules(java.util.List,java.util.List,com.google.javascript.jscomp.CompilerOptions):422, 3.4255178066164134
com.google.javascript.jscomp.Compiler#initModules(java.util.List,java.util.List,com.google.javascript.jscomp.CompilerOptions):423, 3.4255178066164134
com.google.javascript.jscomp.Compiler#initModules(java.util.List,java.util.List,com.google.javascript.jscomp.CompilerOptions):425, 3.4255178066164134
com.google.javascript.jscomp.Compiler#initModules(java.util.List,java.util.List,com.google.javascript.jscomp.CompilerOptions):426, 3.4255178066164134
com.google.javascript.jscomp.Compiler#initModules(java.util.List,java.util.List,com.google.javascript.jscomp.CompilerOptions):410, 3.42539
com.google.javascript.jscomp.Compiler#initModules(java.util.List,java.util.List,com.google.javascript.jscomp.CompilerOptions):417, 3.42539
com.google.javascript.jscomp.Compiler#initModules(java.util.List,java.util.List,com.google.javascript.jscomp.CompilerOptions):411, 3.42539
com.google.javascript.jscomp.Compiler#initModules(java.util.List,java.util.List,com.google.javascript.jscomp.CompilerOptions):414, 3.42539
com.google.javascript.jscomp.Compiler#initModules(java.util.List,java.util.List,com.google.javascript.jscomp.CompilerOptions):416, 3.42539
com.google.javascript.jscomp.ControlFlowAnalysis#getCfg():145, 3.4248668043231305
com.google.javascript.jscomp.ControlFlowGraph#getEntry():70, 3.424006693889439
com.google.javascript.rhino.Node#hasOneChild():1390, 3.4130184057871222
com.google.javascript.jscomp.Compiler#initBasedOnOptions():433, 3.406037806616413
com.google.javascript.jscomp.Compiler#initBasedOnOptions():437, 3.406037806616413
com.google.javascript.jscomp.Compiler#initBasedOnOptions():434, 3.40591
com.google.javascript.jscomp.Compiler#initBasedOnOptions():435, 3.40591
com.google.javascript.rhino.Node.IntPropListItem#getIntValue():337, 3.4050577231917196
com.google.javascript.jscomp.CompilerInput#getName():101, 3.4034675879743284
com.google.javascript.rhino.InputId#getIdName():56, 3.4013774117978595
com.google.javascript.rhino.Node#isGetProp():2287, 3.401137391119161
com.google.javascript.jscomp.CompilerOptions#setCodingConvention(com.google.javascript.jscomp.CodingConvention):1414, 3.3970770513677233
com.google.javascript.jscomp.CompilerOptions#setCodingConvention(com.google.javascript.jscomp.CodingConvention):1415, 3.3970770513677233
com.google.javascript.jscomp.CompilerOptions#setLanguageIn(com.google.javascript.jscomp.CompilerOptions.LanguageMode):1514, 3.396587010370185
com.google.javascript.jscomp.CompilerOptions#setLanguageIn(com.google.javascript.jscomp.CompilerOptions.LanguageMode):1515, 3.396587010370185
com.google.javascript.jscomp.CompilerOptions#setLanguageIn(com.google.javascript.jscomp.CompilerOptions.LanguageMode):1516, 3.396587010370185
com.google.javascript.jscomp.parsing.IRFactory.TransformDispatcher#processName(com.google.javascript.rhino.head.ast.Name,boolean):905, 3.3681232523629228
com.google.javascript.jscomp.parsing.IRFactory.TransformDispatcher#processName(com.google.javascript.rhino.head.ast.Name,boolean):907, 3.3680998658253714
com.google.javascript.jscomp.parsing.IRFactory.TransformDispatcher#processName(com.google.javascript.rhino.head.ast.Name,boolean):913, 3.3680998658253714
com.google.javascript.jscomp.parsing.IRFactory.TransformDispatcher#processName(com.google.javascript.rhino.head.ast.Name,boolean):904, 3.3680998055934466
com.google.javascript.jscomp.parsing.IRFactory.TransformDispatcher#processName(com.google.javascript.rhino.head.ast.Name,boolean):908, 3.36798
com.google.javascript.rhino.Node#isBlock():2207, 3.356203796892118
com.google.javascript.rhino.jstype.FunctionType#setPrototypeBasedOn(com.google.javascript.rhino.jstype.ObjectType,com.google.javascript.rhino.Node):417, 3.355350560705543
com.google.javascript.rhino.jstype.FunctionType#setPrototypeBasedOn(com.google.javascript.rhino.jstype.ObjectType,com.google.javascript.rhino.Node):420, 3.355350560705543
com.google.javascript.rhino.jstype.FunctionType#setPrototypeBasedOn(com.google.javascript.rhino.jstype.ObjectType,com.google.javascript.rhino.Node):421, 3.355350560705543
com.google.javascript.rhino.jstype.FunctionType#setPrototypeBasedOn(com.google.javascript.rhino.jstype.ObjectType,com.google.javascript.rhino.Node):424, 3.355350560705543
com.google.javascript.rhino.jstype.FunctionType#setPrototypeBasedOn(com.google.javascript.rhino.jstype.ObjectType,com.google.javascript.rhino.Node):425, 3.355350560705543
com.google.javascript.rhino.Node#isVar():2403, 3.3552037210710166
com.google.javascript.rhino.jstype.FunctionType#getPrototype():368, 3.354920560705543
com.google.javascript.rhino.jstype.FunctionType#getPrototype():369, 3.354920560705543
com.google.javascript.rhino.jstype.FunctionType#getPrototype():370, 3.354920560705543
com.google.javascript.rhino.jstype.FunctionType#getPrototype():378, 3.354920560705543
com.google.javascript.rhino.jstype.FunctionType#getPrototype():387, 3.354920560705543
com.google.javascript.rhino.jstype.FunctionType#getPrototype():374, 3.3548
com.google.javascript.rhino.Node#getBooleanProp(int):818, 3.3498233159059168
com.google.javascript.rhino.jstype.InstanceObjectType#defineProperty(java.lang.String,com.google.javascript.rhino.jstype.JSType,boolean,com.google.javascript.rhino.Node):88, 3.3493232596871287
com.google.javascript.rhino.jstype.InstanceObjectType#defineProperty(java.lang.String,com.google.javascript.rhino.jstype.JSType,boolean,com.google.javascript.rhino.Node):89, 3.3493232596871287
com.google.javascript.rhino.jstype.InstanceObjectType#defineProperty(java.lang.String,com.google.javascript.rhino.jstype.JSType,boolean,com.google.javascript.rhino.Node):92, 3.3493232596871287
com.google.javascript.rhino.jstype.InstanceObjectType#defineProperty(java.lang.String,com.google.javascript.rhino.jstype.JSType,boolean,com.google.javascript.rhino.Node):90, 3.3492
com.google.javascript.rhino.jstype.ObjectType#defineDeclaredProperty(java.lang.String,com.google.javascript.rhino.jstype.JSType,com.google.javascript.rhino.Node):286, 3.348203175502927
com.google.javascript.rhino.jstype.ObjectType#defineDeclaredProperty(java.lang.String,com.google.javascript.rhino.jstype.JSType,com.google.javascript.rhino.Node):291, 3.348203175502927
com.google.javascript.rhino.jstype.ObjectType#defineDeclaredProperty(java.lang.String,com.google.javascript.rhino.jstype.JSType,com.google.javascript.rhino.Node):292, 3.348203175502927
com.google.javascript.rhino.jstype.ObjectType#hasOwnDeclaredProperty(java.lang.String):477, 3.3479431568187397
com.google.javascript.rhino.jstype.ObjectType#hasOwnProperty(java.lang.String):445, 3.347823147479834
com.google.javascript.rhino.Node#isName():2319, 3.342932803426853
com.google.javascript.rhino.Node#getIntProp(int):830, 3.34280772319172
com.google.javascript.rhino.Node#getIntProp(int):828, 3.342803910885597
com.google.javascript.rhino.Node#getIntProp(int):826, 3.342802794168103
com.google.javascript.rhino.Node#getIntProp(int):827, 3.342802794168103
com.google.javascript.jscomp.DiagnosticType#hashCode():119, 3.3363296254410075
com.google.javascript.rhino.Node#getParent():1320, 3.323371392840121
com.google.javascript.jscomp.Compiler#getTypeRegistry():1199, 3.31870868190608
com.google.javascript.jscomp.Compiler#getTypeRegistry():1200, 3.31870868190608
com.google.javascript.jscomp.Compiler#getTypeRegistry():1202, 3.31870868190608
com.google.javascript.rhino.Node#isFunction():2275, 3.3182910366397054
com.google.javascript.jscomp.parsing.JsDocInfoParser#next():2411, 3.3175268639512843
com.google.javascript.jscomp.parsing.JsDocInfoParser#next():2408, 3.3175268446556387
com.google.javascript.jscomp.parsing.JsDocInfoParser#next():2409, 3.3175268446556387
com.google.javascript.jscomp.CompilerInput#setCompiler(com.google.javascript.jscomp.AbstractCompiler):148, 3.3138307275230425
com.google.javascript.jscomp.CompilerInput#setCompiler(com.google.javascript.jscomp.AbstractCompiler):149, 3.3138307275230425
com.google.javascript.rhino.InputId#hashCode():61, 3.3138307275230425
com.google.javascript.jscomp.JsAst#getSourceFile():72, 3.3132006835565733
com.google.javascript.jscomp.SourceFile#setIsExtern(boolean):186, 3.3132006835565733
com.google.javascript.jscomp.SourceFile#setIsExtern(boolean):187, 3.3132006835565733
com.google.javascript.rhino.Node#isObjectLit():2343, 3.3117905869991793
com.google.javascript.rhino.Node.IntPropListItem#chain(com.google.javascript.rhino.Node.PropListItem):352, 3.3116705782327225
com.google.javascript.rhino.jstype.AllType#isAllType():58, 3.3116705607055428
com.google.javascript.rhino.jstype.JSType#isNoType():165, 3.3116705607055428
com.google.javascript.rhino.jstype.JSType#isNoResolvedType():169, 3.3116705607055428
com.google.javascript.rhino.jstype.JSType#isNoObjectType():173, 3.3116705607055428
com.google.javascript.rhino.jstype.JSType#isAllType():254, 3.3116705607055428
com.google.javascript.rhino.jstype.JSType#isUnknownType():258, 3.3116705607055428
com.google.javascript.rhino.jstype.JSType#hasAnyTemplateTypes():438, 3.3116705607055428
com.google.javascript.rhino.jstype.JSType#hasAnyTemplateTypes():439, 3.3116705607055428
com.google.javascript.rhino.jstype.JSType#hasAnyTemplateTypes():440, 3.3116705607055428
com.google.javascript.rhino.jstype.JSType#hasAnyTemplateTypes():441, 3.3116705607055428
com.google.javascript.rhino.jstype.JSType#hasAnyTemplateTypes():442, 3.3116705607055428
com.google.javascript.rhino.jstype.JSType#hasAnyTemplateTypes():445, 3.31155
com.google.javascript.rhino.jstype.JSType#hasAnyTemplateTypesInternal():450, 3.3116705607055428
com.google.javascript.rhino.jstype.JSType#extendTemplateTypeMap(com.google.javascript.rhino.jstype.TemplateTypeMap):465, 3.3116705607055428
com.google.javascript.rhino.jstype.JSType#extendTemplateTypeMap(com.google.javascript.rhino.jstype.TemplateTypeMap):466, 3.3116705607055428
com.google.javascript.rhino.jstype.JSType#hashCode():654, 3.3116705607055428
com.google.javascript.rhino.jstype.JSType#isSubtype(com.google.javascript.rhino.jstype.JSType):1230, 3.3116705607055428
com.google.javascript.rhino.jstype.UnknownType#isSubtype(com.google.javascript.rhino.jstype.JSType):103, 3.3116705607055428
com.google.javascript.rhino.jstype.InstanceObjectType#isNominalType():153, 3.3116705607055428
com.google.javascript.rhino.jstype.JSTypeRegistry#getObjectElementKey():239, 3.3116705607055428
com.google.javascript.rhino.jstype.JSTypeRegistry#createFunctionTypeWithVarArgs(com.google.javascript.rhino.jstype.JSType,com.google.javascript.rhino.jstype.JSType[]):1171, 3.3116705607055428
com.google.javascript.rhino.jstype.JSTypeRegistry#createFunctionType(com.google.javascript.rhino.jstype.JSType,boolean,com.google.javascript.rhino.jstype.JSType[]):1336, 3.3116705607055428
com.google.javascript.rhino.jstype.JSTypeRegistry#createFunctionType(com.google.javascript.rhino.jstype.JSType,boolean,com.google.javascript.rhino.jstype.JSType[]):1337, 3.3116705607055428
com.google.javascript.rhino.jstype.JSTypeRegistry#createFunctionType(com.google.javascript.rhino.jstype.JSType,boolean,com.google.javascript.rhino.jstype.JSType[]):1339, 3.31155
com.google.javascript.rhino.jstype.TemplateTypeMap#numUnfilledTemplateKeys():126, 3.3116705607055428
com.google.javascript.rhino.jstype.TemplateTypeMap#failedEquivalenceCheck(com.google.javascript.rhino.jstype.TemplateTypeMap.EquivalenceMatch,com.google.javascript.rhino.jstype.EquivalenceMethod):252, 3.3116705607055428
com.google.javascript.rhino.jstype.TemplateTypeMap#concatImmutableLists(com.google.common.collect.ImmutableList,com.google.common.collect.ImmutableList):309, 3.3116705607055428
com.google.javascript.rhino.jstype.TemplateTypeMap#concatImmutableLists(com.google.common.collect.ImmutableList,com.google.common.collect.ImmutableList):310, 3.3116705607055428
com.google.javascript.rhino.jstype.TemplateTypeMap#concatImmutableLists(com.google.common.collect.ImmutableList,com.google.common.collect.ImmutableList):312, 3.3116705607055428
com.google.javascript.rhino.jstype.TemplateTypeMap#concatImmutableLists(com.google.common.collect.ImmutableList,com.google.common.collect.ImmutableList):313, 3.3116705607055428
com.google.javascript.rhino.jstype.TemplateTypeMap#concatImmutableLists(com.google.common.collect.ImmutableList,com.google.common.collect.ImmutableList):315, 3.31155
com.google.javascript.rhino.jstype.TemplateTypeMap#concatImmutableLists(com.google.common.collect.ImmutableList,com.google.common.collect.ImmutableList):316, 3.31155
com.google.javascript.rhino.jstype.TemplateTypeMap#concatImmutableLists(com.google.common.collect.ImmutableList,com.google.common.collect.ImmutableList):317, 3.31155
com.google.javascript.rhino.jstype.TemplateTypeMap#concatImmutableLists(com.google.common.collect.ImmutableList,com.google.common.collect.ImmutableList):318, 3.31155
com.google.javascript.rhino.jstype.FunctionType#setPrototypeBasedOn(com.google.javascript.rhino.jstype.ObjectType):396, 3.3116705607055428
com.google.javascript.rhino.jstype.FunctionType#setPrototypeBasedOn(com.google.javascript.rhino.jstype.ObjectType):397, 3.3116705607055428
com.google.javascript.rhino.jstype.FunctionType#setInstanceType(com.google.javascript.rhino.jstype.ObjectType):1080, 3.3116705607055428
com.google.javascript.rhino.jstype.FunctionType#setInstanceType(com.google.javascript.rhino.jstype.ObjectType):1081, 3.3116705607055428
com.google.javascript.rhino.jstype.NoType#isNoType():75, 3.3116705607055428
com.google.javascript.rhino.jstype.PrototypeObjectType#setPrettyPrint(boolean):272, 3.3116705607055428
com.google.javascript.rhino.jstype.PrototypeObjectType#setPrettyPrint(boolean):273, 3.3116705607055428
com.google.javascript.rhino.jstype.PrototypeObjectType#hasReferenceName():313, 3.3116705607055428
com.google.javascript.rhino.jstype.PrototypeObjectType#isNativeObjectType():384, 3.3116705607055428
com.google.javascript.rhino.jstype.PropertyMap#setParentSource(com.google.javascript.rhino.jstype.ObjectType):92, 3.3116705607055428
com.google.javascript.rhino.jstype.PropertyMap#setParentSource(com.google.javascript.rhino.jstype.ObjectType):93, 3.3116705607055428
com.google.javascript.rhino.jstype.PropertyMap#setParentSource(com.google.javascript.rhino.jstype.ObjectType):95, 3.3116705607055428
com.google.javascript.rhino.Node#getChildCount():1406, 3.3115408156003308
com.google.javascript.rhino.Node#getChildCount():1404, 3.311540569468177
com.google.javascript.rhino.Node#getChildCount():1405, 3.311540569468177
com.google.javascript.rhino.Node#getChildCount():1408, 3.311540569468177
com.google.javascript.rhino.Node#setJSType(com.google.javascript.rhino.jstype.JSType):1840, 3.3115405519448187
com.google.javascript.rhino.Node#setJSType(com.google.javascript.rhino.jstype.JSType):1841, 3.3115405519448187
com.google.javascript.rhino.Node#setVarArgs(boolean):1905, 3.3114105431860037
com.google.javascript.rhino.Node#setVarArgs(boolean):1906, 3.3114105431860037
com.google.javascript.jscomp.Compiler#acceptConstKeyword():2080, 3.310260481927711
com.google.javascript.jscomp.Compiler#setOldParseTree(java.lang.String,com.google.javascript.rhino.head.ast.AstRoot):2604, 3.310260481927711
com.google.javascript.jscomp.NodeTraversal#getSourceName(com.google.javascript.rhino.Node):692, 3.310260481927711
com.google.javascript.jscomp.NodeTraversal#getSourceName(com.google.javascript.rhino.Node):693, 3.310260481927711
com.google.javascript.jscomp.Compiler#isIdeMode():2059, 3.3086003684096523
com.google.javascript.rhino.Node#getInputId():1120, 3.307830316124813
com.google.javascript.rhino.Node#isScript():2363, 3.3056601683536253
com.google.javascript.jscomp.DiagnosticGroup#matches(com.google.javascript.jscomp.DiagnosticType):110, 3.3016799002844275
com.google.javascript.jscomp.CompilerOptions#addWarningsGuard(com.google.javascript.jscomp.WarningsGuard):1178, 3.301169865825371
com.google.javascript.jscomp.CompilerOptions#addWarningsGuard(com.google.javascript.jscomp.WarningsGuard):1179, 3.301169865825371
com.google.javascript.jscomp.WarningsGuard#getPriority():83, 3.301169865825371
com.google.javascript.jscomp.Compiler#checkFirstModule(java.util.List):461, 3.3004978066164132
com.google.javascript.jscomp.Compiler#checkFirstModule(java.util.List):463, 3.3004978066164132
com.google.javascript.jscomp.Compiler#checkFirstModule(java.util.List):468, 3.3004978066164132
com.google.javascript.jscomp.Compiler#checkFirstModule(java.util.List):462, 3.30037
com.google.javascript.jscomp.Compiler#checkFirstModule(java.util.List):465, 3.30037
com.google.javascript.jscomp.SourceFile#setOriginalPath(java.lang.String):156, 3.2983396168825787
com.google.javascript.jscomp.SourceFile#setOriginalPath(java.lang.String):157, 3.2983396168825787
com.google.javascript.jscomp.Compiler#createMessageFormatter():275, 3.298219668260725
com.google.javascript.jscomp.Compiler#createMessageFormatter():276, 3.298219668260725
com.google.javascript.jscomp.CompilerOptions#shouldColorizeErrorOutput():1373, 3.298219668260725
com.google.javascript.jscomp.Compiler#reconcileOptionsWithGuards():349, 3.2980169703626006
com.google.javascript.jscomp.Compiler#reconcileOptionsWithGuards():316, 3.297971001868755
com.google.javascript.jscomp.Compiler#reconcileOptionsWithGuards():315, 3.2979596511273206
com.google.javascript.jscomp.Compiler#reconcileOptionsWithGuards():329, 3.2979596511273206
com.google.javascript.jscomp.Compiler#reconcileOptionsWithGuards():336, 3.2979596511273206
com.google.javascript.jscomp.Compiler#reconcileOptionsWithGuards():347, 3.2979596511273206
com.google.javascript.jscomp.Compiler#reconcileOptionsWithGuards():352, 3.2979596511273206
com.google.javascript.jscomp.Compiler#reconcileOptionsWithGuards():317, 3.29784
com.google.javascript.jscomp.Compiler#reconcileOptionsWithGuards():318, 3.29784
com.google.javascript.jscomp.Compiler#reconcileOptionsWithGuards():319, 3.29784
com.google.javascript.jscomp.Compiler#reconcileOptionsWithGuards():323, 3.29784
com.google.javascript.jscomp.Compiler#reconcileOptionsWithGuards():331, 3.29784
com.google.javascript.jscomp.Compiler#reconcileOptionsWithGuards():337, 3.29784
com.google.javascript.jscomp.CheckLevel#isOn():30, 3.2979596511273206
com.google.javascript.jscomp.CompilerOptions#enables(com.google.javascript.jscomp.DiagnosticGroup):1137, 3.2979596511273206
com.google.javascript.jscomp.SuppressDocWarningsGuard#getPriority():107, 3.2979596511273206
com.google.javascript.rhino.Node#setIsSyntheticBlock(boolean):1940, 3.2961595313991956
com.google.javascript.rhino.Node#setIsSyntheticBlock(boolean):1941, 3.2961595313991956
com.google.javascript.jscomp.Compiler#addChangeHandler(com.google.javascript.jscomp.CodeChangeHandler):1993, 3.295509488726173
com.google.javascript.jscomp.Compiler#addChangeHandler(com.google.javascript.jscomp.CodeChangeHandler):1994, 3.295509488726173
com.google.javascript.jscomp.RhinoErrorReporter#forOldRhino(com.google.javascript.jscomp.AbstractCompiler):119, 3.295509488726173
com.google.javascript.jscomp.AbstractMessageFormatter#setColorize(boolean):36, 3.2944794205442984
com.google.javascript.jscomp.AbstractMessageFormatter#setColorize(boolean):37, 3.2944794205442984
com.google.javascript.jscomp.parsing.IRFactory#setSourceInfo(com.google.javascript.rhino.Node,com.google.javascript.rhino.head.ast.AstNode):431, 3.2921592675608324
com.google.javascript.jscomp.parsing.IRFactory#setSourceInfo(com.google.javascript.rhino.Node,com.google.javascript.rhino.head.ast.AstNode):435, 3.2921592675608324
com.google.javascript.jscomp.parsing.IRFactory#setSourceInfo(com.google.javascript.rhino.Node,com.google.javascript.rhino.head.ast.AstNode):436, 3.2921592675608324
com.google.javascript.jscomp.parsing.IRFactory#setSourceInfo(com.google.javascript.rhino.Node,com.google.javascript.rhino.head.ast.AstNode):437, 3.2921592675608324
com.google.javascript.jscomp.parsing.IRFactory#setSourceInfo(com.google.javascript.rhino.Node,com.google.javascript.rhino.head.ast.AstNode):438, 3.2921592675608324
com.google.javascript.jscomp.parsing.IRFactory#setSourceInfo(com.google.javascript.rhino.Node,com.google.javascript.rhino.head.ast.AstNode):439, 3.2921592675608324
com.google.javascript.jscomp.parsing.IRFactory#setSourceInfo(com.google.javascript.rhino.Node,com.google.javascript.rhino.head.ast.AstNode):441, 3.2921592675608324
com.google.javascript.jscomp.parsing.IRFactory#maybeSetLengthFrom(com.google.javascript.rhino.Node,com.google.javascript.rhino.head.ast.AstNode):500, 3.2921592675608324
com.google.javascript.jscomp.parsing.IRFactory#maybeSetLengthFrom(com.google.javascript.rhino.Node,com.google.javascript.rhino.head.ast.AstNode):503, 3.2921592675608324
com.google.javascript.jscomp.parsing.IRFactory#maybeSetLengthFrom(com.google.javascript.rhino.Node,com.google.javascript.rhino.head.ast.AstNode):501, 3.29204
com.google.javascript.jscomp.parsing.IRFactory#position2charno(int):511, 3.292211979790123
com.google.javascript.jscomp.parsing.IRFactory#position2charno(int):508, 3.2921593524790067
com.google.javascript.jscomp.parsing.IRFactory#position2charno(int):506, 3.2921592675608324
com.google.javascript.jscomp.parsing.IRFactory#position2charno(int):507, 3.2921592675608324
com.google.javascript.rhino.Node#setCharno(int):1169, 3.2921592675608324
com.google.javascript.rhino.Node#setCharno(int):1170, 3.2921592675608324
com.google.javascript.rhino.Node#setLineno(int):1161, 3.2920292590789804
com.google.javascript.rhino.Node#setLineno(int):1162, 3.2920292590789804
com.google.javascript.rhino.Node#setLineno(int):1163, 3.2920292590789804
com.google.javascript.rhino.Node#setLineno(int):1165, 3.2920292590789804
com.google.javascript.rhino.Node#setLineno(int):1166, 3.2920292590789804
com.google.javascript.rhino.Node#getJsDocBuilderForNode():1844, 3.2915092251696594
com.google.javascript.jscomp.Compiler#fillEmptyModules(java.util.List):483, 3.290637806616413
com.google.javascript.jscomp.Compiler#fillEmptyModules(java.util.List):484, 3.290637806616413
com.google.javascript.jscomp.Compiler#fillEmptyModules(java.util.List):488, 3.290637806616413
com.google.javascript.jscomp.Compiler#fillEmptyModules(java.util.List):489, 3.290637806616413
com.google.javascript.jscomp.Compiler#fillEmptyModules(java.util.List):485, 3.29051
com.google.javascript.jscomp.CompilerInput#setModule(com.google.javascript.jscomp.JSModule):327, 3.2892877440325767
com.google.javascript.jscomp.CompilerInput#setModule(com.google.javascript.jscomp.JSModule):329, 3.2892877440325767
com.google.javascript.jscomp.CompilerInput#setModule(com.google.javascript.jscomp.JSModule):330, 3.2892877440325767
com.google.javascript.rhino.Node.SiblingNodeIterable#hasNext():1291, 3.288318958455689
com.google.javascript.rhino.Node#getJSDocInfo():1878, 3.2880189970358207
com.google.javascript.rhino.jstype.JSType#isFunctionType():335, 3.280630560705543
com.google.javascript.rhino.Node#getCharno():1141, 3.2704278756901917
com.google.javascript.rhino.Node#extractCharno(int):1221, 3.2700449707134207
com.google.javascript.rhino.Node#extractCharno(int):1219, 3.2700391574377012
com.google.javascript.rhino.Node#extractCharno(int):1218, 3.2700378511301977
com.google.javascript.rhino.Node#getLineno():1137, 3.268467753043514
com.google.javascript.rhino.Node#extractLineno(int):1207, 3.268069030750805
com.google.javascript.rhino.Node#extractLineno(int):1209, 3.2680679576678706
com.google.javascript.rhino.Node#extractLineno(int):1206, 3.2680677285600863
com.google.javascript.rhino.IR#block():92, 3.26796695917903
com.google.javascript.rhino.IR#block():93, 3.26796695917903
com.google.javascript.rhino.Node#getNext():544, 3.2668876552013337
com.google.javascript.rhino.Node.SiblingNodeIterable#next():1296, 3.266238958455689
com.google.javascript.rhino.Node.SiblingNodeIterable#next():1300, 3.266238958455689
com.google.javascript.rhino.Node.SiblingNodeIterable#next():1302, 3.266238958455689
com.google.javascript.rhino.Node.SiblingNodeIterable#next():1297, 3.26607
com.google.javascript.rhino.Node.SiblingNodeIterable#iterator():1275, 3.260918958455689
com.google.javascript.rhino.Node.SiblingNodeIterable#iterator():1276, 3.260918958455689
com.google.javascript.rhino.Node.SiblingNodeIterable#iterator():1277, 3.260918958455689
com.google.javascript.rhino.Node.SiblingNodeIterable#iterator():1285, 3.26075
com.google.javascript.rhino.Node#setInputId(com.google.javascript.rhino.InputId):1113, 3.258307129428665
com.google.javascript.rhino.Node#setInputId(com.google.javascript.rhino.InputId):1114, 3.258307129428665
com.google.javascript.rhino.Node#clonePropsFrom(com.google.javascript.rhino.Node):775, 3.255256945067431
com.google.javascript.rhino.Node#clonePropsFrom(com.google.javascript.rhino.Node):777, 3.255256945067431
com.google.javascript.rhino.Node#clonePropsFrom(com.google.javascript.rhino.Node):778, 3.255256945067431
com.google.javascript.rhino.Node#mergeLineCharNo(int,int):1193, 3.254636460231885
com.google.javascript.rhino.Node#mergeLineCharNo(int,int):1197, 3.2545969210844388
com.google.javascript.rhino.Node#mergeLineCharNo(int,int):1194, 3.254596913093386
com.google.javascript.rhino.Node#mergeLineCharNo(int,int):1192, 3.254596905103972
com.google.javascript.rhino.Node#mergeLineCharNo(int,int):1195, 3.25448
com.google.javascript.rhino.jstype.FunctionType#hasCachedValues():1164, 3.2534905607055427
com.google.javascript.rhino.jstype.PrototypeObjectType#setImplicitPrototype(com.google.javascript.rhino.jstype.ObjectType):296, 3.2534905607055427
com.google.javascript.rhino.jstype.PrototypeObjectType#setImplicitPrototype(com.google.javascript.rhino.jstype.ObjectType):297, 3.2534905607055427
com.google.javascript.rhino.jstype.PrototypeObjectType#setImplicitPrototype(com.google.javascript.rhino.jstype.ObjectType):298, 3.2534905607055427
com.google.javascript.rhino.jstype.PrototypeObjectType#hasCachedValues():378, 3.2534905607055427
com.google.javascript.rhino.jstype.ObjectType#hasCachedValues():585, 3.2534905607055427
com.google.javascript.rhino.Node#getStaticSourceFile():1106, 3.252606785458967
com.google.javascript.rhino.Node#getType():524, 3.249006571020526
com.google.javascript.rhino.Node#getFirstChild():536, 3.2413661221690484
com.google.javascript.rhino.Node#createProp(int,java.lang.Object,com.google.javascript.rhino.Node.PropListItem):860, 3.237045872443665
com.google.javascript.rhino.Node#setStaticSourceFile(com.google.javascript.rhino.jstype.StaticSourceFile):1091, 3.235015755938179
com.google.javascript.rhino.Node#setStaticSourceFile(com.google.javascript.rhino.jstype.StaticSourceFile):1092, 3.235015755938179
com.google.javascript.rhino.Node#getProp(int):812, 3.2343488456721357
com.google.javascript.rhino.Node#getProp(int):814, 3.2343467138480504
com.google.javascript.rhino.Node#getProp(int):810, 3.234345717181042
com.google.javascript.rhino.Node#getProp(int):811, 3.234345717181042
com.google.javascript.jscomp.parsing.ParserRunner#initResourceConfig():84, 3.233795686203346
com.google.javascript.jscomp.parsing.ParserRunner#initResourceConfig():88, 3.233795686203346
com.google.javascript.jscomp.parsing.ParserRunner#initResourceConfig():89, 3.233795686203346
com.google.javascript.jscomp.parsing.ParserRunner#initResourceConfig():90, 3.233795686203346
com.google.javascript.jscomp.parsing.ParserRunner#initResourceConfig():91, 3.233795686203346
com.google.javascript.jscomp.parsing.ParserRunner#initResourceConfig():92, 3.233795686203346
com.google.javascript.jscomp.parsing.ParserRunner#initResourceConfig():85, 3.23368
com.google.javascript.rhino.Node#putProp(int,java.lang.Object):844, 3.231625872443665
com.google.javascript.rhino.Node#putProp(int,java.lang.Object):842, 3.2316255625408803
com.google.javascript.rhino.Node#putProp(int,java.lang.Object):843, 3.2316255625408803
com.google.javascript.rhino.Node#putProp(int,java.lang.Object):846, 3.2316255625408803
com.google.javascript.jscomp.graph.LinkedDirectedGraph.LinkedDirectedGraphEdge#getDestination():485, 3.2164364356663246
com.google.javascript.jscomp.BasicErrorManager#toArray(com.google.javascript.jscomp.CheckLevel):104, 3.2159446886670136
com.google.javascript.jscomp.BasicErrorManager#toArray(com.google.javascript.jscomp.CheckLevel):105, 3.2159446886670136
com.google.javascript.jscomp.BasicErrorManager#toArray(com.google.javascript.jscomp.CheckLevel):110, 3.2159446886670136
com.google.javascript.jscomp.BasicErrorManager#toArray(com.google.javascript.jscomp.CheckLevel):106, 3.21582
com.google.javascript.jscomp.BasicErrorManager#toArray(com.google.javascript.jscomp.CheckLevel):107, 3.21582
com.google.javascript.jscomp.BasicErrorManager#toArray(com.google.javascript.jscomp.CheckLevel):109, 3.21582
com.google.javascript.jscomp.graph.LinkedDirectedGraph.LinkedDirectedGraphNode#getInEdges():389, 3.215926412619081
com.google.javascript.jscomp.graph.LinkedDirectedGraph#getNode(java.lang.Object):118, 3.215926412619081
com.google.javascript.rhino.jstype.InstanceObjectType#hasReferenceName():72, 3.2075405607055427
com.google.javascript.rhino.Node#getLastChild():540, 3.2048040940111227
com.google.javascript.jscomp.graph.LinkedDirectedGraph#getDirectedGraphNodes():107, 3.2028457711583607
com.google.javascript.rhino.jstype.FunctionParamBuilder#newParameter(com.google.javascript.rhino.jstype.JSType):135, 3.194480560705543
com.google.javascript.rhino.jstype.FunctionParamBuilder#newParameter(com.google.javascript.rhino.jstype.JSType):136, 3.194480560705543
com.google.javascript.rhino.jstype.FunctionParamBuilder#newParameter(com.google.javascript.rhino.jstype.JSType):137, 3.194480560705543
com.google.javascript.rhino.jstype.FunctionParamBuilder#newParameter(com.google.javascript.rhino.jstype.JSType):138, 3.194480560705543
com.google.javascript.jscomp.parsing.IRFactory.TransformDispatcher#isReservedKeyword(java.lang.String):921, 3.191609865825371
com.google.javascript.rhino.Node#putBooleanProp(int,boolean):849, 3.1890632858136074
com.google.javascript.rhino.Node#putBooleanProp(int,boolean):850, 3.1890632858136074
com.google.javascript.rhino.Node#addChildToBack(com.google.javascript.rhino.Node):612, 3.1877535191522965
com.google.javascript.rhino.Node#addChildToBack(com.google.javascript.rhino.Node):613, 3.1877535191522965
com.google.javascript.rhino.Node#addChildToBack(com.google.javascript.rhino.Node):614, 3.1877535191522965
com.google.javascript.rhino.Node#addChildToBack(com.google.javascript.rhino.Node):609, 3.1877532422225787
com.google.javascript.rhino.Node#addChildToBack(com.google.javascript.rhino.Node):610, 3.1877532422225787
com.google.javascript.rhino.Node#addChildToBack(com.google.javascript.rhino.Node):604, 3.1877532204459262
com.google.javascript.rhino.Node#addChildToBack(com.google.javascript.rhino.Node):605, 3.1877532204459262
com.google.javascript.rhino.Node#addChildToBack(com.google.javascript.rhino.Node):606, 3.1877532204459262
com.google.javascript.rhino.Node#addChildToBack(com.google.javascript.rhino.Node):607, 3.1877532204459262
com.google.javascript.rhino.Node#addChildToBack(com.google.javascript.rhino.Node):608, 3.1877532204459262
com.google.javascript.rhino.Node#createProp(int,int,com.google.javascript.rhino.Node.PropListItem):864, 3.187613213189833
com.google.javascript.rhino.Node#putIntProp(int,int):855, 3.187463213189833
com.google.javascript.rhino.Node#putIntProp(int,int):853, 3.1874632059351353
com.google.javascript.rhino.Node#putIntProp(int,int):854, 3.1874632059351353
com.google.javascript.rhino.Node#putIntProp(int,int):857, 3.1874632059351353
com.google.javascript.rhino.Node#newString(int,java.lang.String):512, 3.187323191429922
com.google.javascript.jscomp.parsing.JsDocInfoParser#getFileOverviewJSDocInfo():2466, 3.1842454531972213
com.google.javascript.rhino.Node#removeProp(int):784, 3.183810455702731
com.google.javascript.rhino.Node#removeProp(int):782, 3.183803025019727
com.google.javascript.rhino.Node#removeProp(int):783, 3.183803025019727
com.google.javascript.rhino.Node#removeProp(int):786, 3.183803025019727
com.google.javascript.rhino.Node#removeProp(com.google.javascript.rhino.Node.PropListItem,int):802, 3.1838105782327224
com.google.javascript.rhino.Node#removeProp(com.google.javascript.rhino.Node.PropListItem,int):798, 3.183810455702731
com.google.javascript.rhino.Node#removeProp(com.google.javascript.rhino.Node.PropListItem,int):800, 3.1838057869719427
com.google.javascript.rhino.Node#removeProp(com.google.javascript.rhino.Node.PropListItem,int):801, 3.1838057869719427
com.google.javascript.rhino.Node#removeProp(com.google.javascript.rhino.Node.PropListItem,int):804, 3.1838057869719427
com.google.javascript.rhino.Node#removeProp(com.google.javascript.rhino.Node.PropListItem,int):797, 3.1838057094342846
com.google.javascript.rhino.Node#removeProp(com.google.javascript.rhino.Node.PropListItem,int):795, 3.183803025019727
com.google.javascript.rhino.Node#removeProp(com.google.javascript.rhino.Node.PropListItem,int):796, 3.183803025019727
com.google.javascript.jscomp.Scope#getVars():567, 3.1807347108978474
com.google.javascript.jscomp.NodeUtil#getInputId(com.google.javascript.rhino.Node):2910, 3.180674921948166
com.google.javascript.jscomp.NodeUtil#getInputId(com.google.javascript.rhino.Node):2909, 3.180670324834222
com.google.javascript.jscomp.NodeUtil#getInputId(com.google.javascript.rhino.Node):2913, 3.180670324834222
com.google.javascript.jscomp.graph.LinkedDirectedGraph.LinkedDirectedGraphNode#getValue():352, 3.1763645101804108
com.google.javascript.jscomp.graph.LinkedDirectedGraph.LinkedDirectedGraphNode#getOutEdges():394, 3.1711543989873054
com.google.javascript.jscomp.graph.LinkedDirectedGraph#getDirectedGraphNode(java.lang.Object):113, 3.1711543989873054
com.google.javascript.rhino.jstype.PropertyMap#putProperty(java.lang.String,com.google.javascript.rhino.jstype.Property):193, 3.1608531568187397
com.google.javascript.rhino.jstype.PropertyMap#putProperty(java.lang.String,com.google.javascript.rhino.jstype.Property):194, 3.1608531568187397
com.google.javascript.rhino.jstype.PropertyMap#putProperty(java.lang.String,com.google.javascript.rhino.jstype.Property):199, 3.1608531568187397
com.google.javascript.rhino.jstype.PropertyMap#putProperty(java.lang.String,com.google.javascript.rhino.jstype.Property):200, 3.1608531568187397
com.google.javascript.rhino.jstype.PropertyMap#putProperty(java.lang.String,com.google.javascript.rhino.jstype.Property):197, 3.16073
com.google.javascript.rhino.jstype.PropertyMap#getOwnProperty(java.lang.String):148, 3.160573147479834
com.google.javascript.rhino.jstype.ObjectType#getOwnSlot(java.lang.String):121, 3.160573147479834
com.google.javascript.jscomp.parsing.JsDocInfoParser#eatTokensUntilEOL():2352, 3.1595743545731514
com.google.javascript.rhino.jstype.TemplateTypeMap#checkEquivalenceHelper(com.google.javascript.rhino.jstype.TemplateTypeMap,com.google.javascript.rhino.jstype.EquivalenceMethod):210, 3.1499648635051463
com.google.javascript.rhino.jstype.TemplateTypeMap#checkEquivalenceHelper(com.google.javascript.rhino.jstype.TemplateTypeMap,com.google.javascript.rhino.jstype.EquivalenceMethod):211, 3.1499648635051463
com.google.javascript.rhino.jstype.TemplateTypeMap#checkEquivalenceHelper(com.google.javascript.rhino.jstype.TemplateTypeMap,com.google.javascript.rhino.jstype.EquivalenceMethod):216, 3.1499648635051463
com.google.javascript.rhino.jstype.TemplateTypeMap#checkEquivalenceHelper(com.google.javascript.rhino.jstype.TemplateTypeMap,com.google.javascript.rhino.jstype.EquivalenceMethod):198, 3.149960560705543
com.google.javascript.rhino.jstype.TemplateTypeMap#checkEquivalenceHelper(com.google.javascript.rhino.jstype.TemplateTypeMap,com.google.javascript.rhino.jstype.EquivalenceMethod):199, 3.149960560705543
com.google.javascript.rhino.jstype.TemplateTypeMap#checkEquivalenceHelper(com.google.javascript.rhino.jstype.TemplateTypeMap,com.google.javascript.rhino.jstype.EquivalenceMethod):201, 3.149960560705543
com.google.javascript.rhino.jstype.TemplateTypeMap#checkEquivalenceHelper(com.google.javascript.rhino.jstype.TemplateTypeMap,com.google.javascript.rhino.jstype.EquivalenceMethod):202, 3.149960560705543
com.google.javascript.rhino.jstype.TemplateTypeMap#checkEquivalenceHelper(com.google.javascript.rhino.jstype.TemplateTypeMap,com.google.javascript.rhino.jstype.EquivalenceMethod):204, 3.149960560705543
com.google.javascript.rhino.jstype.TemplateTypeMap#checkEquivalenceHelper(com.google.javascript.rhino.jstype.TemplateTypeMap,com.google.javascript.rhino.jstype.EquivalenceMethod):205, 3.149960560705543
com.google.javascript.rhino.jstype.TemplateTypeMap#checkEquivalenceHelper(com.google.javascript.rhino.jstype.TemplateTypeMap,com.google.javascript.rhino.jstype.EquivalenceMethod):206, 3.149960560705543
com.google.javascript.rhino.jstype.TemplateTypeMap#checkEquivalenceHelper(com.google.javascript.rhino.jstype.TemplateTypeMap,com.google.javascript.rhino.jstype.EquivalenceMethod):207, 3.149960560705543
com.google.javascript.rhino.jstype.TemplateTypeMap#checkEquivalenceHelper(com.google.javascript.rhino.jstype.TemplateTypeMap,com.google.javascript.rhino.jstype.EquivalenceMethod):209, 3.149960560705543
com.google.javascript.rhino.jstype.TemplateTypeMap#checkEquivalenceHelper(com.google.javascript.rhino.jstype.TemplateTypeMap,com.google.javascript.rhino.jstype.EquivalenceMethod):231, 3.149960560705543
com.google.javascript.rhino.jstype.TemplateTypeMap#checkEquivalenceHelper(com.google.javascript.rhino.jstype.TemplateTypeMap,com.google.javascript.rhino.jstype.EquivalenceMethod):232, 3.149960560705543
com.google.javascript.rhino.jstype.TemplateTypeMap#checkEquivalenceHelper(com.google.javascript.rhino.jstype.TemplateTypeMap,com.google.javascript.rhino.jstype.EquivalenceMethod):236, 3.149960560705543
com.google.javascript.rhino.jstype.TemplateTypeMap#checkEquivalenceHelper(com.google.javascript.rhino.jstype.TemplateTypeMap,com.google.javascript.rhino.jstype.EquivalenceMethod):237, 3.149960560705543
com.google.javascript.rhino.jstype.TemplateTypeMap#checkEquivalenceHelper(com.google.javascript.rhino.jstype.TemplateTypeMap,com.google.javascript.rhino.jstype.EquivalenceMethod):238, 3.149960560705543
com.google.javascript.rhino.jstype.TemplateTypeMap#checkEquivalenceHelper(com.google.javascript.rhino.jstype.TemplateTypeMap,com.google.javascript.rhino.jstype.EquivalenceMethod):242, 3.149960560705543
com.google.javascript.rhino.jstype.TemplateTypeMap#checkEquivalenceHelper(com.google.javascript.rhino.jstype.TemplateTypeMap,com.google.javascript.rhino.jstype.EquivalenceMethod):217, 3.14984
com.google.javascript.rhino.jstype.TemplateTypeMap#checkEquivalenceHelper(com.google.javascript.rhino.jstype.TemplateTypeMap,com.google.javascript.rhino.jstype.EquivalenceMethod):218, 3.14984
com.google.javascript.rhino.jstype.TemplateTypeMap#checkEquivalenceHelper(com.google.javascript.rhino.jstype.TemplateTypeMap,com.google.javascript.rhino.jstype.EquivalenceMethod):219, 3.14984
com.google.javascript.rhino.jstype.TemplateTypeMap#checkEquivalenceHelper(com.google.javascript.rhino.jstype.TemplateTypeMap,com.google.javascript.rhino.jstype.EquivalenceMethod):222, 3.14984
com.google.javascript.rhino.jstype.TemplateTypeMap#checkEquivalenceHelper(com.google.javascript.rhino.jstype.TemplateTypeMap,com.google.javascript.rhino.jstype.EquivalenceMethod):223, 3.14984
com.google.javascript.rhino.jstype.TemplateTypeMap#checkEquivalenceHelper(com.google.javascript.rhino.jstype.TemplateTypeMap,com.google.javascript.rhino.jstype.EquivalenceMethod):225, 3.14984
com.google.javascript.rhino.jstype.TemplateTypeMap#checkEquivalenceHelper(com.google.javascript.rhino.jstype.TemplateTypeMap,com.google.javascript.rhino.jstype.EquivalenceMethod):226, 3.14984
com.google.javascript.rhino.jstype.FunctionType#toMaybeFunctionType():257, 3.1362905607055427
com.google.javascript.rhino.jstype.FunctionParamBuilder#build():142, 3.114420560705543
com.google.javascript.rhino.jstype.PrototypeObjectType#getOwnerFunction():395, 3.109340560705543
com.google.javascript.jscomp.SourceFile.Builder#buildFromCode(java.lang.String,java.lang.String):391, 3.1088996168825784
com.google.javascript.jscomp.SourceFile#fromCode(java.lang.String,java.lang.String):323, 3.1086396168825785
com.google.javascript.jscomp.Compiler#getErrorCount():2173, 3.1056313213484548
com.google.javascript.rhino.jstype.FunctionBuilder#build():161, 3.102010560705543
com.google.javascript.jscomp.SourceFile#builder():355, 3.0928996168825784
com.google.javascript.jscomp.CompilerInput#getAstRoot(com.google.javascript.jscomp.AbstractCompiler):117, 3.0900808332389325
com.google.javascript.jscomp.CompilerInput#getAstRoot(com.google.javascript.jscomp.AbstractCompiler):119, 3.0900808332389325
com.google.javascript.jscomp.CompilerInput#getAstRoot(com.google.javascript.jscomp.AbstractCompiler):120, 3.0900808332389325
com.google.javascript.jscomp.CompilerInput#getAstRoot(com.google.javascript.jscomp.AbstractCompiler):121, 3.0900808332389325
com.google.javascript.jscomp.CompilerInput#getAstRoot(com.google.javascript.jscomp.AbstractCompiler):123, 3.0900808332389325
com.google.javascript.rhino.jstype.JSTypeRegistry#register(com.google.javascript.rhino.jstype.JSType,java.lang.String):644, 3.088600560705543
com.google.javascript.rhino.jstype.JSTypeRegistry#register(com.google.javascript.rhino.jstype.JSType,java.lang.String):647, 3.088600560705543
com.google.javascript.rhino.jstype.JSTypeRegistry#register(com.google.javascript.rhino.jstype.JSType,java.lang.String):650, 3.088600560705543
com.google.javascript.rhino.jstype.JSTypeRegistry#register(com.google.javascript.rhino.jstype.JSType,java.lang.String):654, 3.088600560705543
com.google.javascript.rhino.jstype.JSTypeRegistry#register(com.google.javascript.rhino.jstype.JSType,java.lang.String):651, 3.08848
com.google.javascript.rhino.jstype.JSTypeRegistry#register(com.google.javascript.rhino.jstype.JSType,java.lang.String):652, 3.08848
com.google.javascript.rhino.jstype.JSType#isRecordType():388, 3.0883005607055427
com.google.javascript.rhino.jstype.JSType#isTemplatizedType():400, 3.0883005607055427
com.google.javascript.rhino.jstype.JSType#isExemptFromTemplateTypeInvariance(com.google.javascript.rhino.jstype.JSType):1304, 3.0883005607055427
com.google.javascript.rhino.jstype.JSType#isExemptFromTemplateTypeInvariance(com.google.javascript.rhino.jstype.JSType):1305, 3.0883005607055427
com.google.javascript.rhino.jstype.JSType#toString():1422, 3.0883005607055427
com.google.javascript.rhino.jstype.InstanceObjectType#getImplicitPrototype():77, 3.0883005607055427
com.google.javascript.rhino.jstype.InstanceObjectType#toStringHelper(boolean):97, 3.0883005607055427
com.google.javascript.rhino.jstype.InstanceObjectType#toStringHelper(boolean):98, 3.0883005607055427
com.google.javascript.rhino.jstype.InstanceObjectType#toStringHelper(boolean):100, 3.08818
com.google.javascript.rhino.jstype.InstanceObjectType#hashCode():162, 3.0883005607055427
com.google.javascript.rhino.jstype.InstanceObjectType#hashCode():163, 3.0883005607055427
com.google.javascript.rhino.jstype.InstanceObjectType#hashCode():165, 3.08818
com.google.javascript.rhino.jstype.JSTypeRegistry#resetForTypeCheck():275, 3.0883005607055427
com.google.javascript.rhino.jstype.JSTypeRegistry#resetForTypeCheck():276, 3.0883005607055427
com.google.javascript.rhino.jstype.JSTypeRegistry#resetForTypeCheck():277, 3.0883005607055427
com.google.javascript.rhino.jstype.JSTypeRegistry#resetForTypeCheck():278, 3.0883005607055427
com.google.javascript.rhino.jstype.JSTypeRegistry#resetForTypeCheck():279, 3.0883005607055427
com.google.javascript.rhino.jstype.JSTypeRegistry#resetForTypeCheck():280, 3.0883005607055427
com.google.javascript.rhino.jstype.JSTypeRegistry#resetForTypeCheck():281, 3.0883005607055427
com.google.javascript.rhino.jstype.JSTypeRegistry#initializeRegistry():614, 3.0883005607055427
com.google.javascript.rhino.jstype.JSTypeRegistry#initializeRegistry():615, 3.0883005607055427
com.google.javascript.rhino.jstype.JSTypeRegistry#initializeRegistry():616, 3.0883005607055427
com.google.javascript.rhino.jstype.JSTypeRegistry#initializeRegistry():617, 3.0883005607055427
com.google.javascript.rhino.jstype.JSTypeRegistry#initializeRegistry():618, 3.0883005607055427
com.google.javascript.rhino.jstype.JSTypeRegistry#initializeRegistry():619, 3.0883005607055427
com.google.javascript.rhino.jstype.JSTypeRegistry#initializeRegistry():620, 3.0883005607055427
com.google.javascript.rhino.jstype.JSTypeRegistry#initializeRegistry():621, 3.0883005607055427
com.google.javascript.rhino.jstype.JSTypeRegistry#initializeRegistry():622, 3.0883005607055427
com.google.javascript.rhino.jstype.JSTypeRegistry#initializeRegistry():623, 3.0883005607055427
com.google.javascript.rhino.jstype.JSTypeRegistry#initializeRegistry():624, 3.0883005607055427
com.google.javascript.rhino.jstype.JSTypeRegistry#initializeRegistry():625, 3.0883005607055427
com.google.javascript.rhino.jstype.JSTypeRegistry#initializeRegistry():626, 3.0883005607055427
com.google.javascript.rhino.jstype.JSTypeRegistry#initializeRegistry():627, 3.0883005607055427
com.google.javascript.rhino.jstype.JSTypeRegistry#initializeRegistry():628, 3.0883005607055427
com.google.javascript.rhino.jstype.JSTypeRegistry#initializeRegistry():629, 3.0883005607055427
com.google.javascript.rhino.jstype.JSTypeRegistry#initializeRegistry():630, 3.0883005607055427
com.google.javascript.rhino.jstype.JSTypeRegistry#initializeRegistry():631, 3.0883005607055427
com.google.javascript.rhino.jstype.JSTypeRegistry#initializeRegistry():632, 3.0883005607055427
com.google.javascript.rhino.jstype.JSTypeRegistry#initializeRegistry():633, 3.0883005607055427
com.google.javascript.rhino.jstype.JSTypeRegistry#initializeRegistry():634, 3.0883005607055427
com.google.javascript.rhino.jstype.JSTypeRegistry#initializeRegistry():635, 3.0883005607055427
com.google.javascript.rhino.jstype.JSTypeRegistry#initializeRegistry():636, 3.0883005607055427
com.google.javascript.rhino.jstype.JSTypeRegistry#initializeRegistry():637, 3.0883005607055427
com.google.javascript.rhino.jstype.JSTypeRegistry#register(com.google.javascript.rhino.jstype.JSType):640, 3.0883005607055427
com.google.javascript.rhino.jstype.JSTypeRegistry#register(com.google.javascript.rhino.jstype.JSType):641, 3.0883005607055427
com.google.javascript.rhino.jstype.JSTypeRegistry#registerPropertyOnType(java.lang.String,com.google.javascript.rhino.jstype.JSType):673, 3.0883005607055427
com.google.javascript.rhino.jstype.JSTypeRegistry#registerPropertyOnType(java.lang.String,com.google.javascript.rhino.jstype.JSType):674, 3.0883005607055427
com.google.javascript.rhino.jstype.JSTypeRegistry#registerPropertyOnType(java.lang.String,com.google.javascript.rhino.jstype.JSType):675, 3.0883005607055427
com.google.javascript.rhino.jstype.JSTypeRegistry#registerPropertyOnType(java.lang.String,com.google.javascript.rhino.jstype.JSType):676, 3.0883005607055427
com.google.javascript.rhino.jstype.JSTypeRegistry#registerPropertyOnType(java.lang.String,com.google.javascript.rhino.jstype.JSType):679, 3.0883005607055427
com.google.javascript.rhino.jstype.JSTypeRegistry#registerPropertyOnType(java.lang.String,com.google.javascript.rhino.jstype.JSType):680, 3.0883005607055427
com.google.javascript.rhino.jstype.JSTypeRegistry#registerPropertyOnType(java.lang.String,com.google.javascript.rhino.jstype.JSType):683, 3.0883005607055427
com.google.javascript.rhino.jstype.JSTypeRegistry#registerPropertyOnType(java.lang.String,com.google.javascript.rhino.jstype.JSType):684, 3.0883005607055427
com.google.javascript.rhino.jstype.JSTypeRegistry#createOptionalParameters(com.google.javascript.rhino.jstype.JSType[]):1299, 3.0883005607055427
com.google.javascript.rhino.jstype.JSTypeRegistry#createOptionalParameters(com.google.javascript.rhino.jstype.JSType[]):1300, 3.0883005607055427
com.google.javascript.rhino.jstype.JSTypeRegistry#createOptionalParameters(com.google.javascript.rhino.jstype.JSType[]):1301, 3.0883005607055427
com.google.javascript.rhino.jstype.JSTypeRegistry#createFunctionType(com.google.javascript.rhino.jstype.JSType,com.google.javascript.rhino.Node):1379, 3.0883005607055427
com.google.javascript.rhino.jstype.JSTypeRegistry#createTemplateTypeMap(com.google.common.collect.ImmutableList,com.google.common.collect.ImmutableList):1525, 3.0883005607055427
com.google.javascript.rhino.jstype.JSTypeRegistry#createTemplateTypeMap(com.google.common.collect.ImmutableList,com.google.common.collect.ImmutableList):1527, 3.0883005607055427
com.google.javascript.rhino.jstype.JSTypeRegistry#createTemplateTypeMap(com.google.common.collect.ImmutableList,com.google.common.collect.ImmutableList):1530, 3.0883005607055427
com.google.javascript.rhino.jstype.TemplateTypeMap#getResolvedTemplateType(com.google.javascript.rhino.jstype.TemplateType):179, 3.0883005607055427
com.google.javascript.rhino.jstype.TemplateTypeMap#getResolvedTemplateType(com.google.javascript.rhino.jstype.TemplateType):180, 3.0883005607055427
com.google.javascript.rhino.jstype.TemplateTypeMap#extend(com.google.javascript.rhino.jstype.TemplateTypeMap):263, 3.0883005607055427
com.google.javascript.rhino.jstype.TemplateTypeMap#extend(com.google.javascript.rhino.jstype.TemplateTypeMap):264, 3.0883005607055427
com.google.javascript.rhino.jstype.TemplateTypeMap#addValues(com.google.common.collect.ImmutableList):276, 3.0883005607055427
com.google.javascript.rhino.jstype.TemplateTypeMap#addValues(com.google.common.collect.ImmutableList):277, 3.0883005607055427
com.google.javascript.rhino.jstype.TemplateTypeMap#addValues(com.google.common.collect.ImmutableList):281, 3.0883005607055427
com.google.javascript.rhino.jstype.TemplateTypeMap#addValues(com.google.common.collect.ImmutableList):278, 3.08818
com.google.javascript.rhino.jstype.TemplateTypeMap#addUnknownValues():290, 3.0883005607055427
com.google.javascript.rhino.jstype.TemplateTypeMap#addUnknownValues():291, 3.0883005607055427
com.google.javascript.rhino.jstype.TemplateTypeMap#addUnknownValues():292, 3.0883005607055427
com.google.javascript.rhino.jstype.TemplateTypeMap#addUnknownValues():295, 3.0883005607055427
com.google.javascript.rhino.jstype.TemplateTypeMap#addUnknownValues():296, 3.0883005607055427
com.google.javascript.rhino.jstype.TemplateTypeMap#addUnknownValues():297, 3.0883005607055427
com.google.javascript.rhino.jstype.TemplateTypeMap#addUnknownValues():299, 3.0883005607055427
com.google.javascript.rhino.jstype.FunctionParamBuilder#addRequiredParams(com.google.javascript.rhino.jstype.JSType[]):63, 3.0883005607055427
com.google.javascript.rhino.jstype.FunctionParamBuilder#addRequiredParams(com.google.javascript.rhino.jstype.JSType[]):67, 3.0883005607055427
com.google.javascript.rhino.jstype.FunctionParamBuilder#addRequiredParams(com.google.javascript.rhino.jstype.JSType[]):68, 3.0883005607055427
com.google.javascript.rhino.jstype.FunctionParamBuilder#addRequiredParams(com.google.javascript.rhino.jstype.JSType[]):70, 3.0883005607055427
com.google.javascript.rhino.jstype.FunctionParamBuilder#addRequiredParams(com.google.javascript.rhino.jstype.JSType[]):64, 3.08818
com.google.javascript.rhino.jstype.FunctionParamBuilder#hasOptionalOrVarArgs():146, 3.0883005607055427
com.google.javascript.rhino.jstype.FunctionParamBuilder#hasOptionalOrVarArgs():147, 3.0883005607055427
com.google.javascript.rhino.jstype.FunctionParamBuilder#hasVarArgs():152, 3.0883005607055427
com.google.javascript.rhino.jstype.FunctionParamBuilder#hasVarArgs():153, 3.0883005607055427
com.google.javascript.rhino.jstype.FunctionType#setPrototype(com.google.javascript.rhino.jstype.ObjectType,com.google.javascript.rhino.Node):433, 3.0883005607055427
com.google.javascript.rhino.jstype.FunctionType#setPrototype(com.google.javascript.rhino.jstype.ObjectType,com.google.javascript.rhino.Node):437, 3.0883005607055427
com.google.javascript.rhino.jstype.FunctionType#setPrototype(com.google.javascript.rhino.jstype.ObjectType,com.google.javascript.rhino.Node):440, 3.0883005607055427
com.google.javascript.rhino.jstype.FunctionType#setPrototype(com.google.javascript.rhino.jstype.ObjectType,com.google.javascript.rhino.Node):434, 3.08818
com.google.javascript.rhino.jstype.FunctionType#setPrototype(com.google.javascript.rhino.jstype.ObjectType,com.google.javascript.rhino.Node):438, 3.08818
com.google.javascript.rhino.jstype.FunctionType#hasInstanceType():1087, 3.0883005607055427
com.google.javascript.rhino.jstype.FunctionType#addSubType(com.google.javascript.rhino.jstype.FunctionType):1126, 3.0883005607055427
com.google.javascript.rhino.jstype.FunctionType#addSubType(com.google.javascript.rhino.jstype.FunctionType):1127, 3.0883005607055427
com.google.javascript.rhino.jstype.FunctionType#addSubType(com.google.javascript.rhino.jstype.FunctionType):1129, 3.0883005607055427
com.google.javascript.rhino.jstype.FunctionType#addSubType(com.google.javascript.rhino.jstype.FunctionType):1130, 3.0883005607055427
com.google.javascript.rhino.jstype.PrototypeObjectType#implicitPrototypeChainIsUnknown():366, 3.0883005607055427
com.google.javascript.rhino.jstype.PrototypeObjectType#implicitPrototypeChainIsUnknown():367, 3.0883005607055427
com.google.javascript.rhino.jstype.PrototypeObjectType#implicitPrototypeChainIsUnknown():368, 3.0883005607055427
com.google.javascript.rhino.jstype.PrototypeObjectType#implicitPrototypeChainIsUnknown():371, 3.0883005607055427
com.google.javascript.rhino.jstype.PrototypeObjectType#implicitPrototypeChainIsUnknown():373, 3.0883005607055427
com.google.javascript.rhino.jstype.PrototypeObjectType#implicitPrototypeChainIsUnknown():369, 3.08818
com.google.javascript.rhino.jstype.FunctionBuilder#withParamsNode(com.google.javascript.rhino.Node):91, 3.0883005607055427
com.google.javascript.rhino.jstype.FunctionBuilder#withParamsNode(com.google.javascript.rhino.Node):92, 3.0883005607055427
com.google.javascript.rhino.jstype.FunctionBuilder#withReturnType(com.google.javascript.rhino.jstype.JSType):97, 3.0883005607055427
com.google.javascript.rhino.jstype.FunctionBuilder#withReturnType(com.google.javascript.rhino.jstype.JSType):98, 3.0883005607055427
com.google.javascript.rhino.jstype.FunctionBuilder#forNativeType():142, 3.0883005607055427
com.google.javascript.rhino.jstype.FunctionBuilder#forNativeType():143, 3.0883005607055427
com.google.javascript.jscomp.Scope#getRootNode():433, 3.0879707892238417
com.google.javascript.jscomp.JsAst#getAstRoot(com.google.javascript.jscomp.AbstractCompiler):49, 3.082860481927711
com.google.javascript.jscomp.JsAst#getAstRoot(com.google.javascript.jscomp.AbstractCompiler):50, 3.082860481927711
com.google.javascript.jscomp.JsAst#getAstRoot(com.google.javascript.jscomp.AbstractCompiler):51, 3.082860481927711
com.google.javascript.jscomp.JsAst#getAstRoot(com.google.javascript.jscomp.AbstractCompiler):53, 3.082860481927711
com.google.javascript.jscomp.PrepareAst.PrepareAnnotations#shouldTraverse(com.google.javascript.jscomp.NodeTraversal,com.google.javascript.rhino.Node,com.google.javascript.rhino.Node):125, 3.0800705869991796
com.google.javascript.jscomp.PrepareAst.PrepareAnnotations#shouldTraverse(com.google.javascript.jscomp.NodeTraversal,com.google.javascript.rhino.Node,com.google.javascript.rhino.Node):128, 3.0800705869991796
com.google.javascript.jscomp.PrepareAst.PrepareAnnotations#shouldTraverse(com.google.javascript.jscomp.NodeTraversal,com.google.javascript.rhino.Node,com.google.javascript.rhino.Node):126, 3.07995
com.google.javascript.jscomp.PrepareAst.PrepareAnnotations#visit(com.google.javascript.jscomp.NodeTraversal,com.google.javascript.rhino.Node,com.google.javascript.rhino.Node):139, 3.0800828266070908
com.google.javascript.jscomp.PrepareAst.PrepareAnnotations#visit(com.google.javascript.jscomp.NodeTraversal,com.google.javascript.rhino.Node,com.google.javascript.rhino.Node):133, 3.0800705869991796
com.google.javascript.jscomp.PrepareAst.PrepareAnnotations#visit(com.google.javascript.jscomp.NodeTraversal,com.google.javascript.rhino.Node,com.google.javascript.rhino.Node):142, 3.0800705869991796
com.google.javascript.jscomp.PrepareAst.PrepareAnnotations#visit(com.google.javascript.jscomp.NodeTraversal,com.google.javascript.rhino.Node,com.google.javascript.rhino.Node):135, 3.07995
com.google.javascript.jscomp.PrepareAst.PrepareAnnotations#visit(com.google.javascript.jscomp.NodeTraversal,com.google.javascript.rhino.Node,com.google.javascript.rhino.Node):136, 3.07995
com.google.javascript.jscomp.PrepareAst#process(com.google.javascript.rhino.Node,com.google.javascript.rhino.Node):56, 3.0800705869991796
com.google.javascript.jscomp.PrepareAst#process(com.google.javascript.rhino.Node,com.google.javascript.rhino.Node):63, 3.0800705869991796
com.google.javascript.jscomp.PrepareAst#process(com.google.javascript.rhino.Node,com.google.javascript.rhino.Node):67, 3.0800705869991796
com.google.javascript.jscomp.PrepareAst#process(com.google.javascript.rhino.Node,com.google.javascript.rhino.Node):68, 3.0800705869991796
com.google.javascript.jscomp.PrepareAst#process(com.google.javascript.rhino.Node,com.google.javascript.rhino.Node):72, 3.0800705869991796
com.google.javascript.jscomp.PrepareAst#process(com.google.javascript.rhino.Node,com.google.javascript.rhino.Node):57, 3.07995
com.google.javascript.jscomp.PrepareAst#process(com.google.javascript.rhino.Node,com.google.javascript.rhino.Node):64, 3.07995
com.google.javascript.jscomp.Compiler#prepareAst(com.google.javascript.rhino.Node):1967, 3.0800705869991796
com.google.javascript.jscomp.Compiler#prepareAst(com.google.javascript.rhino.Node):1968, 3.0800705869991796
com.google.javascript.jscomp.Compiler#prepareAst(com.google.javascript.rhino.Node):1969, 3.0800705869991796
com.google.javascript.jscomp.Compiler#initOptions(com.google.javascript.jscomp.CompilerOptions):287, 3.0784506484179626
com.google.javascript.jscomp.Compiler#initOptions(com.google.javascript.jscomp.CompilerOptions):286, 3.078449668260725
com.google.javascript.jscomp.Compiler#initOptions(com.google.javascript.jscomp.CompilerOptions):284, 3.0784496511273205
com.google.javascript.jscomp.Compiler#initOptions(com.google.javascript.jscomp.CompilerOptions):285, 3.0784496511273205
com.google.javascript.jscomp.Compiler#initOptions(com.google.javascript.jscomp.CompilerOptions):297, 3.0784496511273205
com.google.javascript.jscomp.Compiler#initOptions(com.google.javascript.jscomp.CompilerOptions):300, 3.0784496511273205
com.google.javascript.jscomp.Compiler#initOptions(com.google.javascript.jscomp.CompilerOptions):301, 3.0784496511273205
com.google.javascript.jscomp.Compiler#initOptions(com.google.javascript.jscomp.CompilerOptions):304, 3.0784496511273205
com.google.javascript.jscomp.Compiler#initOptions(com.google.javascript.jscomp.CompilerOptions):306, 3.0784496511273205
com.google.javascript.jscomp.Compiler#initOptions(com.google.javascript.jscomp.CompilerOptions):307, 3.0784496511273205
com.google.javascript.jscomp.Compiler#initOptions(com.google.javascript.jscomp.CompilerOptions):290, 3.07833
com.google.javascript.jscomp.Compiler#initOptions(com.google.javascript.jscomp.CompilerOptions):292, 3.07833
com.google.javascript.jscomp.Compiler#initOptions(com.google.javascript.jscomp.CompilerOptions):293, 3.07833
com.google.javascript.jscomp.Compiler#setScope(com.google.javascript.rhino.Node):2003, 3.071600324834222
com.google.javascript.jscomp.Compiler#setScope(com.google.javascript.rhino.Node):2006, 3.071600324834222
com.google.javascript.jscomp.Compiler#setScope(com.google.javascript.rhino.Node):2004, 3.07148
com.google.javascript.jscomp.NodeTraversal#hasScope():680, 3.071600324834222
com.google.javascript.jscomp.Compiler#setErrorManager(com.google.javascript.jscomp.ErrorManager):265, 3.0614396511273205
com.google.javascript.jscomp.Compiler#setErrorManager(com.google.javascript.jscomp.ErrorManager):267, 3.0614396511273205
com.google.javascript.jscomp.Compiler#setErrorManager(com.google.javascript.jscomp.ErrorManager):268, 3.0614396511273205
com.google.javascript.jscomp.CompilerOptions#setWarningLevel(com.google.javascript.jscomp.DiagnosticGroup,com.google.javascript.jscomp.CheckLevel):1152, 3.056589865825371
com.google.javascript.jscomp.CompilerOptions#setWarningLevel(com.google.javascript.jscomp.DiagnosticGroup,com.google.javascript.jscomp.CheckLevel):1153, 3.056589865825371
com.google.javascript.jscomp.ErrorFormat.2#toFormatter(com.google.javascript.jscomp.SourceExcerptProvider,boolean):38, 3.050069668260725
com.google.javascript.jscomp.ErrorFormat.2#toFormatter(com.google.javascript.jscomp.SourceExcerptProvider,boolean):40, 3.050069668260725
com.google.javascript.jscomp.ErrorFormat.2#toFormatter(com.google.javascript.jscomp.SourceExcerptProvider,boolean):41, 3.050069668260725
com.google.javascript.jscomp.ComposeWarningsGuard#addGuard(com.google.javascript.jscomp.WarningsGuard):88, 3.0492396511273205
com.google.javascript.jscomp.ComposeWarningsGuard#addGuard(com.google.javascript.jscomp.WarningsGuard):89, 3.0492396511273205
com.google.javascript.jscomp.ComposeWarningsGuard#addGuard(com.google.javascript.jscomp.WarningsGuard):94, 3.0492396511273205
com.google.javascript.jscomp.ComposeWarningsGuard#addGuard(com.google.javascript.jscomp.WarningsGuard):95, 3.0492396511273205
com.google.javascript.jscomp.ComposeWarningsGuard#addGuard(com.google.javascript.jscomp.WarningsGuard):87, 3.0492396340012737
com.google.javascript.jscomp.ComposeWarningsGuard#addGuard(com.google.javascript.jscomp.WarningsGuard):96, 3.0492396340012737
com.google.javascript.jscomp.ComposeWarningsGuard#addGuard(com.google.javascript.jscomp.WarningsGuard):97, 3.0492396340012737
com.google.javascript.jscomp.ComposeWarningsGuard#addGuard(com.google.javascript.jscomp.WarningsGuard):98, 3.0492396340012737
com.google.javascript.jscomp.ComposeWarningsGuard#addGuard(com.google.javascript.jscomp.WarningsGuard):99, 3.0492396340012737
com.google.javascript.jscomp.ComposeWarningsGuard#addGuard(com.google.javascript.jscomp.WarningsGuard):101, 3.0492396340012737
com.google.javascript.jscomp.ComposeWarningsGuard#addGuard(com.google.javascript.jscomp.WarningsGuard):90, 3.04912
com.google.javascript.jscomp.ComposeWarningsGuard.GuardComparator#compare(com.google.javascript.jscomp.WarningsGuard,com.google.javascript.jscomp.WarningsGuard):64, 3.0489298830511853
com.google.javascript.jscomp.ComposeWarningsGuard.GuardComparator#compare(com.google.javascript.jscomp.WarningsGuard,com.google.javascript.jscomp.WarningsGuard):62, 3.048929634001274
com.google.javascript.jscomp.ComposeWarningsGuard.GuardComparator#compare(com.google.javascript.jscomp.WarningsGuard,com.google.javascript.jscomp.WarningsGuard):63, 3.048929634001274
com.google.javascript.jscomp.ComposeWarningsGuard.GuardComparator#compare(com.google.javascript.jscomp.WarningsGuard,com.google.javascript.jscomp.WarningsGuard):69, 3.048929634001274
com.google.javascript.jscomp.ComposeWarningsGuard#addGuards(java.lang.Iterable):105, 3.0483096511273207
com.google.javascript.jscomp.ComposeWarningsGuard#addGuards(java.lang.Iterable):106, 3.0483096511273207
com.google.javascript.jscomp.ComposeWarningsGuard#addGuards(java.lang.Iterable):104, 3.0483095741179698
com.google.javascript.jscomp.ComposeWarningsGuard#addGuards(java.lang.Iterable):107, 3.0483095741179698
com.google.javascript.jscomp.RhinoErrorReporter#replacePlaceHolders(java.lang.String):74, 3.045479488726173
com.google.javascript.jscomp.RhinoErrorReporter#replacePlaceHolders(java.lang.String):75, 3.045479488726173
com.google.javascript.jscomp.parsing.IRFactory#setFileOverviewJsDoc(com.google.javascript.rhino.Node):208, 3.037169267560832
com.google.javascript.jscomp.parsing.IRFactory#setFileOverviewJsDoc(com.google.javascript.rhino.Node):209, 3.037169267560832
com.google.javascript.jscomp.parsing.IRFactory#setFileOverviewJsDoc(com.google.javascript.rhino.Node):214, 3.037169267560832
com.google.javascript.jscomp.parsing.IRFactory#setFileOverviewJsDoc(com.google.javascript.rhino.Node):222, 3.037169267560832
com.google.javascript.jscomp.parsing.IRFactory#setFileOverviewJsDoc(com.google.javascript.rhino.Node):210, 3.03705
com.google.javascript.jscomp.parsing.IRFactory#setFileOverviewJsDoc(com.google.javascript.rhino.Node):211, 3.03705
com.google.javascript.jscomp.parsing.IRFactory#setFileOverviewJsDoc(com.google.javascript.rhino.Node):215, 3.03705
com.google.javascript.jscomp.parsing.IRFactory#setFileOverviewJsDoc(com.google.javascript.rhino.Node):217, 3.03705
com.google.javascript.jscomp.parsing.IRFactory#setFileOverviewJsDoc(com.google.javascript.rhino.Node):219, 3.03705
com.google.javascript.jscomp.parsing.IRFactory#setFileOverviewJsDoc(com.google.javascript.rhino.Node):220, 3.03705
com.google.javascript.jscomp.parsing.IRFactory.TransformDispatcher#parseDirectives(com.google.javascript.rhino.Node):601, 3.0367192675608323
com.google.javascript.jscomp.parsing.IRFactory.TransformDispatcher#parseDirectives(com.google.javascript.rhino.Node):602, 3.0367192675608323
com.google.javascript.jscomp.parsing.IRFactory.TransformDispatcher#parseDirectives(com.google.javascript.rhino.Node):611, 3.0367192675608323
com.google.javascript.jscomp.parsing.IRFactory.TransformDispatcher#parseDirectives(com.google.javascript.rhino.Node):614, 3.0367192675608323
com.google.javascript.jscomp.parsing.IRFactory.TransformDispatcher#parseDirectives(com.google.javascript.rhino.Node):603, 3.0366
com.google.javascript.jscomp.parsing.IRFactory.TransformDispatcher#parseDirectives(com.google.javascript.rhino.Node):604, 3.0366
com.google.javascript.jscomp.parsing.IRFactory.TransformDispatcher#parseDirectives(com.google.javascript.rhino.Node):605, 3.0366
com.google.javascript.jscomp.parsing.IRFactory.TransformDispatcher#parseDirectives(com.google.javascript.rhino.Node):607, 3.0366
com.google.javascript.jscomp.parsing.IRFactory.TransformDispatcher#parseDirectives(com.google.javascript.rhino.Node):609, 3.0366
com.google.javascript.jscomp.parsing.IRFactory.TransformDispatcher#parseDirectives(com.google.javascript.rhino.Node):612, 3.0366
com.google.javascript.jscomp.parsing.IRFactory#createTemplateNode():174, 3.0367192675608323
com.google.javascript.jscomp.parsing.IRFactory#createTemplateNode():175, 3.0367192675608323
com.google.javascript.jscomp.parsing.IRFactory#createTemplateNode():176, 3.0367192675608323
com.google.javascript.jscomp.parsing.JsDocTokenStream#getStringFromBuffer():236, 3.0322465368905043
com.google.javascript.jscomp.parsing.JsDocTokenStream#getStringFromBuffer():237, 3.0322465368905043
com.google.javascript.jscomp.parsing.JsDocTokenStream#getString():231, 3.0317665752620924
com.google.javascript.jscomp.parsing.JsDocTokenStream#addToString(int):241, 3.030636536890504
com.google.javascript.jscomp.parsing.JsDocTokenStream#addToString(int):242, 3.030636536890504
com.google.javascript.jscomp.parsing.JsDocTokenStream#addToString(int):247, 3.030636536890504
com.google.javascript.jscomp.parsing.JsDocTokenStream#addToString(int):248, 3.030636536890504
com.google.javascript.jscomp.parsing.JsDocTokenStream#addToString(int):249, 3.030636536890504
com.google.javascript.jscomp.parsing.JsDocTokenStream#addToString(int):243, 3.03048
com.google.javascript.jscomp.parsing.JsDocTokenStream#addToString(int):244, 3.03048
com.google.javascript.jscomp.parsing.JsDocTokenStream#addToString(int):245, 3.03048
com.google.javascript.jscomp.JSModule#add(com.google.javascript.jscomp.SourceFile):94, 3.025877764883639
com.google.javascript.jscomp.JSModule#add(com.google.javascript.jscomp.SourceFile):95, 3.025877764883639
com.google.javascript.rhino.SimpleErrorReporter#getMessage0(java.lang.String):109, 3.0057274845628084
com.google.javascript.rhino.SimpleErrorReporter#getMessage(java.lang.String,java.lang.Object[]):118, 3.0032974197526734
com.google.javascript.rhino.SimpleErrorReporter#getMessage(java.lang.String,java.lang.Object[]):121, 3.0032974197526734
com.google.javascript.rhino.SimpleErrorReporter#getMessage(java.lang.String,java.lang.Object[]):124, 3.0032974197526734
com.google.javascript.rhino.SimpleErrorReporter#getMessage(java.lang.String,java.lang.Object[]):128, 3.0032974197526734
com.google.javascript.rhino.SimpleErrorReporter#getMessage(java.lang.String,java.lang.Object[]):132, 3.0032974197526734
com.google.javascript.rhino.SimpleErrorReporter#getMessage(java.lang.String,java.lang.Object[]):139, 3.0032974197526734
com.google.javascript.rhino.SimpleErrorReporter#getMessage(java.lang.String,java.lang.Object[]):140, 3.0032974197526734
com.google.javascript.rhino.SimpleErrorReporter#getMessage(java.lang.String,java.lang.Object[]):129, 3.00318
com.google.javascript.rhino.SimpleErrorReporter#getMessage(java.lang.String,java.lang.Object[]):130, 3.00318
com.google.javascript.jscomp.Compiler#init(java.util.List,java.util.List,com.google.javascript.jscomp.CompilerOptions):374, 3.003008163003963
com.google.javascript.jscomp.Compiler#init(java.util.List,java.util.List,com.google.javascript.jscomp.CompilerOptions):375, 3.003008163003963
com.google.javascript.jscomp.Compiler#init(java.util.List,java.util.List,com.google.javascript.jscomp.CompilerOptions):372, 3.0030081419574066
com.google.javascript.jscomp.Compiler#init(java.util.List,java.util.List,com.google.javascript.jscomp.CompilerOptions):373, 3.0030081419574066
com.google.javascript.jscomp.Compiler#init(java.util.List,java.util.List,com.google.javascript.jscomp.CompilerOptions):377, 3.0030081419574066
com.google.javascript.jscomp.Compiler#init(java.util.List,java.util.List,com.google.javascript.jscomp.CompilerOptions):378, 3.0030081419574066
com.google.javascript.rhino.JSDocInfo#getVisibility():996, 2.978426844655639
com.google.javascript.jscomp.parsing.JsDocInfoParser#current():2419, 2.977956863951284
com.google.javascript.jscomp.parsing.JsDocInfoParser#current():2420, 2.977956863951284
com.google.javascript.jscomp.parsing.JsDocInfoParser#current():2421, 2.977956863951284
com.google.javascript.jscomp.parsing.ParserRunner#createConfig(boolean,com.google.javascript.jscomp.parsing.Config.LanguageMode,boolean,java.util.Set):69, 2.91417593472394
com.google.javascript.jscomp.parsing.ParserRunner#createConfig(boolean,com.google.javascript.jscomp.parsing.Config.LanguageMode,boolean,java.util.Set):66, 2.914175686203346
com.google.javascript.jscomp.parsing.ParserRunner#createConfig(boolean,com.google.javascript.jscomp.parsing.Config.LanguageMode,boolean,java.util.Set):68, 2.914175686203346
com.google.javascript.jscomp.parsing.ParserRunner#createConfig(boolean,com.google.javascript.jscomp.parsing.Config.LanguageMode,boolean,java.util.Set):74, 2.914175686203346
com.google.javascript.jscomp.parsing.ParserRunner#createConfig(boolean,com.google.javascript.jscomp.parsing.Config.LanguageMode,boolean,java.util.Set):71, 2.91406
com.google.javascript.jscomp.parsing.ParserRunner#createConfig(boolean,com.google.javascript.jscomp.parsing.Config.LanguageMode,boolean,java.util.Set):72, 2.91406
com.google.javascript.jscomp.parsing.IRFactory#newNode(int,com.google.javascript.rhino.Node):1475, 2.7662588068876564
com.google.javascript.jscomp.parsing.IRFactory.TransformDispatcher#processVariableInitializer(com.google.javascript.rhino.head.ast.VariableInitializer):1218, 2.7247247646465067
com.google.javascript.jscomp.parsing.IRFactory.TransformDispatcher#processVariableInitializer(com.google.javascript.rhino.head.ast.VariableInitializer):1219, 2.7247247646465067
com.google.javascript.jscomp.parsing.IRFactory.TransformDispatcher#processVariableInitializer(com.google.javascript.rhino.head.ast.VariableInitializer):1216, 2.724701613131118
com.google.javascript.jscomp.parsing.IRFactory.TransformDispatcher#processVariableInitializer(com.google.javascript.rhino.head.ast.VariableInitializer):1217, 2.724701613131118
com.google.javascript.jscomp.parsing.IRFactory.TransformDispatcher#processVariableInitializer(com.google.javascript.rhino.head.ast.VariableInitializer):1221, 2.724701613131118
com.google.javascript.jscomp.parsing.IRFactory.TransformDispatcher#processName(com.google.javascript.rhino.head.ast.Name):900, 2.577589865825371
com.google.javascript.jscomp.Scope#getParent():437, 2.2976155068287003
com.google.javascript.jscomp.NodeTraversal#traverse(com.google.javascript.jscomp.AbstractCompiler,com.google.javascript.rhino.Node,com.google.javascript.jscomp.NodeTraversal.Callback):493, 2.2389703248342214
com.google.javascript.jscomp.NodeTraversal#traverse(com.google.javascript.jscomp.AbstractCompiler,com.google.javascript.rhino.Node,com.google.javascript.jscomp.NodeTraversal.Callback):494, 2.2389703248342214
com.google.javascript.jscomp.NodeTraversal#traverse(com.google.javascript.jscomp.AbstractCompiler,com.google.javascript.rhino.Node,com.google.javascript.jscomp.NodeTraversal.Callback):495, 2.2389703248342214
com.google.javascript.jscomp.parsing.IRFactory.TransformDispatcher#processBlock(com.google.javascript.rhino.head.ast.Block):628, 2.135701933469533
com.google.javascript.jscomp.parsing.IRFactory#newNode(int,com.google.javascript.rhino.Node,com.google.javascript.rhino.Node):1479, 2.117171103154524
com.google.javascript.jscomp.parsing.IRFactory.TransformDispatcher#processExpressionStatement(com.google.javascript.rhino.head.ast.ExpressionStatement):708, 2.022046491106407
com.google.javascript.jscomp.parsing.IRFactory.TransformDispatcher#processExpressionStatement(com.google.javascript.rhino.head.ast.ExpressionStatement):709, 2.022046491106407
com.google.javascript.jscomp.parsing.IRFactory.TransformDispatcher#processExpressionStatement(com.google.javascript.rhino.head.ast.ExpressionStatement):710, 2.022046491106407
com.google.javascript.jscomp.JSModule#getInputs():205, 1.94289772319172
com.google.javascript.jscomp.CompilerInput#getInputId():95, 1.8585007275230425
com.google.javascript.jscomp.JsAst#getInputId():67, 1.8464906835565738
com.google.javascript.rhino.Node#getSourceFileName():1100, 1.8230704033041047
com.google.javascript.rhino.Node#getSourceFileName():1101, 1.8230704033041047
com.google.javascript.jscomp.Compiler#getErrors():997, 1.802084863505146
com.google.javascript.jscomp.BasicErrorManager#getErrors():85, 1.8015848537726153
com.google.javascript.rhino.jstype.PrototypeObjectType#getConstructor():281, 1.7125931661597704
com.google.javascript.rhino.jstype.PrototypeObjectType#getPropertyMap():131, 1.707553072844991
com.google.javascript.rhino.jstype.JSTypeRegistry#getNativeFunctionType(com.google.javascript.rhino.jstype.JSTypeNative):947, 1.6365405607055425
com.google.javascript.rhino.jstype.JSTypeRegistry#getNativeObjectType(com.google.javascript.rhino.jstype.JSTypeNative):943, 1.6346605607055427
com.google.javascript.jscomp.BasicErrorManager#getErrorCount():75, 1.5910702378251464
com.google.javascript.jscomp.NodeTraversal#traverseBranch(com.google.javascript.rhino.Node,com.google.javascript.rhino.Node):524, 1.5865952046501137
com.google.javascript.jscomp.NodeTraversal#traverseBranch(com.google.javascript.rhino.Node,com.google.javascript.rhino.Node):528, 1.5865628266070904
com.google.javascript.jscomp.NodeTraversal#traverseBranch(com.google.javascript.rhino.Node,com.google.javascript.rhino.Node):518, 1.5865504819277108
com.google.javascript.jscomp.NodeTraversal#traverseBranch(com.google.javascript.rhino.Node,com.google.javascript.rhino.Node):519, 1.5865504819277108
com.google.javascript.jscomp.NodeTraversal#traverseBranch(com.google.javascript.rhino.Node,com.google.javascript.rhino.Node):533, 1.5865503771304212
com.google.javascript.jscomp.NodeTraversal#traverseBranch(com.google.javascript.rhino.Node,com.google.javascript.rhino.Node):534, 1.5865503771304212
com.google.javascript.jscomp.NodeTraversal#traverseBranch(com.google.javascript.rhino.Node,com.google.javascript.rhino.Node):535, 1.5865503771304212
com.google.javascript.jscomp.NodeTraversal#traverseBranch(com.google.javascript.rhino.Node,com.google.javascript.rhino.Node):536, 1.5865503771304212
com.google.javascript.jscomp.NodeTraversal#traverseBranch(com.google.javascript.rhino.Node,com.google.javascript.rhino.Node):527, 1.5865503422587142
com.google.javascript.jscomp.NodeTraversal#traverseBranch(com.google.javascript.rhino.Node,com.google.javascript.rhino.Node):530, 1.5865503422587142
com.google.javascript.jscomp.NodeTraversal#traverseBranch(com.google.javascript.rhino.Node,com.google.javascript.rhino.Node):539, 1.5865503422587142
com.google.javascript.jscomp.NodeTraversal#traverseBranch(com.google.javascript.rhino.Node,com.google.javascript.rhino.Node):540, 1.5865503422587142
com.google.javascript.jscomp.NodeTraversal#traverseBranch(com.google.javascript.rhino.Node,com.google.javascript.rhino.Node):541, 1.5865503422587142
com.google.javascript.jscomp.NodeTraversal#traverseBranch(com.google.javascript.rhino.Node,com.google.javascript.rhino.Node):516, 1.5865503248342214
com.google.javascript.jscomp.NodeTraversal#traverseBranch(com.google.javascript.rhino.Node,com.google.javascript.rhino.Node):517, 1.5865503248342214
com.google.javascript.jscomp.NodeTraversal#traverseBranch(com.google.javascript.rhino.Node,com.google.javascript.rhino.Node):522, 1.5865503248342214
com.google.javascript.jscomp.NodeTraversal#traverseBranch(com.google.javascript.rhino.Node,com.google.javascript.rhino.Node):523, 1.5865503248342214
com.google.javascript.rhino.jstype.NullType#toStringHelper(boolean):104, 1.5865505607055426
com.google.javascript.rhino.jstype.NullType#getDisplayName():109, 1.5865505607055426
com.google.javascript.rhino.jstype.Property#getType():114, 1.5865505607055426
com.google.javascript.rhino.jstype.JSType#getNativeType(com.google.javascript.rhino.jstype.JSTypeNative):123, 1.5865505607055426
com.google.javascript.rhino.jstype.JSType#isUnionType():266, 1.5865505607055426
com.google.javascript.rhino.jstype.JSType#toMaybeUnionType():325, 1.5865505607055426
com.google.javascript.rhino.jstype.JSType#toMaybeFunctionType():351, 1.5865505607055426
com.google.javascript.rhino.jstype.JSType#toMaybeRecordType():396, 1.5865505607055426
com.google.javascript.rhino.jstype.JSType#toMaybeTemplatizedType():408, 1.5865505607055426
com.google.javascript.rhino.jstype.JSType#getTemplateTypeMap():457, 1.5865505607055426
com.google.javascript.rhino.jstype.JSType#isNominalType():489, 1.5865505607055426
com.google.javascript.rhino.jstype.JSType#toObjectType():773, 1.5865505607055426
com.google.javascript.rhino.jstype.UnknownType#visit(com.google.javascript.rhino.jstype.Visitor):108, 1.5865505607055426
com.google.javascript.rhino.jstype.InstanceObjectType#getReferenceName():67, 1.5865505607055426
com.google.javascript.rhino.jstype.InstanceObjectType#getConstructor():82, 1.5865505607055426
com.google.javascript.rhino.jstype.InstanceObjectType#getCtorExtendedInterfaces():176, 1.5865505607055426
com.google.javascript.rhino.jstype.VoidType#toStringHelper(boolean):96, 1.5865505607055426
com.google.javascript.rhino.jstype.VoidType#getDisplayName():101, 1.5865505607055426
com.google.javascript.rhino.jstype.JSTypeRegistry#getNativeType(com.google.javascript.rhino.jstype.JSTypeNative):939, 1.5865505607055426
com.google.javascript.rhino.jstype.JSTypeRegistry#createArrowType(com.google.javascript.rhino.Node,com.google.javascript.rhino.jstype.JSType):1114, 1.5865505607055426
com.google.javascript.rhino.jstype.JSTypeRegistry#createArrowType(com.google.javascript.rhino.Node):1124, 1.5865505607055426
com.google.javascript.rhino.jstype.TemplateTypeMap#getTemplateKeys():104, 1.5865505607055426
com.google.javascript.rhino.jstype.BooleanType#toStringHelper(boolean):103, 1.5865505607055426
com.google.javascript.rhino.jstype.BooleanType#getDisplayName():108, 1.5865505607055426
com.google.javascript.rhino.jstype.FunctionType#getInternalArrowType():333, 1.5865505607055426
com.google.javascript.rhino.jstype.FunctionType#getExtendedInterfaces():572, 1.5865505607055426
com.google.javascript.rhino.jstype.UnionTypeBuilder#getAlternateListCopy():327, 1.5865505607055426
com.google.javascript.rhino.jstype.StringType#toStringHelper(boolean):92, 1.5865505607055426
com.google.javascript.rhino.jstype.StringType#getDisplayName():97, 1.5865505607055426
com.google.javascript.rhino.jstype.ModificationVisitor#caseUnknownType():176, 1.5865505607055426
com.google.javascript.rhino.jstype.ModificationVisitor#getNativeType(com.google.javascript.rhino.jstype.JSTypeNative):228, 1.5865505607055426
com.google.javascript.rhino.jstype.PrototypeObjectType#getImplicitPrototype():286, 1.5865505607055426
com.google.javascript.rhino.jstype.NumberType#toStringHelper(boolean):97, 1.5865505607055426
com.google.javascript.rhino.jstype.NumberType#getDisplayName():102, 1.5865505607055426
com.google.javascript.jscomp.SourceFile#getName():175, 1.5613498486069806
com.google.javascript.jscomp.Compiler#getDefaultErrorReporter():1616, 1.5608204819277107
com.google.javascript.jscomp.SourceFile#getCode():132, 1.5544703858530857
com.google.javascript.jscomp.parsing.IRFactory#newStringNode(int,java.lang.String):1491, 1.5499897969962957
com.google.javascript.jscomp.CompilerOptions#getLanguageIn():1519, 1.547749651127321
com.google.javascript.jscomp.RhinoErrorReporter#forNewRhino(com.google.javascript.jscomp.AbstractCompiler):115, 1.546069488726173
com.google.javascript.jscomp.SourceFile#setCode(java.lang.String):148, 1.5439496168825786
com.google.javascript.jscomp.SourceFile#setCode(java.lang.String):149, 1.5439496168825786
com.google.javascript.jscomp.DiagnosticType#equals(java.lang.Object):113, 1.5259896254410075
com.google.javascript.jscomp.CodingConventions.DefaultCodingConvention#getIndirectlyDeclaredProperties():467, 1.52270937798985
com.google.javascript.jscomp.CodingConventions#getDefault():42, 1.5200293269845113
com.google.javascript.jscomp.CompilerOptions#getWarningsGuard():1156, 1.5112296511273209
com.google.javascript.jscomp.DiagnosticGroup#getTypes():129, 1.5112296511273209
com.google.javascript.jscomp.DiagnosticGroups#getRegisteredGroups():64, 1.5112296511273209
com.google.javascript.jscomp.Compiler#getDiagnosticGroups():2125, 1.5109696340012737
com.google.javascript.rhino.Node.StringNode#getString():212, 1.505519140522741
com.google.javascript.rhino.Node.ObjectPropListItem#getObjectValue():310, 1.49967671384805
com.google.javascript.jscomp.parsing.IRFactory#justTransform(com.google.javascript.rhino.head.ast.AstNode):516, 1.4882992675608322
com.google.javascript.jscomp.parsing.IRFactory#newNode(int):1471, 1.4882992675608322
com.google.javascript.rhino.Node.AbstractPropListItem#getType():279, 1.451495163359926
com.google.javascript.rhino.Node#lookupProperty(int):762, 1.451229642563378
com.google.javascript.rhino.Node#lookupProperty(int):760, 1.4512251480893088
com.google.javascript.rhino.Node#lookupProperty(int):761, 1.4512251480893088
com.google.javascript.rhino.Node#lookupProperty(int):764, 1.4512251480893088
com.google.javascript.rhino.Node.AbstractPropListItem#getNext():284, 1.2440454315830543
